"Term","Overlap","P.value","Adjusted.P.value","Old.P.value","Old.Adjusted.P.value","Odds.Ratio","Combined.Score","Genes"
"CPC008 HEPG2 6H-ncgc00242267-03-10.0","4/43",3.08817056952087e-06,0.0255546114627852,0,0,47.4991055456172,602.665406550352,"ATP8A1;ABCA6;CD80;CCL5"
"CPC006 THP1 6H-BRD-K71726959-122.55","4/68",1.95220202251043e-05,0.0491910085327784,0,0,28.9084302325581,313.482077547735,"PPFIBP2;ABCA6;CD80;CCL5"
"CPC016 ASC 24H-gr 55562 dihydrochloride-10.0","4/70",2.19039566984378e-05,0.0491910085327784,0,0,28.0295983086681,300.725167071029,"BLK;CCL5;IFNA2;HLA-DOA"
"CPC005 PC3 6H-mk 212-10.0","3/24",2.37781310128234e-05,0.0491910085327784,0,0,64.7142857142857,688.996450273343,"EDNRB;IFNA2;AIF1"
"CPD003 PC3 6H-wortmannin-10.0","4/79",3.53430973764636e-05,0.0584928261580473,0,0,24.6548837209302,252.722603768261,"BLK;EDNRB;ABCA6;CCL5"
"CPC006 HCC515 6H-rg 108-80.0","3/37",8.93484002527754e-05,0.120482496052177,0,0,39.9445187165775,372.401438645163,"CD80;CCL5;IFNA2"
"CPC008 MCF7 24H-ncgc00180994-01-10.0","4/104",0.000103617299190407,0.120482496052177,0,0,18.4679069767442,169.439468566593,"PPFIBP2;ATP8A1;ABCA6;CCL5"
"LJP006 HA1E 24H-PHA-793887-10","5/205",0.000116478546032316,0.120482496052177,0,0,11.7577380952381,106.499280755508,"CCL5;LST1;RNASE6;CYBB;AIF1"
"CPC013 VCAP 24H-BRD-K22096725-10.0","3/43",0.000140515837275084,0.129196505939036,0,0,33.9426136363636,301.077444091392,"BLK;ABCA6;CCL5"
"CPC006 NCIH2073 6H-ku-0063794-10.0","3/49",0.000207715825541611,0.134287509350502,0,0,29.5064229249012,250.194981416454,"BLK;PPFIBP2;HLA-DOA"
"CPC020 A549 6H-digoxin-10.0","4/126",0.000217198964038209,0.134287509350502,0,0,15.1208539839878,127.539817797763,"ATP8A1;CCL5;LST1;IFNA2"
"CPC007 PC3 24H-ncgc00183412-01-10.0","3/50",0.000220610924849157,0.134287509350502,0,0,28.8771760154739,243.120119314209,"CHL1;ABCA6;CCL5"
"CPC006 NCIH596 6H-curcubitacin i-10.0","4/131",0.000252081766094478,0.134287509350502,0,0,14.5218824391137,120.324789863817,"ABCA6;LST1;IFNA2;LTA"
"LJP006 MCF10A 24H-PHA-793887-10","4/136",0.000290826220712306,0.134287509350502,0,0,13.9682875264271,113.74075724103,"LST1;CYBB;PHACTR1;AIF1"
"CPD003 MCF7 24H-sertaconazole nitrate-10.0","3/55",0.000292872862736953,0.134287509350502,0,0,26.0939685314685,212.294577469244,"PPFIBP2;ATP8A1;ABCA6"
"CPC006 LOVO 6H-piplartine-10.0","4/139",0.000316027236170743,0.134287509350502,0,0,13.6558139534884,110.061520069498,"PPFIBP2;ABCA6;IFNA2;PHACTR1"
"CPC014 HEPG2 6H-s1042-10.0","3/57",0.00032556939133973,0.134287509350502,0,0,25.125,201.752115246817,"ATP8A1;CYBB;CCR6"
"CPC006 SKLU1 6H-BRD-A36630025-0.35","4/141",0.000333674832923318,0.134287509350502,0,0,13.4551010015278,107.712706600067,"CD80;LST1;IFNA2;LTA"
"CPC002 VCAP 24H-niguldipine-10.0","3/58",0.000342763473493223,0.134287509350502,0,0,24.6669421487603,196.804456206865,"EDNRB;ABCA6;CCL5"
"CPC013 HCC515 6H-s1216-10.0","3/58",0.000342763473493223,0.134287509350502,0,0,24.6669421487603,196.804456206865,"PPFIBP2;ATP8A1;CHL1"
"CPC006 MDST8 6H-calpeptin-10.0","3/59",0.000360532343993443,0.134287509350502,0,0,24.2252435064935,192.056007752153,"PPFIBP2;CCL5;CYBB"
"CPC019 HA1E 6H-BRD-K99380810-10.0","3/60",0.000378884106593693,0.134287509350502,0,0,23.799043062201,187.495529426404,"PPFIBP2;ABCA6;IFNA2"
"CPC009 A549 6H-BRD-A11087911-10.0","3/61",0.000397826802762264,0.134287509350502,0,0,23.387539184953,183.11259342782,"PPFIBP2;ABCA6;CD80"
"CPC004 VCAP 24H-fipronil-10.0","2/13",0.00041469873275133,0.134287509350502,0,0,80.5737373737374,627.504902434095,"BLK;HLA-DOA"
"CPC009 VCAP 24H-wortmannin-10.0","2/13",0.00041469873275133,0.134287509350502,0,0,80.5737373737374,627.504902434095,"ATP8A1;IFNA2"
"LJP006 HA1E 24H-AZD-5438-3.33","4/150",0.000421930542974387,0.134287509350502,0,0,12.6199426568971,98.0654078821741,"LST1;RNASE6;PHACTR1;AIF1"
"CPC014 HA1E 6H-hy-10044-10.0","3/64",0.000458279976310986,0.13784755435396,0,0,22.2339791356185,170.935504364383,"EDNRB;PPFIBP2;CCL5"
"CPC015 MCF7 6H-bibx 1382 dihydrochloride-10.0","2/14",0.000483091127041069,0.13784755435396,0,0,73.8555555555556,563.90971131764,"ATP8A1;CCL5"
"CPC015 MCF7 6H-prothionamide-10.0","2/14",0.000483091127041069,0.13784755435396,0,0,73.8555555555556,563.90971131764,"ATP8A1;CCL5"
"LJP008 MCF7 24H-LY2603618-3.33","3/67",0.000524335108392742,0.139963645869353,0,0,21.1885653409091,160.045276313934,"CCL5;CYBB;PLA1A"
"CPC009 HA1E 6H-BRD-K96147838-10.0","3/67",0.000524335108392742,0.139963645869353,0,0,21.1885653409091,160.045276313934,"ABCA6;CCL5;IFNA2"
"CPC009 MCF7 6H-penicillin v-10.0","3/68",0.000547634313910708,0.141614810862847,0,0,20.8615384615385,156.668126191167,"BLK;PPFIBP2;IFNA2"
"LJP007 HEPG2 24H-NVP-TAE226-1.11","3/69",0.000571586570405661,0.14332966273051,0,0,20.5444214876033,153.407138892502,"EDNRB;CYBB;PLA1A"
"CPC007 A549 24H-BRD-K53833301-10.0","3/71",0.000621480145347529,0.151257300080906,0,0,19.9381684491979,147.211604397444,"ABCA6;CD80;LTB"
"CPC014 SKB 24H-BRD-K64857848-10.0","3/72",0.000647436269275984,0.153072432235965,0,0,19.6482213438735,144.266872567825,"ABCA6;IFNA2;ARHGAP6"
"CPC008 VCAP 6H-cvf-csc-7 brd-a32595718-10.0","2/17",0.000718746300377044,0.155415360603194,0,0,59.0755555555556,427.588995947653,"CD80;AIF1"
"LJP009 HA1E 24H-JNK-IN-5A-10","3/75",0.000729429578808798,0.155415360603194,0,0,18.8267045454545,135.989950836791,"CHL1;CCL5;LTB"
"CPC013 A549 24H-s1107-10.0","3/75",0.000729429578808798,0.155415360603194,0,0,18.8267045454545,135.989950836791,"ABCA6;CCL5;IFNA2"
"CPC006 HCT116 6H-4-demethoxydaunorubicin hydrochloride (65)-0.08","3/77",0.000787601054103438,0.155415360603194,0,0,18.3160319410319,130.895867941871,"BLK;CCL5;LST1"
"CPC014 SKB 24H-a8674-10.0","2/18",0.000807379954972784,0.155415360603194,0,0,55.3805555555556,394.404598363072,"ATP8A1;CCL5"
"CPC008 VCAP 6H-thiophene-2-carboxylic acid benzothiazol-2-ylamide mls-0446110.0001-10.0","2/18",0.000807379954972784,0.155415360603194,0,0,55.3805555555556,394.404598363072,"BLK;ATP8A1"
"CPC006 WSUDLCL2 6H-tgx-115-160.0","3/78",0.000817760813322635,0.155415360603194,0,0,18.0709090909091,128.4650205508,"BLK;HLA-DOA;AIF1"
"LJP006 HA1E 24H-AZD-7762-10","4/179",0.000819549735163189,0.155415360603194,0,0,10.5132225913621,74.7149021792857,"IL7;CCL5;RNASE6;AIF1"
"LJP006 HCC515 24H-JNK-9L-3.33","4/181",0.00085418873936009,0.155415360603194,0,0,10.3933780055183,73.4329404118837,"CCL5;RNASE6;PHACTR1;AIF1"
"CPC006 NCIH2073 6H-mln2238-10.0","3/80",0.000880263200024193,0.155415360603194,0,0,17.5997638724911,123.819435809818,"EDNRB;PPFIBP2;IFNA2"
"CPC006 VCAP 24H-sirolimus-10.0","2/19",0.000901016066486868,0.155415360603194,0,0,52.1202614379085,365.466620066731,"PPFIBP2;CD80"
"CPC018 A549 24H-diflorasone diacetate-10.0","3/82",0.000945721844290702,0.155415360603194,0,0,17.1524741081703,119.442318032009,"BLK;PPFIBP2;ATP8A1"
"LJP006 HCC515 24H-BMS-387032-10","4/187",0.000964305475120232,0.155415360603194,0,0,10.0495615707205,69.7851849301643,"CCL5;CYBB;CLIC2;AIF1"
"CPC018 A549 24H-triamcinolone-10.0","3/83",0.000979576712876711,0.155415360603194,0,0,16.9372159090909,117.347637421178,"PPFIBP2;ATP8A1;LST1"
"CPC006 HEC108 6H-BRD-A36630025-0.35","3/83",0.000979576712876711,0.155415360603194,0,0,16.9372159090909,117.347637421178,"CD80;CCL5;LST1"
"CPC013 ASC 24H-s1040-10.0","2/20",0.000999631645055733,0.155415360603194,0,0,49.2222222222222,340.033199987899,"ABCA6;IFNA2"
"CPC013 PC3 24H-BRD-K41931739-10.0","2/20",0.000999631645055733,0.155415360603194,0,0,49.2222222222222,340.033199987899,"BLK;IFNA2"
"CPC006 VCAP 24H-dorsomorphin dihydrochloride-10.0","3/84",0.00101419087281843,0.155415360603194,0,0,16.7272727272727,115.312200394752,"ATP8A1;LST1;IFNA2"
"CPC008 HEPG2 6H-ncgc00238548-02-10.0","3/84",0.00101419087281843,0.155415360603194,0,0,16.7272727272727,115.312200394752,"ATP8A1;ABCA6;CCL5"
"CPC007 A549 24H-ncgc00183412-01-10.0","3/86",0.00108572351340004,0.160435037024738,0,0,16.3225629791895,111.409795320372,"PPFIBP2;ABCA6;CD80"
"LJP006 HS578T 3H-BMS-345541-3.33","3/86",0.00108572351340004,0.160435037024738,0,0,16.3225629791895,111.409795320372,"LST1;CYBB;AIF1"
"CPC006 SKM1 6H-BRD-K73261812-10.0","3/87",0.00112265507798209,0.162981943338628,0,0,16.1274350649351,109.538487154004,"PPFIBP2;ABCA6;IFNA2"
"CPD001 MCF7 6H-camptothecine (s,+)-10.0","3/89",0.00119888099162149,0.16525816907824,0,0,15.7507928118393,105.945607704677,"EDNRB;PPFIBP2;CYBB"
"LJP005 SKBR3 3H-CGP-60474-0.12","3/89",0.00119888099162149,0.16525816907824,0,0,15.7507928118393,105.945607704677,"EDNRB;CCL5;LTB"
"CPC012 PC3 6H-BRD-K16290432-10.0","2/22",0.00121170962468518,0.16525816907824,0,0,44.2955555555556,297.476681403141,"BLK;IFNA2"
"LJP006 HA1E 24H-A443654-1.11","4/200",0.00123659313980928,0.16525816907824,0,0,9.37683910773612,62.7816430699979,"CCL5;LST1;RNASE6;AIF1"
"CPC006 PL21 6H-BRD-K89692698-160.0","3/90",0.00123818809460434,0.16525816907824,0,0,15.5689655172414,104.220308316439,"PPFIBP2;IFNA2;CYBB"
"LJP006 HA1E 24H-alvocidib-0.37","4/204",0.00133019458475405,0.174720002997457,0,0,9.18744186046512,60.8431909961951,"CCL5;CYBB;LTB;CLIC2"
"CPC002 VCAP 6H-duremesin-10.0","2/24",0.00144343149625669,0.18005046387378,0,0,40.2646464646465,263.360262271824,"ABCA6;IFNA2"
"CPD001 MCF7 6H-telenzepine dihydrochloride-10.0","2/24",0.00144343149625669,0.18005046387378,0,0,40.2646464646465,263.360262271824,"BFSP2;CD80"
"CPC014 HA1E 6H-BRD-K40175214-10.0","3/95",0.00144691526206043,0.18005046387378,0,0,14.7191205533597,96.2383408173522,"CCL5;TNFSF11;CCR6"
"LJP008 HCC515 24H-CGP-60474-0.12","3/96",0.00149114196220175,0.18005046387378,0,0,14.5601173020528,94.7603452161696,"CCL5;LST1;AIF1"
"LJP006 HCC515 24H-A443654-3.33","4/211",0.001505757717158,0.18005046387378,0,0,8.87360970677452,57.6647892246544,"CCL5;LST1;CYBB;AIF1"
"CPC018 A549 24H-cgp 53353-10.0","3/97",0.00153620981466233,0.18005046387378,0,0,14.404497098646,93.31862776968,"ABCA6;CD80;CCL5"
"CPC006 AGS 6H-akti-1/2-9.1","3/97",0.00153620981466233,0.18005046387378,0,0,14.404497098646,93.31862776968,"PPFIBP2;ATP8A1;CYBB"
"CPC017 HEPG2 6H-purmorphamine-10.0","2/25",0.00156660222343349,0.18005046387378,0,0,38.512077294686,248.74358384853,"CD80;AIF1"
"CPC009 VCAP 6H-BRD-K55216615-10.0","2/25",0.00156660222343349,0.18005046387378,0,0,38.512077294686,248.74358384853,"BLK;CCL5"
"CPC018 A549 6H-cycloheximide-10.0","3/99",0.00162889260956584,0.184390649183951,0,0,14.1029829545455,90.539103882392,"PPFIBP2;ABCA6;IFNA2"
"CPC006 NOMO1 6H-BRD-A36630025-0.35","3/100",0.00167651923807447,0.184390649183951,0,0,13.9568884723524,89.1989699333675,"PPFIBP2;CHL1;CYBB"
"LJP005 SKBR3 24H-dasatinib-0.12","2/26",0.00169461607256578,0.184390649183951,0,0,36.9055555555556,235.468481776653,"CHL1;LTB"
"CPC008 A549 6H-ncgc00180994-01-10.0","3/103",0.00182460907372636,0.184390649183951,0,0,13.5361363636364,85.3641485194169,"PPFIBP2;ABCA6;CD80"
"CPC009 MCF7 6H-BRD-K97534490-10.0","3/103",0.00182460907372636,0.184390649183951,0,0,13.5361363636364,85.3641485194169,"BLK;ABCA6;CCL5"
"CPD001 MCF7 6H-benoxinate hydrochloride-10.0","2/27",0.00182745058338782,0.184390649183951,0,0,35.4275555555556,223.364835804219,"ABCA6;CCL5"
"CPC006 RMGI 6H-BRD-A36630025-0.35","3/104",0.00187572787559525,0.184390649183951,0,0,13.4014401440144,84.1444061437359,"PPFIBP2;CD80;AIF1"
"CPC006 SNGM 6H-nifedipine-10.0","3/104",0.00187572787559525,0.184390649183951,0,0,13.4014401440144,84.1444061437359,"PPFIBP2;ATP8A1;CCL5"
"CPC006 VCAP 6H-valdecoxib-177.6","3/104",0.00187572787559525,0.184390649183951,0,0,13.4014401440144,84.1444061437359,"PPFIBP2;CHL1;ABCA6"
"LJP006 HCC515 24H-CGP-60474-0.37","4/225",0.00190432318268388,0.184390649183951,0,0,8.30558770914448,52.0231168660706,"CCL5;CYBB;PHACTR1;AIF1"
"LJP006 MCF10A 24H-alvocidib-0.04","3/106",0.00198063219991336,0.184390649183951,0,0,13.139894086496,81.7871577459484,"LST1;CYBB;AIF1"
"CPC017 HEPG2 6H-lylamine hydrochloride-10.0","3/107",0.00203442868998747,0.184390649183951,0,0,13.0128933566434,80.6479302364562,"ABCA6;IFNA2;CCR6"
"LJP008 HCC515 24H-AZ20-3.33","3/108",0.00208912862699605,0.184390649183951,0,0,12.8883116883117,79.53387743268,"EDNRB;CCL5;ARHGAP6"
"CPC001 PC3 6H-l-732,138-10.0","2/29",0.0021074921232292,0.184390649183951,0,0,32.8,202.122016663361,"PPFIBP2;AIF1"
"CPC004 VCAP 24H-paroxetine hydrochloride-10.0","2/29",0.0021074921232292,0.184390649183951,0,0,32.8,202.122016663361,"PPFIBP2;ABCA6"
"CPC018 HT29 6H-triciribine-10.0","2/29",0.0021074921232292,0.184390649183951,0,0,32.8,202.122016663361,"ABCA6;CCL5"
"CPC007 MCF7 24H-jas07 003-10.0","2/29",0.0021074921232292,0.184390649183951,0,0,32.8,202.122016663361,"PPFIBP2;ABCA6"
"CPC014 A375 6H-s1266-10.0","2/29",0.0021074921232292,0.184390649183951,0,0,32.8,202.122016663361,"EDNRB;IFNA2"
"CPC006 HCT116 6H-tyrphostin ag 1478-56.78","3/109",0.00214473736878358,0.184390649183951,0,0,12.7660806174957,78.4442228885672,"PPFIBP2;ATP8A1;CCL5"
"CPC009 MCF7 24H-daunorubicin hydrochloride-10.0","3/109",0.00214473736878358,0.184390649183951,0,0,12.7660806174957,78.4442228885672,"PPFIBP2;LST1;CYBB"
"CPC006 PL21 6H-dg-041-40.0","3/110",0.00220126022465329,0.184390649183951,0,0,12.6461342395922,77.3782209275815,"PPFIBP2;IFNA2;HLA-DOA"
"CPC005 PC3 6H-tetrindole mesylate-10.0","2/30",0.00225465460505041,0.184390649183951,0,0,31.6269841269841,192.758829902464,"BLK;ABCA6"
"CPC019 VCAP 24H-BRD-K68038686-10.0","2/30",0.00225465460505041,0.184390649183951,0,0,31.6269841269841,192.758829902464,"PPFIBP2;ABCA6"
"LJP009 HCC515 24H-sirolimus-10","2/30",0.00225465460505041,0.184390649183951,0,0,31.6269841269841,192.758829902464,"ATP8A1;PLA1A"
"CPC010 HCC515 6H-BRD-K66555411-10.0","2/30",0.00225465460505041,0.184390649183951,0,0,31.6269841269841,192.758829902464,"CD80;AIF1"
"CPC006 RKO 6H-verapamil hydrochloride-10.0","3/111",0.00225870245346752,0.184390649183951,0,0,12.5284090909091,76.3351551675837,"PPFIBP2;CD80;AIF1"
"CPC006 SNUC4 6H-tl hras26 brd-k01877528-10.0","3/111",0.00225870245346752,0.184390649183951,0,0,12.5284090909091,76.3351551675837,"PPFIBP2;CD80;CCL5"
"LJP006 HME1 24H-sorafenib-10","3/111",0.00225870245346752,0.184390649183951,0,0,12.5284090909091,76.3351551675837,"CYBB;CLIC2;AIF1"
"CPC017 NPC 24H-l-701,252-10.0","3/112",0.00231706926513542,0.184390649183951,0,0,12.4128440366972,75.3143371097303,"CCL5;IFNA2;AIF1"
"LJP005 A375 24H-WZ-3105-0.37","3/112",0.00231706926513542,0.184390649183951,0,0,12.4128440366972,75.3143371097303,"CCL5;CYBB;LTB"
"CPC019 A375 6H-BRD-K82524003-10.0","1/1",0.00234995893923815,0.184390649183951,0,0,Inf,Inf,"IFNA2"
"CPC016 A549 6H-camptothecin-10.0","3/113",0.00237636582056925,0.184390649183951,0,0,12.2993801652893,74.3151048159937,"PPFIBP2;ABCA6;IFNA2"
"CPC006 VCAP 6H-elesclomol-10.0","3/113",0.00237636582056925,0.184390649183951,0,0,12.2993801652893,74.3151048159937,"BLK;BFSP2;IFNA2"
"CPC006 WSUDLCL2 6H-menadione-10.0","3/113",0.00237636582056925,0.184390649183951,0,0,12.2993801652893,74.3151048159937,"ABCA6;CD80;CCL5"
"LJP006 MDAMB231 3H-mitoxantrone-10","2/31",0.00240654865400202,0.184390649183951,0,0,30.5348659003831,184.111856472173,"RNASE6;AIF1"
"LJP006 SKBR3 3H-JNK-9L-1.11","2/31",0.00240654865400202,0.184390649183951,0,0,30.5348659003831,184.111856472173,"CHL1;LTB"
"CPC006 LOVO 6H-tyrphostin ag 1478-56.78","3/114",0.00243659723207571,0.184980202710335,0,0,12.1879606879607,73.3368216582501,"EDNRB;PPFIBP2;IFNA2"
"CPC019 A549 6H-trichostatin a-10.0","3/115",0.00249776856271141,0.186053371093617,0,0,12.0785308441558,72.378875141844,"BFSP2;LST1;DNASE1L3"
"CPC017 ASC 24H-homoharringtonine-10.0","4/244",0.00255497814672434,0.186053371093617,0,0,7.6406976744186,45.6127616040478,"ABCA6;CCL5;IFNA2;ARHGAP6"
"CPC006 NCIH1694 6H-emetine dihydrochloride hydrate (74)-0.63","3/116",0.00255988482834019,0.186053371093617,0,0,11.9710378117458,71.4406757805574,"PPFIBP2;ATP8A1;IFNA2"
"CPC017 HEPG2 6H-ag 538-10.0","2/32",0.00256315218183352,0.186053371093617,0,0,29.5155555555556,176.105077472795,"CD80;IFNA2"
"LJP005 MCF7 24H-enzastaurin-10","2/32",0.00256315218183352,0.186053371093617,0,0,29.5155555555556,176.105077472795,"EDNRB;ATP8A1"
"CPC012 A375 6H-BRD-K32896438-10.0","3/117",0.0026229509950412,0.186320390601527,0,0,11.8654306220096,70.5216560551509,"EDNRB;CD80;HLA-DOA"
"LJP006 SKBR3 24H-A443654-1.11","3/117",0.0026229509950412,0.186320390601527,0,0,11.8654306220096,70.5216560551509,"CCL5;LST1;AIF1"
"CPC014 HEPG2 6H-v4877-10.0","3/118",0.00268697198269835,0.186320390601527,0,0,11.7616600790514,69.6212693992506,"ABCA6;CCL5;IFNA2"
"CPC002 HA1E 6H-mefenamic acid-10.0","2/33",0.00272444317375043,0.186320390601527,0,0,28.5620071684588,168.672682320568,"CCL5;HLA-DOA"
"CPC015 A375 6H-rhamnetin-10.0","2/33",0.00272444317375043,0.186320390601527,0,0,28.5620071684588,168.672682320568,"PPFIBP2;IFNA2"
"CPC004 PC3 6H-mitomycin c-10.0","2/33",0.00272444317375043,0.186320390601527,0,0,28.5620071684588,168.672682320568,"BFSP2;IFNA2"
"CPC018 SKB 24H-pimozide-10.0","2/33",0.00272444317375043,0.186320390601527,0,0,28.5620071684588,168.672682320568,"ABCA6;CCL5"
"LJP006 LNCAP 24H-AZD-5438-3.33","3/120",0.00281789785878332,0.186859823700176,0,0,11.5594405594406,67.8743082335528,"LST1;LTB;AIF1"
"CPC014 A549 24H-ei-263-10.0","3/121",0.00288481234805079,0.186859823700176,0,0,11.4609013867488,67.0267371481122,"PPFIBP2;ATP8A1;ABCA6"
"CPC014 SKB 24H-BRD-K22631935-10.0","2/34",0.00289039968986374,0.186859823700176,0,0,27.6680555555556,161.75742670867,"ATP8A1;CCL5"
"CPC018 SKB 24H-sib 1893-10.0","2/34",0.00289039968986374,0.186859823700176,0,0,27.6680555555556,161.75742670867,"ABCA6;CCL5"
"CPD003 PC3 6H-methazolamide-10.0","2/34",0.00289039968986374,0.186859823700176,0,0,27.6680555555556,161.75742670867,"ABCA6;CCL5"
"LJP006 HEPG2 24H-AS-605240-0.04","2/34",0.00289039968986374,0.186859823700176,0,0,27.6680555555556,161.75742670867,"ATP8A1;CCL5"
"CPC014 A375 6H-r3904-10.0","2/34",0.00289039968986374,0.186859823700176,0,0,27.6680555555556,161.75742670867,"PPFIBP2;CD80"
"CPC002 VCAP 6H-procaterol hydrochloride-10.0","2/35",0.00306099986208936,0.191032905745329,0,0,26.8282828282828,155.309295876544,"ABCA6;IFNA2"
"CPC004 VCAP 6H-dephostatin-10.0","2/35",0.00306099986208936,0.191032905745329,0,0,26.8282828282828,155.309295876544,"CD80;IFNA2"
"LJP005 SKBR3 3H-foretinib-10","2/35",0.00306099986208936,0.191032905745329,0,0,26.8282828282828,155.309295876544,"EDNRB;RGS13"
"CPC012 VCAP 6H-BRD-K56196992-10.0","2/35",0.00306099986208936,0.191032905745329,0,0,26.8282828282828,155.309295876544,"EDNRB;CCL5"
"CPC006 AGS 6H-BRD-K35716340-12.0","3/124",0.00309141864179664,0.191032905745329,0,0,11.1750563486101,64.5820495998081,"PPFIBP2;ATP8A1;IFNA2"
"CPC006 AGS 6H-geldanamycin-10.0","3/125",0.0031622571369852,0.191032905745329,0,0,11.0828986587183,63.7983650250711,"PPFIBP2;CD80;AIF1"
"LJP006 PC3 24H-BMS-387032-1.11","3/126",0.00323408810993691,0.191032905745329,0,0,10.9922394678492,63.029592050961,"LST1;CLIC2;AIF1"
"CPC014 HCC515 6H-m9948-10.0","2/36",0.00323622189594336,0.191032905745329,0,0,26.037908496732,149.284409118928,"LST1;IFNA2"
"CPC017 HEPG2 6H-arecaidine propargyl ester tosylate-10.0","2/36",0.00323622189594336,0.191032905745329,0,0,26.037908496732,149.284409118928,"BFSP2;CCL5"
"LJP006 SKBR3 24H-THZ-2-98-01-3.33","2/36",0.00323622189594336,0.191032905745329,0,0,26.037908496732,149.284409118928,"LST1;LTB"
"LJP007 PC3 24H-dasatinib-1.11","2/36",0.00323622189594336,0.191032905745329,0,0,26.037908496732,149.284409118928,"PPFIBP2;ATP8A1"
"CPC004 VCAP 6H-amiodarone hydrochloride-10.0","2/37",0.00341604407139985,0.191032905745329,0,0,25.2926984126984,143.644116471327,"ABCA6;CCL5"
"CPC006 A549 24H-vorinostat-11.1","2/37",0.00341604407139985,0.191032905745329,0,0,25.2926984126984,143.644116471327,"LST1;DNASE1L3"
"LJP005 MDAMB231 3H-AS-601245-1.11","2/37",0.00341604407139985,0.191032905745329,0,0,25.2926984126984,143.644116471327,"CCL5;LTB"
"CPC013 HCC515 6H-st4028268-10.0","2/37",0.00341604407139985,0.191032905745329,0,0,25.2926984126984,143.644116471327,"CCL5;IFNA2"
"CPC013 PC3 6H-s1057-10.0","3/129",0.00345558065156074,0.191032905745329,0,0,10.7288961038961,60.808859408542,"ABCA6;CCL5;CCR6"
"CPC020 PC3 6H-BRD-K53308430-10.0","3/130",0.00353142606447943,0.191032905745329,0,0,10.6438797423049,60.0959145295095,"BLK;CD80;CCL5"
"CPC006 PL21 6H-ct-200783-10.0","3/130",0.00353142606447943,0.191032905745329,0,0,10.6438797423049,60.0959145295095,"PPFIBP2;IFNA2;CYBB"
"CPC004 HA1E 24H-psb 06126-10.0","2/38",0.00360044473922809,0.191032905745329,0,0,24.5888888888889,138.354249535324,"PPFIBP2;ABCA6"
"CPC019 HT29 6H-BRD-K37043259-10.0","2/38",0.00360044473922809,0.191032905745329,0,0,24.5888888888889,138.354249535324,"ABCA6;CCL5"
"LJP009 PC3 24H-GSK-2334470-0.04","2/38",0.00360044473922809,0.191032905745329,0,0,24.5888888888889,138.354249535324,"CHL1;CCL5"
"CPC007 A549 6H-propentofylline-10.0","2/38",0.00360044473922809,0.191032905745329,0,0,24.5888888888889,138.354249535324,"PPFIBP2;CCL5"
"CPC013 A549 6H-BRD-K64606589-10.0","3/131",0.00360828599305538,0.191032905745329,0,0,10.5601917613636,59.3960352532315,"BFSP2;CD80;DNASE1L3"
"CPC016 NPC 24H-amodiaquin dihydrochloride dihydrate-10.0","3/133",0.00376506644324785,0.191032905745329,0,0,10.3966783216783,58.0341520364691,"ABCA6;LST1;IFNA2"
"CPC014 SKB 24H-s1266-10.0","2/39",0.00378940232303118,0.191032905745329,0,0,23.9231231231231,133.384496659582,"ATP8A1;CCL5"
"CPC019 A375 6H-BRD-K86027709-10.0","2/39",0.00378940232303118,0.191032905745329,0,0,23.9231231231231,133.384496659582,"ABCA6;CCL5"
"CPD001 MCF7 6H-doxepin hydrochloride-10.0","2/39",0.00378940232303118,0.191032905745329,0,0,23.9231231231231,133.384496659582,"BFSP2;CD80"
"CPD002 MCF7 6H-medrysone-10.0","2/39",0.00378940232303118,0.191032905745329,0,0,23.9231231231231,133.384496659582,"CCL5;IFNA2"
"CPC006 HA1E 24H-pp-110-22.2","3/134",0.00384499537636525,0.191032905745329,0,0,10.3167938931298,57.3715142010283,"PPFIBP2;CD80;ARHGAP6"
"CPC002 HCC515 24H-bcl-2 inhibitor-10.0","2/40",0.00398289532004697,0.191032905745329,0,0,23.2923976608187,128.707879186479,"CCL5;HLA-DOA"
"CPC004 A375 6H-wortmannin-10.0","2/40",0.00398289532004697,0.191032905745329,0,0,23.2923976608187,128.707879186479,"BLK;ATP8A1"
"CPC005 HA1E 24H-cgs 15943-10.0","2/40",0.00398289532004697,0.191032905745329,0,0,23.2923976608187,128.707879186479,"PPFIBP2;CD80"
"CPC019 PC3 6H-BRD-K48803730-10.0","2/40",0.00398289532004697,0.191032905745329,0,0,23.2923976608187,128.707879186479,"ABCA6;CCL5"
"CPC009 MCF7 6H-BRD-K74447990-10.0","2/40",0.00398289532004697,0.191032905745329,0,0,23.2923976608187,128.707879186479,"PPFIBP2;CD80"
"CPC010 MCF7 24H-BRD-K57457519-10.0","2/40",0.00398289532004697,0.191032905745329,0,0,23.2923976608187,128.707879186479,"ABCA6;CCL5"
"CPC013 HCC515 6H-BRD-K75418381-10.0","2/40",0.00398289532004697,0.191032905745329,0,0,23.2923976608187,128.707879186479,"CCL5;IFNA2"
"CPC013 PC3 6H-BRD-K76938712-10.0","2/40",0.00398289532004697,0.191032905745329,0,0,23.2923976608187,128.707879186479,"ABCA6;CCL5"
"CPC006 HA1E 6H-BRD-K71726959-122.55","3/136",0.00400795135671442,0.191032905745329,0,0,10.1606288448394,56.081337419909,"PPFIBP2;CCL5;PHACTR1"
"CPC014 PC3 24H-s6005-10.0","3/137",0.00409098655196412,0.191032905745329,0,0,10.0842944369064,55.4532237787972,"PPFIBP2;HLA-DOA;ARHGAP6"
"CPC014 VCAP 24H-BRD-U25771771-10.0","3/137",0.00409098655196412,0.191032905745329,0,0,10.0842944369064,55.4532237787972,"BFSP2;EDNRB;CD80"
"CPC016 MCF7 6H-BRD-K80348542-10.0","3/137",0.00409098655196412,0.191032905745329,0,0,10.0842944369064,55.4532237787972,"EDNRB;ABCA6;IFNA2"
"CPC006 AGS 6H-mln4924-11.1","3/137",0.00409098655196412,0.191032905745329,0,0,10.0842944369064,55.4532237787972,"IFNA2;PHACTR1;AIF1"
"CPC014 SKB 24H-a-1065-10.0","2/41",0.00418090229883872,0.191032905745329,0,0,22.6940170940171,124.300310280031,"BLK;ARHGAP6"
"CPC015 A549 24H-hexamethylquercetagetin-10.0","2/41",0.00418090229883872,0.191032905745329,0,0,22.6940170940171,124.300310280031,"ABCA6;IFNA2"
"CPD001 MCF7 6H-bambuterol hydrochloride-10.0","2/41",0.00418090229883872,0.191032905745329,0,0,22.6940170940171,124.300310280031,"CHL1;LTA"
"CPC006 SW948 6H-BRD-K31342827-12.12","2/41",0.00418090229883872,0.191032905745329,0,0,22.6940170940171,124.300310280031,"BFSP2;PPFIBP2"
"CPC009 HCC515 6H-rifapentine-10.0","2/41",0.00418090229883872,0.191032905745329,0,0,22.6940170940171,124.300310280031,"BFSP2;IFNA2"
"LJP006 HS578T 3H-PHA-793887-0.37","2/41",0.00418090229883872,0.191032905745329,0,0,22.6940170940171,124.300310280031,"LTB;PLA1A"
"CPC013 HA1E 6H-np-010914-10.0","2/41",0.00418090229883872,0.191032905745329,0,0,22.6940170940171,124.300310280031,"PPFIBP2;ARHGAP6"
"CPC015 A375 6H-geldanamycin-10.0","3/139",0.0042601913942232,0.191032905745329,0,0,9.93499331550802,54.2295767505338,"BFSP2;LST1;IFNA2"
"LJP006 HCC515 24H-PHA-793887-10","3/140",0.00434636892888301,0.191032905745329,0,0,9.86197743861977,53.6335212138236,"LST1;CYBB;AIF1"
"CPC015 HT29 6H-mitotane-10.0","2/42",0.00438340189881175,0.191032905745329,0,0,22.1255555555556,120.14022156908,"BLK;CCL5"
"CPC017 HEPG2 6H-meclocycline sulfosalicylate-10.0","2/42",0.00438340189881175,0.191032905745329,0,0,22.1255555555556,120.14022156908,"LST1;IFNA2"
"CPC006 HEPG2 6H-tpca-1-10.0","2/42",0.00438340189881175,0.191032905745329,0,0,22.1255555555556,120.14022156908,"PPFIBP2;CYBB"
"CPD003 PC3 6H-fosfosal-10.0","2/42",0.00438340189881175,0.191032905745329,0,0,22.1255555555556,120.14022156908,"ABCA6;CCL5"
"CPC008 PC3 24H-BRD-K32827536-10.0","2/42",0.00438340189881175,0.191032905745329,0,0,22.1255555555556,120.14022156908,"CCL5;IFNA2"
"CPC005 MCF7 6H-vorinostat-10.0","3/141",0.0044336017268759,0.191032905745329,0,0,9.79001976284585,53.0476430005965,"LST1;CYBB;DNASE1L3"
"CPC013 VCAP 24H-BRD-K93578426-10.0","3/141",0.0044336017268759,0.191032905745329,0,0,9.79001976284585,53.0476430005965,"BLK;ABCA6;CCL5"
"CPC014 A549 24H-a-1065-10.0","2/43",0.00459037283296877,0.191032905745329,0,0,21.5848238482385,116.208245793947,"PPFIBP2;ATP8A1"
"CPC002 HCC515 24H-ite-10.0","2/43",0.00459037283296877,0.191032905745329,0,0,21.5848238482385,116.208245793947,"ABCA6;HLA-DOA"
"CPC014 SKB 24H-stock4s-23872-10.0","2/43",0.00459037283296877,0.191032905745329,0,0,21.5848238482385,116.208245793947,"BFSP2;IFNA2"
"CPC004 VCAP 6H-trimipramine maleate salt-10.0","2/43",0.00459037283296877,0.191032905745329,0,0,21.5848238482385,116.208245793947,"ABCA6;CCL5"
"CPC018 NPC 24H-methocarbamol-10.0","2/43",0.00459037283296877,0.191032905745329,0,0,21.5848238482385,116.208245793947,"BFSP2;IFNA2"
"CPC019 A375 6H-BRD-K58288048-10.0","2/43",0.00459037283296877,0.191032905745329,0,0,21.5848238482385,116.208245793947,"ABCA6;CCL5"
"CPC006 HEC108 6H-bay 11-7821-10.0","2/43",0.00459037283296877,0.191032905745329,0,0,21.5848238482385,116.208245793947,"CCL5;LST1"
"LJP009 PC3 24H-ALW-II-38-3-10","2/43",0.00459037283296877,0.191032905745329,0,0,21.5848238482385,116.208245793947,"PPFIBP2;CYBB"
"LJP009 PC3 24H-GDC-0879-10","2/43",0.00459037283296877,0.191032905745329,0,0,21.5848238482385,116.208245793947,"EDNRB;ATP8A1"
"LJP006 MCF7 3H-BMS-345541-10","2/43",0.00459037283296877,0.191032905745329,0,0,21.5848238482385,116.208245793947,"RNASE6;LTB"
"CPC014 A375 6H-BRD-K91701654-10.0","2/43",0.00459037283296877,0.191032905745329,0,0,21.5848238482385,116.208245793947,"LST1;IFNA2"
"CPC006 NCIH1694 6H-imd 0354-10.0","3/143",0.00461124841517034,0.191032905745329,0,0,9.64918831168831,51.9054604192009,"PPFIBP2;ATP8A1;IFNA2"
"LJP006 BT20 24H-WZ-4-145-10","3/143",0.00461124841517034,0.191032905745329,0,0,9.64918831168831,51.9054604192009,"PPFIBP2;RNASE6;AIF1"
"CPC012 VCAP 24H-BRD-K86693415-10.0","1/2",0.00469453005233207,0.191032905745329,0,0,433.739130434783,2325.43043880073,"BLK"
"CPC012 VCAP 24H-BRD-K68202742 (trichostatin a)-10.0","3/144",0.00470166985240739,0.191032905745329,0,0,9.58027079303675,51.3486950937214,"ABCA6;LST1;IFNA2"
"CPC006 EFO27 6H-narciclasine-10.0","3/145",0.00479316164661678,0.191032905745329,0,0,9.51232394366197,50.8011846438112,"ABCA6;CCL5;IFNA2"
"CPC014 PHH 24H-uzi/1930680-10.0","2/44",0.00480179388459557,0.191032905745329,0,0,21.0698412698413,112.486945979727,"BFSP2;LST1"
"CPC004 VCAP 6H-amoxapine-10.0","2/44",0.00480179388459557,0.191032905745329,0,0,21.0698412698413,112.486945979727,"CD80;IFNA2"
"CPC019 HA1E 6H-BRD-K37150847-10.0","2/44",0.00480179388459557,0.191032905745329,0,0,21.0698412698413,112.486945979727,"CHL1;CCL5"
"CPC007 A375 24H-mls-0351065-10.0","2/44",0.00480179388459557,0.191032905745329,0,0,21.0698412698413,112.486945979727,"ABCA6;CCL5"
"LJP005 MDAMB231 24H-crizotinib-3.33","2/44",0.00480179388459557,0.191032905745329,0,0,21.0698412698413,112.486945979727,"EDNRB;ARHGAP6"
"CPC007 HT29 24H-BRD-K22988559-10.0","2/44",0.00480179388459557,0.191032905745329,0,0,21.0698412698413,112.486945979727,"CCL5;IFNA2"
"LJP006 MCF10A 24H-alvocidib-3.33","3/146",0.00488572746565796,0.192520927515808,0,0,9.44532739987285,50.2627155181485,"CCL5;CYBB;AIF1"
"LJP006 MCF10A 24H-alvocidib-0.12","3/146",0.00488572746565796,0.192520927515808,0,0,9.44532739987285,50.2627155181485,"CCL5;CYBB;AIF1"
"CPC017 HEPG2 6H-sb 203580-10.0","2/45",0.00501764390947472,0.193023105617013,0,0,20.578811369509,108.960583351164,"CCL5;IFNA2"
"CPC006 RMUGS 6H-nicardipine hydrochloride-10.0","2/45",0.00501764390947472,0.193023105617013,0,0,20.578811369509,108.960583351164,"ABCA6;IFNA2"
"CPC010 MCF7 24H-BRD-K82384352-10.0","2/45",0.00501764390947472,0.193023105617013,0,0,20.578811369509,108.960583351164,"ABCA6;IFNA2"
"CPC013 HA1E 6H-s1057-10.0","3/149",0.00516990513448659,0.193023105617013,0,0,9.24984433374844,48.6995141263021,"ABCA6;CCL5;CCR6"
"CPC020 A375 6H-BRD-K53308430-10.0","2/46",0.00523790183287352,0.193023105617013,0,0,20.110101010101,105.614917746693,"CD80;CCL5"
"CPC006 HCC515 24H-pi 103 hydrochloride-11.1","2/46",0.00523790183287352,0.193023105617013,0,0,20.110101010101,105.614917746693,"ATP8A1;CCL5"
"CPC007 A549 6H-BRD-A12083771-10.0","2/46",0.00523790183287352,0.193023105617013,0,0,20.110101010101,105.614917746693,"PPFIBP2;ABCA6"
"LJP005 SKBR3 24H-GSK-690693-10","2/46",0.00523790183287352,0.193023105617013,0,0,20.110101010101,105.614917746693,"PPFIBP2;CCL5"
"CPC006 LOVO 6H-curcubitacin i-10.0","3/150",0.00526680291008585,0.193023105617013,0,0,9.18645640074211,48.1951979674071,"ATP8A1;CCL5;IFNA2"
"LJP005 HS578T 24H-AS-601245-1.11","3/150",0.00526680291008585,0.193023105617013,0,0,9.18645640074211,48.1951979674071,"CCL5;PHACTR1;LTB"
"LJP006 HA1E 24H-NVP-TAE684-10","3/150",0.00526680291008585,0.193023105617013,0,0,9.18645640074211,48.1951979674071,"PPFIBP2;IL7;RNASE6"
"CPC017 HT29 6H-angiogenesis inhibitor-10.0","2/47",0.00546254665240423,0.193023105617013,0,0,19.6622222222222,102.43703532428,"IFNA2;AIF1"
"CPC019 A375 6H-BRD-K60297835-10.0","2/47",0.00546254665240423,0.193023105617013,0,0,19.6622222222222,102.43703532428,"CD80;CCL5"
"CPC010 MCF7 24H-BRD-K17025677-10.0","2/47",0.00546254665240423,0.193023105617013,0,0,19.6622222222222,102.43703532428,"ABCA6;CCL5"
"CPC013 HCC515 6H-cd 01333-10.0","2/47",0.00546254665240423,0.193023105617013,0,0,19.6622222222222,102.43703532428,"BFSP2;CCL5"
"LJP007 A549 24H-OTSSP167-10","2/47",0.00546254665240423,0.193023105617013,0,0,19.6622222222222,102.43703532428,"LST1;AIF1"
"CPC013 MCF7 24H-BRD-K66359319-10.0","2/47",0.00546254665240423,0.193023105617013,0,0,19.6622222222222,102.43703532428,"PPFIBP2;CHL1"
"CPC013 VCAP 6H-BRD-K35638681-10.0","2/47",0.00546254665240423,0.193023105617013,0,0,19.6622222222222,102.43703532428,"ABCA6;CCL5"
"LJP006 HA1E 24H-canertinib-10","3/152",0.0054638771258195,0.193023105617013,0,0,9.06223306894448,47.2105789914606,"PPFIBP2;TMEM140;AIF1"
"LJP006 HS578T 24H-BMS-387032-1.11","3/152",0.0054638771258195,0.193023105617013,0,0,9.06223306894448,47.2105789914606,"CCL5;LST1;CLIC2"
"LJP006 HME1 24H-AT-7519-10","3/153",0.00556406037126952,0.193023105617013,0,0,9.00136363636364,46.7299236106415,"CYBB;CLIC2;AIF1"
"CPC014 HCC515 6H-BRD-K05593511-10.0","2/48",0.00569155743450769,0.193023105617013,0,0,19.2338164251208,99.4151993657224,"CCL5;IFNA2"
"CPC014 PHH 24H-BRD-A20697603-10.0","2/48",0.00569155743450769,0.193023105617013,0,0,19.2338164251208,99.4151993657224,"BFSP2;EDNRB"
"CPC015 HEPG2 6H-evista-10.0","2/48",0.00569155743450769,0.193023105617013,0,0,19.2338164251208,99.4151993657224,"ATP8A1;CHL1"
"CPC019 HEPG2 6H-BRD-K51189903-10.0","2/48",0.00569155743450769,0.193023105617013,0,0,19.2338164251208,99.4151993657224,"LST1;IFNA2"
"CPD001 MCF7 24H-morantel tartrate-10.0","2/48",0.00569155743450769,0.193023105617013,0,0,19.2338164251208,99.4151993657224,"PPFIBP2;ABCA6"
"CPC006 RMUGS 6H-abt-751-10.0","2/48",0.00569155743450769,0.193023105617013,0,0,19.2338164251208,99.4151993657224,"BLK;CCL5"
"CPC006 RMUGS 6H-bms 191011-10.0","2/48",0.00569155743450769,0.193023105617013,0,0,19.2338164251208,99.4151993657224,"PPFIBP2;ABCA6"
"CPC009 A549 6H-BRD-K17023947-10.0","2/48",0.00569155743450769,0.193023105617013,0,0,19.2338164251208,99.4151993657224,"ABCA6;IFNA2"
"LJP006 HME1 3H-saracatinib-10","2/48",0.00569155743450769,0.193023105617013,0,0,19.2338164251208,99.4151993657224,"EDNRB;CHL1"
"CPC010 A375 6H-ebselen-10.0","2/48",0.00569155743450769,0.193023105617013,0,0,19.2338164251208,99.4151993657224,"PPFIBP2;ABCA6"
"LJP006 MCF7 24H-WZ-4-145-10","2/48",0.00569155743450769,0.193023105617013,0,0,19.2338164251208,99.4151993657224,"LST1;AIF1"
"CPC012 PC3 6H-BRD-K79619196-10.0","2/48",0.00569155743450769,0.193023105617013,0,0,19.2338164251208,99.4151993657224,"BLK;CD80"
"LJP006 SKBR3 3H-AT-7519-0.12","2/48",0.00569155743450769,0.193023105617013,0,0,19.2338164251208,99.4151993657224,"EDNRB;AIF1"
"CPC002 HA1E 6H-BRD-K80348542-10.0","3/155",0.00576773584320648,0.194808220826668,0,0,8.88202751196172,45.7910768003258,"PPFIBP2;ABCA6;CCL5"
"CPC007 VCAP 24H-ncgc00183690-01-10.0","3/156",0.00587123463480574,0.195333297666994,0,0,8.82352941176471,45.3325618027866,"PPFIBP2;ATP8A1;IFNA2"
"LJP006 HS578T 24H-canertinib-10","3/156",0.00587123463480574,0.195333297666994,0,0,8.82352941176471,45.3325618027866,"IL7;TMEM140;AIF1"
"CPC011 VCAP 24H-oxymetholone-10.0","3/156",0.00587123463480574,0.195333297666994,0,0,8.82352941176471,45.3325618027866,"ABCA6;IFNA2;DNASE1L3"
"CPC004 MCF7 6H-gw 1929-10.0","2/49",0.00592491331896261,0.195333297666994,0,0,18.8236406619385,96.5387206134572,"PPFIBP2;LST1"
"CPC008 HT29 6H-ncgc00188488-01-10.0","2/49",0.00592491331896261,0.195333297666994,0,0,18.8236406619385,96.5387206134572,"CCL5;IFNA2"
"CPC010 MCF7 24H-BRD-K46645809-10.0","2/49",0.00592491331896261,0.195333297666994,0,0,18.8236406619385,96.5387206134572,"PPFIBP2;ABCA6"
"CPC016 MCF7 24H-malonoben-10.0","3/157",0.00597584510427206,0.195455012797831,0,0,8.76579102715466,44.881110851139,"PPFIBP2;ATP8A1;ABCA6"
"CPC006 A549 6H-sirolimus-10.0","3/157",0.00597584510427206,0.195455012797831,0,0,8.76579102715466,44.881110851139,"PPFIBP2;ATP8A1;CD80"
"LJP006 HME1 24H-AT-7519-0.37","3/158",0.00608157043677079,0.19613638971041,0,0,8.70879765395894,44.4365731530322,"PHACTR1;LTB;DNASE1L3"
"CPC011 VCAP 24H-flubendazole-10.0","3/158",0.00608157043677079,0.19613638971041,0,0,8.70879765395894,44.4365731530322,"BFSP2;IFNA2;DNASE1L3"
"CPC014 MCF7 6H-ei-231-10.0","2/50",0.00616259351355971,0.19613638971041,0,0,18.4305555555556,93.7978442903707,"BFSP2;CCL5"
"CPC017 A549 24H-wortmannin-10.0","2/50",0.00616259351355971,0.19613638971041,0,0,18.4305555555556,93.7978442903707,"PPFIBP2;ABCA6"
"CPC017 MCF7 6H-ag-879-10.0","2/50",0.00616259351355971,0.19613638971041,0,0,18.4305555555556,93.7978442903707,"EDNRB;CCL5"
"CPC019 VCAP 6H-BRD-K91145395-10.0","2/50",0.00616259351355971,0.19613638971041,0,0,18.4305555555556,93.7978442903707,"CHL1;CCL5"
"CPC007 A375 24H-BRD-K87964538-10.0","2/50",0.00616259351355971,0.19613638971041,0,0,18.4305555555556,93.7978442903707,"CHL1;CCL5"
"CPC006 A549 6H-vorinostat-10.0","3/159",0.00618841377666041,0.19620354023703,0,0,8.65253496503496,43.9988020509912,"CD80;ARHGAP6;DNASE1L3"
"LJP006 HS578T 24H-BMS-387032-0.37","3/160",0.00629637822677564,0.196315697113316,0,0,8.59698899826288,43.567654885106,"LST1;CYBB;CLIC2"
"CPC016 ASC 24H-methoxy-6-harmalan-10.0","2/51",0.00640457729638148,0.196315697113316,0,0,18.053514739229,91.1836513097914,"IFNA2;HLA-DOA"
"CPC019 A375 6H-BRD-K89451433-10.0","2/51",0.00640457729638148,0.196315697113316,0,0,18.053514739229,91.1836513097914,"ABCA6;CD80"
"CPC019 VCAP 6H-BRD-K71303366-10.0","2/51",0.00640457729638148,0.196315697113316,0,0,18.053514739229,91.1836513097914,"ABCA6;CCL5"
"CPC006 SNUC4 6H-importazole-60.0","2/51",0.00640457729638148,0.196315697113316,0,0,18.053514739229,91.1836513097914,"PPFIBP2;CD80"
"CPC006 VCAP 6H-BRD-K56343971-10.0","2/51",0.00640457729638148,0.196315697113316,0,0,18.053514739229,91.1836513097914,"PPFIBP2;CD80"
"CPC009 HCC515 6H-BRD-K81814927-10.0","2/51",0.00640457729638148,0.196315697113316,0,0,18.053514739229,91.1836513097914,"PPFIBP2;ATP8A1"
"CPC013 HCC515 6H-BRD-K04156788-10.0","2/51",0.00640457729638148,0.196315697113316,0,0,18.053514739229,91.1836513097914,"CHL1;CCL5"
"LJP006 HME1 24H-CGP-60474-0.04","3/161",0.00640546685445262,0.196315697113316,0,0,8.54214614499425,43.1429928520383,"CYBB;LTB;CLIC2"
"CPC019 A375 6H-BRD-K91145395-10.0","3/162",0.00651568268714703,0.198684961133178,0,0,8.48799313893653,42.7246808839115,"PPFIBP2;ABCA6;CCL5"
"CPC011 A549 6H-trichostatin a-10.0","3/163",0.00662702871431831,0.198684961133178,0,0,8.43451704545454,42.3125875233295,"BFSP2;CD80;DNASE1L3"
"CPC014 PHH 24H-BRD-A80574334-10.0","2/52",0.0066508440161801,0.198684961133178,0,0,17.6915555555556,88.6879716765397,"BFSP2;CD80"
"CPC015 ASC 24H-sertraline hydrochloride-10.0","2/52",0.0066508440161801,0.198684961133178,0,0,17.6915555555556,88.6879716765397,"PPFIBP2;ATP8A1"
"CPC016 MCF7 6H-ro 31-8220 mesylate-10.0","2/52",0.0066508440161801,0.198684961133178,0,0,17.6915555555556,88.6879716765397,"EDNRB;CYBB"
"CPC007 HT29 24H-BRD-K13665914-10.0","2/52",0.0066508440161801,0.198684961133178,0,0,17.6915555555556,88.6879716765397,"PPFIBP2;CCL5"
"LJP006 LNCAP 24H-HG-6-64-01-0.37","2/52",0.0066508440161801,0.198684961133178,0,0,17.6915555555556,88.6879716765397,"CYBB;AIF1"
"LJP006 HA1E 24H-WZ-4-145-10","3/165",0.00685312311815573,0.20038197310647,0,0,8.32954545454546,41.5065481488603,"PPFIBP2;RNASE6;TMEM140"
"CPC014 ASC 24H-ei-332-10.0","2/53",0.00690137309188445,0.20038197310647,0,0,17.3437908496732,86.3033083642667,"BLK;PPFIBP2"
"CPC014 PC3 6H-hy-50878-10.0","2/53",0.00690137309188445,0.20038197310647,0,0,17.3437908496732,86.3033083642667,"BLK;BFSP2"
"CPC019 A375 6H-BRD-K32238524-10.0","2/53",0.00690137309188445,0.20038197310647,0,0,17.3437908496732,86.3033083642667,"ABCA6;IFNA2"
"CPC020 VCAP 24H-BRD-K06750613-10.0","2/53",0.00690137309188445,0.20038197310647,0,0,17.3437908496732,86.3033083642667,"EDNRB;ATP8A1"
"LJP006 HEPG2 24H-withaferin-a-10","2/53",0.00690137309188445,0.20038197310647,0,0,17.3437908496732,86.3033083642667,"CCL5;ARHGAP6"
"CPC010 MCF7 24H-BRD-U86222656-10.0","2/53",0.00690137309188445,0.20038197310647,0,0,17.3437908496732,86.3033083642667,"ABCA6;CCL5"
"CPC013 HEPG2 6H-BRD-K16541732-10.0","2/53",0.00690137309188445,0.20038197310647,0,0,17.3437908496732,86.3033083642667,"ABCA6;CD80"
"LJP006 MCF10A 24H-celastrol-3.33","3/166",0.00696787728229251,0.201605540248149,0,0,8.27802565532627,41.1123562383776,"CCL5;CYBB;AIF1"
"LJP005 A549 24H-WZ-3105-10","3/167",0.00708377321872213,0.20250908616407,0,0,8.22713414634146,40.7238909254348,"CCL5;PHACTR1;AIF1"
"CPC005 A549 6H-hydrocortisone phosphate triethylamine-10.0","2/54",0.00715614401023487,0.20250908616407,0,0,17.0094017094017,84.0227702288541,"ATP8A1;IFNA2"
"CPC019 HA1E 6H-BRD-K71554540-10.0","2/54",0.00715614401023487,0.20250908616407,0,0,17.0094017094017,84.0227702288541,"PPFIBP2;CCL5"
"LJP006 LNCAP 24H-BMS-387032-0.12","2/54",0.00715614401023487,0.20250908616407,0,0,17.0094017094017,84.0227702288541,"CCL5;LTB"
"LJP006 PC3 24H-JW-7-24-1-3.33","2/54",0.00715614401023487,0.20250908616407,0,0,17.0094017094017,84.0227702288541,"ATP8A1;CCL5"
"CPC013 VCAP 24H-raltitrexed-10.0","2/54",0.00715614401023487,0.20250908616407,0,0,17.0094017094017,84.0227702288541,"BLK;ABCA6"
"LJP006 HA1E 24H-AZD-7762-3.33","3/169",0.0073190015687311,0.20250908616407,0,0,8.12719058050383,39.9636827346381,"LST1;RNASE6;LTB"
"LJP006 HS578T 24H-CGP-60474-10","3/169",0.0073190015687311,0.20250908616407,0,0,8.12719058050383,39.9636827346381,"LST1;CLIC2;AIF1"
"CPC014 A549 6H-s1019-10.0","2/55",0.00741513632721611,0.20250908616407,0,0,16.6876310272537,81.8400127235367,"PPFIBP2;CD80"
"CPC014 NPC 24H-a-1065-10.0","2/55",0.00741513632721611,0.20250908616407,0,0,16.6876310272537,81.8400127235367,"PPFIBP2;CD22"
"CPC002 VCAP 6H-norethindrone-10.0","2/55",0.00741513632721611,0.20250908616407,0,0,16.6876310272537,81.8400127235367,"ABCA6;IFNA2"
"CPC004 HA1E 6H-bibx 1382 dihydrochloride-10.0","2/55",0.00741513632721611,0.20250908616407,0,0,16.6876310272537,81.8400127235367,"PPFIBP2;ATP8A1"
"CPC017 A549 6H-gsk-3b inhibitor viii-10.0","2/55",0.00741513632721611,0.20250908616407,0,0,16.6876310272537,81.8400127235367,"PPFIBP2;IFNA2"
"CPC020 VCAP 24H-9-amino-1,2,3,4-tetrahydroacridine-10.0","2/55",0.00741513632721611,0.20250908616407,0,0,16.6876310272537,81.8400127235367,"ABCA6;IFNA2"
"LJP006 A375 24H-JW-7-24-1-0.37","2/55",0.00741513632721611,0.20250908616407,0,0,16.6876310272537,81.8400127235367,"EDNRB;PLA1A"
"LJP006 HME1 3H-AZD-5438-0.37","2/55",0.00741513632721611,0.20250908616407,0,0,16.6876310272537,81.8400127235367,"LTB;AIF1"
"CPC013 A549 6H-BRD-A10523515-10.0","2/55",0.00741513632721611,0.20250908616407,0,0,16.6876310272537,81.8400127235367,"BFSP2;CCL5"
"LJP005 A549 24H-CGP-60474-0.37","3/171",0.00755883012446831,0.202997373871739,0,0,8.02962662337662,39.2250379757224,"CCL5;PHACTR1;AIF1"
"CPC001 PC3 6H-obaa-10.0","2/56",0.00767832967031471,0.202997373871739,0,0,16.3777777777778,79.7491853897553,"PPFIBP2;CYBB"
"CPC003 HA1E 24H-ranolazine-10.0","2/56",0.00767832967031471,0.202997373871739,0,0,16.3777777777778,79.7491853897553,"PPFIBP2;ABCA6"
"CPC016 A549 24H-triflupromazine hydrochloride-10.0","2/56",0.00767832967031471,0.202997373871739,0,0,16.3777777777778,79.7491853897553,"PPFIBP2;IFNA2"
"CPC004 VCAP 6H-BRD-K87343924 (wortmannin)-10.0","2/56",0.00767832967031471,0.202997373871739,0,0,16.3777777777778,79.7491853897553,"BLK;ABCA6"
"CPC019 VCAP 24H-BRD-K03651937-10.0","2/56",0.00767832967031471,0.202997373871739,0,0,16.3777777777778,79.7491853897553,"BLK;CHL1"
"CPC006 SW948 6H-bibr1532-80.0","2/56",0.00767832967031471,0.202997373871739,0,0,16.3777777777778,79.7491853897553,"BLK;CCL5"
"CPC008 HEPG2 6H-ncgc00185984-01-10.0","2/56",0.00767832967031471,0.202997373871739,0,0,16.3777777777778,79.7491853897553,"ATP8A1;CCL5"
"CPC010 MCF7 24H-BRD-A18725729-10.0","2/56",0.00767832967031471,0.202997373871739,0,0,16.3777777777778,79.7491853897553,"ABCA6;IFNA2"
"CPC014 A375 6H-ei-263-10.0","2/56",0.00767832967031471,0.202997373871739,0,0,16.3777777777778,79.7491853897553,"EDNRB;IFNA2"
"CPC006 VCAP 6H-emetine dihydrochloride hydrate (74)-0.63","3/174",0.00792724492416717,0.204894624709479,0,0,7.88755980861244,38.1556740518935,"BLK;ABCA6;IFNA2"
"CPC002 HA1E 6H-BRD-K32501161-10.0","2/57",0.00794570373364255,0.204894624709479,0,0,16.0791919191919,77.7448852577949,"ABCA6;CCL5"
"CPC005 HT29 24H-chlorphensin carbamate-10.0","2/57",0.00794570373364255,0.204894624709479,0,0,16.0791919191919,77.7448852577949,"ABCA6;IFNA2"
"CPC019 HA1E 6H-BRD-K67519589-10.0","2/57",0.00794570373364255,0.204894624709479,0,0,16.0791919191919,77.7448852577949,"PPFIBP2;HLA-DOA"
"CPC006 HEPG2 6H-peitc-10.0","2/57",0.00794570373364255,0.204894624709479,0,0,16.0791919191919,77.7448852577949,"ATP8A1;CCL5"
"CPD003 MCF7 6H-4-aminosalicylic acid-10.0","2/57",0.00794570373364255,0.204894624709479,0,0,16.0791919191919,77.7448852577949,"EDNRB;CCL5"
"CPC013 A375 6H-BRD-K76236182-10.0","2/57",0.00794570373364255,0.204894624709479,0,0,16.0791919191919,77.7448852577949,"ABCA6;CCL5"
"LJP006 HA1E 24H-JNK-9L-1.11","3/175",0.00805237273784101,0.204894624709479,0,0,7.84130549682875,37.809116520137,"CCL5;RNASE6;AIF1"
"CPC017 MCF7 6H-vorinostat-10.0","3/176",0.00817866620019694,0.204894624709479,0,0,7.7955859169732,37.4673492619282,"BFSP2;CYBB;DNASE1L3"
"LJP005 A549 24H-CGP-60474-1.11","3/176",0.00817866620019694,0.204894624709479,0,0,7.7955859169732,37.4673492619282,"CCL5;PHACTR1;AIF1"
"CPC014 PC3 24H-gr-109-10.0","2/58",0.00821723828073978,0.204894624709479,0,0,15.7912698412698,75.8221153693741,"CCL5;IFNA2"
"CPC004 HA1E 6H-cgp 57380-10.0","2/58",0.00821723828073978,0.204894624709479,0,0,15.7912698412698,75.8221153693741,"PPFIBP2;ATP8A1"
"CPC005 PC3 24H-bmy 45778-10.0","2/58",0.00821723828073978,0.204894624709479,0,0,15.7912698412698,75.8221153693741,"CCL5;IFNA2"
"CPC010 A375 6H-homoharringtonine-10.0","2/58",0.00821723828073978,0.204894624709479,0,0,15.7912698412698,75.8221153693741,"PPFIBP2;IFNA2"
"LJP006 HS578T 3H-CGP-60474-0.37","2/58",0.00821723828073978,0.204894624709479,0,0,15.7912698412698,75.8221153693741,"RGS13;CYBB"
"LJP006 MCF7 3H-BMS-387032-0.37","2/58",0.00821723828073978,0.204894624709479,0,0,15.7912698412698,75.8221153693741,"RNASE6;CYBB"
"CPC009 VCAP 24H-BRD-K18724229-10.0","3/177",0.00830612778469277,0.204894624709479,0,0,7.75039184952978,37.1302808145597,"CD80;ARHGAP6;DNASE1L3"
"CPC013 HEPG2 6H-BRD-K68202742 (trichostatin a)-10.0","3/178",0.00843475992708915,0.204894624709479,0,0,7.70571428571429,36.7978219576483,"BFSP2;AIF1;DNASE1L3"
"CPC002 HCC515 6H-api-2-10.0","2/59",0.00849291314505755,0.204894624709479,0,0,15.5134502923977,73.9762478002404,"EDNRB;IFNA2"
"CPC015 A375 6H-mycophenolate mofetil-10.0","2/59",0.00849291314505755,0.204894624709479,0,0,15.5134502923977,73.9762478002404,"BLK;IFNA2"
"CPC004 HCC515 24H-raf1 kinase inhibitor i-10.0","2/59",0.00849291314505755,0.204894624709479,0,0,15.5134502923977,73.9762478002404,"ABCA6;HLA-DOA"
"CPC005 A375 24H-fgin-1-27-10.0","2/59",0.00849291314505755,0.204894624709479,0,0,15.5134502923977,73.9762478002404,"ABCA6;CCL5"
"CPC018 MCF7 6H-u-0126-10.0","2/59",0.00849291314505755,0.204894624709479,0,0,15.5134502923977,73.9762478002404,"IFNA2;HLA-DOA"
"CPC006 DV90 6H-tyrphostin ag 1478-56.78","2/59",0.00849291314505755,0.204894624709479,0,0,15.5134502923977,73.9762478002404,"PPFIBP2;CYBB"
"CPD001 MCF7 24H-brinzolamide-10.0","2/59",0.00849291314505755,0.204894624709479,0,0,15.5134502923977,73.9762478002404,"ABCA6;IFNA2"
"CPC006 LOVO 6H-BRD-K60219430-10.0","2/59",0.00849291314505755,0.204894624709479,0,0,15.5134502923977,73.9762478002404,"PPFIBP2;ABCA6"
"LJP005 HCC515 24H-CP466722-3.33","2/59",0.00849291314505755,0.204894624709479,0,0,15.5134502923977,73.9762478002404,"PPFIBP2;CYBB"
"LJP005 PC3 24H-crizotinib-0.04","2/59",0.00849291314505755,0.204894624709479,0,0,15.5134502923977,73.9762478002404,"LTB;IGKV3-20"
"LJP006 HME1 3H-PHA-793887-0.37","2/59",0.00849291314505755,0.204894624709479,0,0,15.5134502923977,73.9762478002404,"EDNRB;PLA1A"
"CPC011 A549 24H-terbinafine hcl-10.0","2/59",0.00849291314505755,0.204894624709479,0,0,15.5134502923977,73.9762478002404,"BLK;CD80"
"LJP006 HCC515 24H-AZD-5438-10","3/179",0.00856456502871234,0.206022603524984,0,0,7.6615444214876,36.469885643173,"CYBB;PHACTR1;AIF1"
"CPC011 VCAP 24H-taxifolin-(+/-)-10.0","3/180",0.00869554545466035,0.208006190706896,0,0,7.61787365177196,36.1463869326634,"ABCA6;IFNA2;DNASE1L3"
"CPC002 HCC515 6H-digoxigenin-10.0","2/60",0.00877270822437544,0.208006190706896,0,0,15.2452107279693,72.2029906321868,"BLK;IFNA2"
"CPC017 A549 6H-roscovitine-10.0","2/60",0.00877270822437544,0.208006190706896,0,0,15.2452107279693,72.2029906321868,"BFSP2;CD80"
"CPC011 A549 24H-mevastatin-10.0","2/60",0.00877270822437544,0.208006190706896,0,0,15.2452107279693,72.2029906321868,"PPFIBP2;CD80"
"CPC012 SKB 24H-mls-0435555.0001-10.0","2/60",0.00877270822437544,0.208006190706896,0,0,15.2452107279693,72.2029906321868,"EDNRB;ABCA6"
"LJP005 A375 24H-WZ-3105-1.11","3/182",0.0089610415726286,0.210828498796203,0,0,7.53199593702387,35.5123727341256,"CCL5;CYBB;CLIC2"
"CPC014 A549 6H-a-275-10.0","2/61",0.00905660348714075,0.210828498796203,0,0,14.9860640301318,70.498358362684,"PPFIBP2;ATP8A1"
"CPC014 MCF7 24H-s1080-10.0","2/61",0.00905660348714075,0.210828498796203,0,0,14.9860640301318,70.498358362684,"ABCA6;IFNA2"
"CPC006 A549 6H-BRD-K56343971-10.0","2/61",0.00905660348714075,0.210828498796203,0,0,14.9860640301318,70.498358362684,"EDNRB;ATP8A1"
"CPC006 PC3 6H-pf 750-80.0","2/61",0.00905660348714075,0.210828498796203,0,0,14.9860640301318,70.498358362684,"PPFIBP2;CD80"
"CPC007 A375 24H-mls-0226420-10.0","2/61",0.00905660348714075,0.210828498796203,0,0,14.9860640301318,70.498358362684,"PPFIBP2;ABCA6"
"CPC006 SW620 6H-ingenol 3, 20-dibenzoate-10.0","3/183",0.00909556182117756,0.210828498796203,0,0,7.48977272727273,35.2016973612424,"ABCA6;CCL5;DNASE1L3"
"CPC012 MCF7 24H-BRD-K71935468-10.0","3/183",0.00909556182117756,0.210828498796203,0,0,7.48977272727273,35.2016973612424,"ABCA6;CCL5;AIF1"
"LJP005 PC3 24H-PF-431396-10","3/184",0.00923126651017056,0.212435140068762,0,0,7.44801607232546,34.8951397060269,"PHACTR1;LTB;CLIC2"
"CPC014 VCAP 24H-BRD-K91047982-10.0","2/62",0.00934457897100055,0.212435140068762,0,0,14.7355555555556,68.8586453769545,"BFSP2;DNASE1L3"
"CPC016 A549 24H-BRD-A75409952 (wortmannin)-10.0","2/62",0.00934457897100055,0.212435140068762,0,0,14.7355555555556,68.8586453769545,"PPFIBP2;ATP8A1"
"CPC006 SW620 6H-BRD-K66792149-11.1","2/62",0.00934457897100055,0.212435140068762,0,0,14.7355555555556,68.8586453769545,"ABCA6;CCL5"
"CPC008 HT29 6H-BRD-K77681376-10.0","2/62",0.00934457897100055,0.212435140068762,0,0,14.7355555555556,68.8586453769545,"PPFIBP2;ATP8A1"
"CPC009 HCC515 6H-ribavirin-10.0","2/62",0.00934457897100055,0.212435140068762,0,0,14.7355555555556,68.8586453769545,"ATP8A1;IFNA2"
"CPC012 MCF7 24H-BRD-K68588778-10.0","2/62",0.00934457897100055,0.212435140068762,0,0,14.7355555555556,68.8586453769545,"CD80;IFNA2"
"CPC020 VCAP 24H-mirtazapine-10.0","2/63",0.00963661477963361,0.217483887735401,0,0,14.4932604735883,67.2804021104897,"ABCA6;IFNA2"
"CPC006 SW620 6H-manumycin a-10.0","2/63",0.00963661477963361,0.217483887735401,0,0,14.4932604735883,67.2804021104897,"PPFIBP2;CCL5"
"LJP006 HA1E 24H-CGP-60474-10","3/187",0.00964550897871811,0.217483887735401,0,0,7.32546936758893,33.9994289281173,"CCL5;CLIC2;AIF1"
"LJP005 A375 24H-WZ-3105-10","3/188",0.0097859730170871,0.219767429714731,0,0,7.28550368550369,33.7086066530184,"CCL5;CYBB;CLIC2"
"CPC006 AGS 6H-phorbol-12-myristate-13-acetate (pma)-10.0","3/189",0.00992763212172931,0.219767429714731,0,0,7.24596774193548,33.4215428049875,"ABCA6;CCL5;AIF1"
"CPC002 PC3 24H-pkc-412-10.0","2/64",0.00993269108317939,0.219767429714731,0,0,14.2587813620072,65.7604135827813,"CHL1;CCL5"
"CPC019 HA1E 6H-BRD-K31706415-10.0","2/64",0.00993269108317939,0.219767429714731,0,0,14.2587813620072,65.7604135827813,"CD80;CCL5"
"CPC006 HCC515 6H-chaetocin-0.08","2/64",0.00993269108317939,0.219767429714731,0,0,14.2587813620072,65.7604135827813,"CCL5;IFNA2"
"CPC020 VCAP 24H-BRD-K94173926-10.0","2/64",0.00993269108317939,0.219767429714731,0,0,14.2587813620072,65.7604135827813,"PPFIBP2;ATP8A1"
"LJP009 HT29 24H-dasatinib-0.37","2/64",0.00993269108317939,0.219767429714731,0,0,14.2587813620072,65.7604135827813,"EDNRB;PPFIBP2"
"LJP005 A549 24H-WZ-3105-1.11","3/190",0.0100704883155674,0.22051125442869,0,0,7.20685464268352,33.138170433865,"CCL5;PHACTR1;AIF1"
"CPC014 PC3 24H-BRD-K14681867-10.0","2/65",0.0102327881209205,0.22051125442869,0,0,14.031746031746,64.2956800353196,"PPFIBP2;LST1"
"CPC019 A375 6H-BRD-K55116708-10.0","2/65",0.0102327881209205,0.22051125442869,0,0,14.031746031746,64.2956800353196,"ABCA6;CCL5"
"CPC020 A549 6H-nadolol-10.0","2/65",0.0102327881209205,0.22051125442869,0,0,14.031746031746,64.2956800353196,"PPFIBP2;LST1"
"CPC020 VCAP 24H-floxuridine-10.0","2/65",0.0102327881209205,0.22051125442869,0,0,14.031746031746,64.2956800353196,"BFSP2;ABCA6"
"CPD001 MCF7 24H-methiothepin maleate-10.0","2/65",0.0102327881209205,0.22051125442869,0,0,14.031746031746,64.2956800353196,"ABCA6;IFNA2"
"CPC006 NCIH2073 6H-tpca-1-10.0","2/65",0.0102327881209205,0.22051125442869,0,0,14.031746031746,64.2956800353196,"EDNRB;CYBB"
"CPC006 SKM1 6H-y27632-4.0","2/65",0.0102327881209205,0.22051125442869,0,0,14.031746031746,64.2956800353196,"ABCA6;HLA-DOA"
"LJP005 HS578T 24H-SB590885-0.37","2/65",0.0102327881209205,0.22051125442869,0,0,14.031746031746,64.2956800353196,"EDNRB;LTB"
"LJP006 LNCAP 3H-alvocidib-1.11","2/65",0.0102327881209205,0.22051125442869,0,0,14.031746031746,64.2956800353196,"CYBB;PHACTR1"
"LJP005 HCC515 24H-WZ-3105-0.37","3/192",0.0103597999007127,0.22140103883484,0,0,7.12987012987013,32.5822399215617,"CYBB;PHACTR1;PLA1A"
"CPC005 A549 24H-pentobarbital-10.0","3/193",0.0105062591751573,0.22140103883484,0,0,7.09198564593301,32.3095553545416,"PPFIBP2;CD80;AIF1"
"CPC006 MCF7 6H-bi 2536-10.0","3/193",0.0105062591751573,0.22140103883484,0,0,7.09198564593301,32.3095553545416,"PPFIBP2;CYBB;DNASE1L3"
"CPC006 PC3 24H-bx-795-10.0","3/193",0.0105062591751573,0.22140103883484,0,0,7.09198564593301,32.3095553545416,"BLK;CCL5;IFNA2"
"CPC005 A549 6H-hydrocortisone hemisuccinate-10.0","2/66",0.0105368862000839,0.22140103883484,0,0,13.8118055555556,62.8833994466285,"PPFIBP2;IFNA2"
"CPC006 HCC515 6H-ag14361-25.0","2/66",0.0105368862000839,0.22140103883484,0,0,13.8118055555556,62.8833994466285,"ABCA6;IFNA2"
"LJP005 BT20 24H-buparlisib-10","2/66",0.0105368862000839,0.22140103883484,0,0,13.8118055555556,62.8833994466285,"PPFIBP2;CCL5"
"CPC009 A549 24H-BRD-K20401833-10.0","2/66",0.0105368862000839,0.22140103883484,0,0,13.8118055555556,62.8833994466285,"PPFIBP2;ABCA6"
"CPC009 MCF7 24H-BRD-K45435259-10.0","2/66",0.0105368862000839,0.22140103883484,0,0,13.8118055555556,62.8833994466285,"ABCA6;IFNA2"
"LJP006 HCC515 24H-CGP-60474-1.11","3/194",0.0106539233045838,0.22140103883484,0,0,7.05449785816278,32.0403093322194,"CCL5;CYBB;PHACTR1"
"CPC014 A549 24H-hy-50878-10.0","2/67",0.0108449656896739,0.22140103883484,0,0,13.5986324786325,61.5209517174315,"PPFIBP2;ABCA6"
"CPC014 HEPG2 6H-BRD-A60245366-10.0","2/67",0.0108449656896739,0.22140103883484,0,0,13.5986324786325,61.5209517174315,"PPFIBP2;ATP8A1"
"CPC019 A375 6H-BRD-K37043259-10.0","2/67",0.0108449656896739,0.22140103883484,0,0,13.5986324786325,61.5209517174315,"ABCA6;CCL5"
"CPC019 HA1E 6H-BRD-K64304398-10.0","2/67",0.0108449656896739,0.22140103883484,0,0,13.5986324786325,61.5209517174315,"BFSP2;CCL5"
"LJP005 A549 24H-mitoxantrone-0.12","2/67",0.0108449656896739,0.22140103883484,0,0,13.5986324786325,61.5209517174315,"CCL5;RNASE6"
"CPC006 SW620 6H-calpeptin-10.0","2/67",0.0108449656896739,0.22140103883484,0,0,13.5986324786325,61.5209517174315,"CCL5;CYBB"
"LJP005 SKBR3 3H-WZ-3105-10","2/67",0.0108449656896739,0.22140103883484,0,0,13.5986324786325,61.5209517174315,"EDNRB;LTB"
"CPC010 MCF7 24H-toremifene-10.0","2/67",0.0108449656896739,0.22140103883484,0,0,13.5986324786325,61.5209517174315,"BLK;ABCA6"
"CPC011 A549 24H-linezolid-10.0","2/67",0.0108449656896739,0.22140103883484,0,0,13.5986324786325,61.5209517174315,"PPFIBP2;ATP8A1"
"LJP006 SKBR3 3H-alvocidib-1.11","2/67",0.0108449656896739,0.22140103883484,0,0,13.5986324786325,61.5209517174315,"RNASE6;AIF1"
"LJP007 HEPG2 24H-OTSSP167-0.37","2/67",0.0108449656896739,0.22140103883484,0,0,13.5986324786325,61.5209517174315,"CCL5;PLA1A"
"CPC004 HA1E 6H-paroxetine hydrochloride-10.0","2/68",0.011157007032523,0.22140103883484,0,0,13.3919191919192,60.2058843153931,"PPFIBP2;ATP8A1"
"CPC015 HT29 6H-sulconazole nitrate-10.0","2/68",0.011157007032523,0.22140103883484,0,0,13.3919191919192,60.2058843153931,"PPFIBP2;CD80"
"CPC004 MCF7 6H-BRD-K77830450 (forskolin)-10.0","2/68",0.011157007032523,0.22140103883484,0,0,13.3919191919192,60.2058843153931,"PPFIBP2;CCL5"
"CPC017 A549 24H-ag-879-10.0","2/68",0.011157007032523,0.22140103883484,0,0,13.3919191919192,60.2058843153931,"EDNRB;IFNA2"
"CPC019 MCF7 6H-BRD-K23282736-10.0","2/68",0.011157007032523,0.22140103883484,0,0,13.3919191919192,60.2058843153931,"CCL5;AIF1"
"CPD003 MCF7 6H-fosfosal-10.0","2/68",0.011157007032523,0.22140103883484,0,0,13.3919191919192,60.2058843153931,"CCL5;IFNA2"
"CPC006 WSUDLCL2 6H-7b-cis-10.0","2/68",0.011157007032523,0.22140103883484,0,0,13.3919191919192,60.2058843153931,"ABCA6;CCL5"
"CPC007 A375 24H-fu jmbii227b-10.0","2/68",0.011157007032523,0.22140103883484,0,0,13.3919191919192,60.2058843153931,"PPFIBP2;ABCA6"
"CPC007 PC3 24H-t5323840-10.0","2/68",0.011157007032523,0.22140103883484,0,0,13.3919191919192,60.2058843153931,"IFNA2;ARHGAP6"
"CPC011 A549 24H-cerivastatin na-10.0","2/68",0.011157007032523,0.22140103883484,0,0,13.3919191919192,60.2058843153931,"EDNRB;CD80"
"CPC013 HEPG2 6H-BRD-K99616396-10.0","2/68",0.011157007032523,0.22140103883484,0,0,13.3919191919192,60.2058843153931,"CCL5;IFNA2"
"LJP007 HEPG2 24H-dinaciclib-10","2/68",0.011157007032523,0.22140103883484,0,0,13.3919191919192,60.2058843153931,"CCL5;PLA1A"
"CPC005 A375 6H-bntx maleate-10.0","3/199",0.0114103807313373,0.222861498403552,0,0,6.87279684601113,30.7436130453478,"ABCA6;LST1;IFNA2"
"CPC014 HEPG2 6H-BRD-U33728988-10.0","2/69",0.0114729907335243,0.222861498403552,0,0,13.1913764510779,58.9358992757087,"ABCA6;CCL5"
"CPC014 HT29 6H-BRD-K01436366-10.0","2/69",0.0114729907335243,0.222861498403552,0,0,13.1913764510779,58.9358992757087,"PPFIBP2;LST1"
"CPC014 SKB 24H-hy-50878-10.0","2/69",0.0114729907335243,0.222861498403552,0,0,13.1913764510779,58.9358992757087,"CCL5;LST1"
"CPC006 DV90 6H-perhexiline maleate-10.0","2/69",0.0114729907335243,0.222861498403552,0,0,13.1913764510779,58.9358992757087,"EDNRB;PPFIBP2"
"CPC006 VCAP 24H-ro 28-1675 ?-160.0","2/69",0.0114729907335243,0.222861498403552,0,0,13.1913764510779,58.9358992757087,"PPFIBP2;ATP8A1"
"CPC009 A549 6H-BRD-K65242613-10.0","2/69",0.0114729907335243,0.222861498403552,0,0,13.1913764510779,58.9358992757087,"LST1;IFNA2"
"CPC012 NPC 24H-k784-3131-10.0","2/69",0.0114729907335243,0.222861498403552,0,0,13.1913764510779,58.9358992757087,"PPFIBP2;CD80"
"LJP006 SKBR3 3H-BMS-387032-10","2/69",0.0114729907335243,0.222861498403552,0,0,13.1913764510779,58.9358992757087,"LTB;AIF1"
"CPC005 MCF7 6H-cnqx disodium salt-10.0","1/5",0.0116959562183021,0.223309440954915,0,0,108.41847826087,482.300914498126,"AIF1"
"LJP007 A549 24H-GSK-1059615-0.12","1/5",0.0116959562183021,0.223309440954915,0,0,108.41847826087,482.300914498126,"CCL5"
"CPC002 HCC515 24H-api-2-10.0","2/70",0.0117928973652324,0.223309440954915,0,0,12.9967320261438,57.7088413636179,"CCL5;HLA-DOA"
"CPC003 PC3 6H-dactinomycin-10.0","2/70",0.0117928973652324,0.223309440954915,0,0,12.9967320261438,57.7088413636179,"PPFIBP2;CHL1"
"CPC018 MCF7 6H-sib 1893-10.0","2/70",0.0117928973652324,0.223309440954915,0,0,12.9967320261438,57.7088413636179,"ABCA6;IFNA2"
"CPC019 HEPG2 6H-BRD-K86027709-10.0","2/70",0.0117928973652324,0.223309440954915,0,0,12.9967320261438,57.7088413636179,"PPFIBP2;ABCA6"
"CPC006 EFO27 6H-menadione-10.0","2/70",0.0117928973652324,0.223309440954915,0,0,12.9967320261438,57.7088413636179,"CCL5;PHACTR1"
"CPC006 LOVO 6H-phorbol-12-myristate-13-acetate (pma)-10.0","2/70",0.0117928973652324,0.223309440954915,0,0,12.9967320261438,57.7088413636179,"ABCA6;CCL5"
"CPC006 NCIH596 6H-7b-cis-10.0","2/70",0.0117928973652324,0.223309440954915,0,0,12.9967320261438,57.7088413636179,"EDNRB;ABCA6"
"LJP008 PC3 24H-dasatinib-0.12","2/70",0.0117928973652324,0.223309440954915,0,0,12.9967320261438,57.7088413636179,"CCL5;PLA1A"
"LJP006 HS578T 3H-AZD-5438-3.33","2/70",0.0117928973652324,0.223309440954915,0,0,12.9967320261438,57.7088413636179,"CYBB;AIF1"
"CPC006 A549 6H-ag14361-25.0","2/71",0.012116707565341,0.226845599780988,0,0,12.807729468599,56.5226873087026,"ABCA6;CCL5"
"CPC020 A549 6H-anafranil-10.0","2/71",0.012116707565341,0.226845599780988,0,0,12.807729468599,56.5226873087026,"ATP8A1;LST1"
"CPC006 THP1 6H-imd 0354-10.0","2/71",0.012116707565341,0.226845599780988,0,0,12.807729468599,56.5226873087026,"ABCA6;CCL5"
"LJP006 BT20 24H-canertinib-0.12","2/71",0.012116707565341,0.226845599780988,0,0,12.807729468599,56.5226873087026,"EDNRB;AIF1"
"CPC012 VCAP 6H-BRD-K74797618-10.0","2/71",0.012116707565341,0.226845599780988,0,0,12.807729468599,56.5226873087026,"BFSP2;EDNRB"
"CPC008 HT29 6H-vorinostat-10.0","3/204",0.012197224855689,0.227837552326921,0,0,6.70013568521031,29.5244616237881,"BFSP2;LST1;DNASE1L3"
"CPC017 HEPG2 6H-dcb-10.0","2/72",0.0124444020382666,0.229860327827358,0,0,12.624126984127,55.3755359869365,"PPFIBP2;CCL5"
"CPC006 A673 6H-sb 216763-10.0","2/72",0.0124444020382666,0.229860327827358,0,0,12.624126984127,55.3755359869365,"ABCA6;IFNA2"
"CPC019 HA1E 6H-BRD-K48803730-10.0","2/72",0.0124444020382666,0.229860327827358,0,0,12.624126984127,55.3755359869365,"PPFIBP2;ABCA6"
"CPC006 SNGM 6H-trifluoperazine dihydrochloride-10.0","2/72",0.0124444020382666,0.229860327827358,0,0,12.624126984127,55.3755359869365,"ABCA6;IFNA2"
"CPC014 A375 6H-hy-10159-10.0","2/72",0.0124444020382666,0.229860327827358,0,0,12.624126984127,55.3755359869365,"ABCA6;CD80"
"CPC010 PC3 6H-homoharringtonine-10.0","3/206",0.0125205163994033,0.22986559636419,0,0,6.63345275414241,29.0570880083936,"ABCA6;CCL5;IFNA2"
"CPC006 NCIH2073 6H-BRD-K04853698-10.0","3/207",0.0126840012616287,0.22986559636419,0,0,6.60060160427807,28.8275586855832,"PPFIBP2;ABCA6;CD80"
"CPC002 PC3 24H-parthenolide-10.0","2/73",0.0127759615521649,0.22986559636419,0,0,12.445696400626,54.2655994638708,"CCL5;IFNA2"
"CPC006 RMUGS 6H-BRD-K10705233-40.0","2/73",0.0127759615521649,0.22986559636419,0,0,12.445696400626,54.2655994638708,"BLK;IFNA2"
"CPC006 SNUC4 6H-geldanamycin-10.0","2/73",0.0127759615521649,0.22986559636419,0,0,12.445696400626,54.2655994638708,"BLK;TNFSF11"
"CPC006 TYKNU 6H-perhexiline maleate-10.0","2/73",0.0127759615521649,0.22986559636419,0,0,12.445696400626,54.2655994638708,"PPFIBP2;IFNA2"
"CPC006 U937 6H-tw 37-10.0","2/73",0.0127759615521649,0.22986559636419,0,0,12.445696400626,54.2655994638708,"PPFIBP2;IFNA2"
"CPC009 HA1E 6H-citalopram hydrobromide-10.0","2/73",0.0127759615521649,0.22986559636419,0,0,12.445696400626,54.2655994638708,"ABCA6;CCL5"
"CPC011 A549 24H-tegaserod-10.0","2/73",0.0127759615521649,0.22986559636419,0,0,12.445696400626,54.2655994638708,"PPFIBP2;IFNA2"
"CPC011 A549 24H-irbesartan-10.0","2/73",0.0127759615521649,0.22986559636419,0,0,12.445696400626,54.2655994638708,"EDNRB;CCL5"
"CPC013 NPC 24H-s-8599-10.0","2/73",0.0127759615521649,0.22986559636419,0,0,12.445696400626,54.2655994638708,"ATP8A1;IFNA2"
"CPC014 HCC515 6H-BRD-U33728988-10.0","2/74",0.0131113669466946,0.22986559636419,0,0,12.2722222222222,53.1911947979084,"ABCA6;IFNA2"
"CPC014 VCAP 24H-gr-239-10.0","2/74",0.0131113669466946,0.22986559636419,0,0,12.2722222222222,53.1911947979084,"BFSP2;DNASE1L3"
"CPC006 DV90 6H-l-sulforophane-10.0","2/74",0.0131113669466946,0.22986559636419,0,0,12.2722222222222,53.1911947979084,"EDNRB;PPFIBP2"
"CPC006 EFO27 6H-BRD-K28907958-11.1","2/74",0.0131113669466946,0.22986559636419,0,0,12.2722222222222,53.1911947979084,"CD80;IFNA2"
"CPC006 HA1E 6H-pp-110-22.2","2/74",0.0131113669466946,0.22986559636419,0,0,12.2722222222222,53.1911947979084,"PPFIBP2;ARHGAP6"
"LJP009 MCF7 24H-sunitinib-0.37","2/74",0.0131113669466946,0.22986559636419,0,0,12.2722222222222,53.1911947979084,"CHL1;CCL5"
"LJP005 HT29 24H-tozasertib-3.33","2/74",0.0131113669466946,0.22986559636419,0,0,12.2722222222222,53.1911947979084,"CYBB;TMEM140"
"CPC007 HA1E 24H-ncgc00012852-02-10.0","2/74",0.0131113669466946,0.22986559636419,0,0,12.2722222222222,53.1911947979084,"PPFIBP2;CD80"
"CPC008 A549 6H-ncgc00182357-01-10.0","2/74",0.0131113669466946,0.22986559636419,0,0,12.2722222222222,53.1911947979084,"BLK;IFNA2"
"CPC009 MCF7 24H-BRD-K55722623-10.0","2/74",0.0131113669466946,0.22986559636419,0,0,12.2722222222222,53.1911947979084,"ABCA6;IFNA2"
"CPC009 MCF7 24H-BRD-K82580504-10.0","2/74",0.0131113669466946,0.22986559636419,0,0,12.2722222222222,53.1911947979084,"ABCA6;CCL5"
"CPC009 VCAP 24H-BRD-K14939371-10.0","2/74",0.0131113669466946,0.22986559636419,0,0,12.2722222222222,53.1911947979084,"BFSP2;CD80"
"CPC012 PHH 24H-BRD-K11758216-10.0","2/74",0.0131113669466946,0.22986559636419,0,0,12.2722222222222,53.1911947979084,"BLK;PPFIBP2"
"LJP006 HA1E 24H-JNK-9L-3.33","3/211",0.0133502348526375,0.230442458999371,0,0,6.47235576923077,27.9361198474301,"CCL5;CYBB;LTB"
"CPC016 MCF7 24H-irinotecan hydrochloride trihydrate-10.0","2/75",0.0134505991174255,0.230442458999371,0,0,12.103500761035,52.1507365613462,"PPFIBP2;ABCA6"
"CPC006 A673 6H-7b-cis-10.0","2/75",0.0134505991174255,0.230442458999371,0,0,12.103500761035,52.1507365613462,"BFSP2;AIF1"
"CPC019 MCF7 6H-BRD-K00007652-10.0","2/75",0.0134505991174255,0.230442458999371,0,0,12.103500761035,52.1507365613462,"ABCA6;CCL5"
"CPC006 LOVO 6H-bx-795-10.0","2/75",0.0134505991174255,0.230442458999371,0,0,12.103500761035,52.1507365613462,"LST1;IFNA2"
"CPC006 LOVO 6H-pac 1-10.0","2/75",0.0134505991174255,0.230442458999371,0,0,12.103500761035,52.1507365613462,"ABCA6;IFNA2"
"CPC006 PL21 6H-bml-259-80.0","2/75",0.0134505991174255,0.230442458999371,0,0,12.103500761035,52.1507365613462,"ABCA6;IFNA2"
"CPC006 SKM1 6H-rg 108-80.0","2/75",0.0134505991174255,0.230442458999371,0,0,12.103500761035,52.1507365613462,"ABCA6;HLA-DOA"
"CPC007 HT29 24H-wortmannin-10.0","2/75",0.0134505991174255,0.230442458999371,0,0,12.103500761035,52.1507365613462,"BLK;CCL5"
"LJP006 SKBR3 24H-geldanamycin-1.11","2/75",0.0134505991174255,0.230442458999371,0,0,12.103500761035,52.1507365613462,"DNASE1L3;PLA1A"
"CPC014 A549 24H-BRD-A89907244-10.0","2/75",0.0134505991174255,0.230442458999371,0,0,12.103500761035,52.1507365613462,"PPFIBP2;PHACTR1"
"LJP006 HA1E 24H-alvocidib-10","3/212",0.0135198736713326,0.230793630113737,0,0,6.44106133101348,27.7197164548405,"CCL5;CYBB;CLIC2"
"CPC001 HCC515 24H-diphenyleneiodonium chloride-10.0","2/76",0.0137936390372198,0.230793630113737,0,0,11.9393393393393,51.142729953573,"ABCA6;IFNA2"
"LJP008 HA1E 24H-GSK-461364-0.04","2/76",0.0137936390372198,0.230793630113737,0,0,11.9393393393393,51.142729953573,"EDNRB;CHL1"
"CPC014 HA1E 6H-s1014-10.0","2/76",0.0137936390372198,0.230793630113737,0,0,11.9393393393393,51.142729953573,"PPFIBP2;IFNA2"
"CPC019 HA1E 6H-BRD-K31856043-10.0","2/76",0.0137936390372198,0.230793630113737,0,0,11.9393393393393,51.142729953573,"ABCA6;CCL5"
"CPC006 PL21 6H-BRD-K73261812-10.0","2/76",0.0137936390372198,0.230793630113737,0,0,11.9393393393393,51.142729953573,"PPFIBP2;IFNA2"
"CPC008 A549 6H-mls-0359128.0001-10.0","2/76",0.0137936390372198,0.230793630113737,0,0,11.9393393393393,51.142729953573,"ABCA6;AIF1"
"CPC009 MCF7 24H-BRD-K02174945-10.0","2/76",0.0137936390372198,0.230793630113737,0,0,11.9393393393393,51.142729953573,"ABCA6;IFNA2"
"CPC010 MCF7 24H-BRD-K86492010-10.0","2/76",0.0137936390372198,0.230793630113737,0,0,11.9393393393393,51.142729953573,"ABCA6;CCL5"
"CPC012 MCF7 6H-BRD-A15010982-10.0","2/76",0.0137936390372198,0.230793630113737,0,0,11.9393393393393,51.142729953573,"ABCA6;CCL5"
"CPC013 SKB 24H-BRD-K83336168-10.0","2/76",0.0137936390372198,0.230793630113737,0,0,11.9393393393393,51.142729953573,"CD80;CCL5"
"CPC015 MCF7 6H-glycocholic acid-10.0","1/6",0.0140190390147642,0.230793630113737,0,0,86.7304347826087,370.10816194385,"IFNA2"
"CPC004 VCAP 24H-BRD-K87343924 (wortmannin)-10.0","1/6",0.0140190390147642,0.230793630113737,0,0,86.7304347826087,370.10816194385,"ATP8A1"
"CPC006 HT29 6H-gemcitabine-0.08","1/6",0.0140190390147642,0.230793630113737,0,0,86.7304347826087,370.10816194385,"IFNA2"
"LJP006 BT20 3H-selumetinib-0.12","1/6",0.0140190390147642,0.230793630113737,0,0,86.7304347826087,370.10816194385,"IGKV3-20"
"CPC013 HEPG2 6H-BRD-A10523515-10.0","1/6",0.0140190390147642,0.230793630113737,0,0,86.7304347826087,370.10816194385,"IFNA2"
"CPC014 VCAP 6H-gr-231-10.0","2/77",0.0141404677302314,0.230793630113737,0,0,11.7795555555556,50.165764525587,"BLK;EDNRB"
"CPC015 PHH 24H-phenolphthalein-10.0","2/77",0.0141404677302314,0.230793630113737,0,0,11.7795555555556,50.165764525587,"PPFIBP2;CD80"
"CPC005 A549 24H-indirubin-3-oxime-10.0","2/77",0.0141404677302314,0.230793630113737,0,0,11.7795555555556,50.165764525587,"CD80;CCL5"
"CPC017 SKB 24H-daunorubicin-10.0","2/77",0.0141404677302314,0.230793630113737,0,0,11.7795555555556,50.165764525587,"CD80;LST1"
"CPC018 A549 24H-tomoxetine hydrochloride-10.0","2/77",0.0141404677302314,0.230793630113737,0,0,11.7795555555556,50.165764525587,"CCL5;IFNA2"
"CPC007 HT29 24H-carbazol-9-yl-p-tolyl-methanone-10.0","2/77",0.0141404677302314,0.230793630113737,0,0,11.7795555555556,50.165764525587,"ABCA6;IFNA2"
"CPC013 A549 24H-BRD-K16541732-10.0","2/77",0.0141404677302314,0.230793630113737,0,0,11.7795555555556,50.165764525587,"ABCA6;CCL5"
"CPC013 VCAP 24H-st4066738-10.0","2/77",0.0141404677302314,0.230793630113737,0,0,11.7795555555556,50.165764525587,"BLK;LTA"
"CPC002 HA1E 6H-rosiglitazone hydrochloride-10.0","2/78",0.0144910662955521,0.23126644099322,0,0,11.6239766081871,49.2185083733299,"PPFIBP2;CCL5"
"CPC019 A375 6H-BRD-K00007652-10.0","2/78",0.0144910662955521,0.23126644099322,0,0,11.6239766081871,49.2185083733299,"ABCA6;CCL5"
"CPC006 AGS 6H-bx-795-10.0","2/78",0.0144910662955521,0.23126644099322,0,0,11.6239766081871,49.2185083733299,"ABCA6;IFNA2"
"CPD002 MCF7 24H-gefitinib-10.0","2/78",0.0144910662955521,0.23126644099322,0,0,11.6239766081871,49.2185083733299,"PPFIBP2;ABCA6"
"CPC006 RMUGS 6H-quinacrine dihydrochloride dihydrate-10.0","2/78",0.0144910662955521,0.23126644099322,0,0,11.6239766081871,49.2185083733299,"PPFIBP2;CYBB"
"CPC009 MCF7 24H-glycopyrrolate-10.0","2/78",0.0144910662955521,0.23126644099322,0,0,11.6239766081871,49.2185083733299,"PPFIBP2;ABCA6"
"CPC010 MCF7 24H-BRD-K06765193-10.0","2/78",0.0144910662955521,0.23126644099322,0,0,11.6239766081871,49.2185083733299,"ABCA6;CCL5"
"CPC010 MCF7 24H-fluphenazine dihydrochloride-10.0","2/78",0.0144910662955521,0.23126644099322,0,0,11.6239766081871,49.2185083733299,"ABCA6;CD80"
"CPC011 A549 24H-tropisetron hcl-10.0","2/78",0.0144910662955521,0.23126644099322,0,0,11.6239766081871,49.2185083733299,"BLK;PPFIBP2"
"CPC014 ASC 24H-BRD-U33728988-10.0","2/79",0.0148454158957122,0.23126644099322,0,0,11.4724386724387,48.2997028284893,"BLK;ARHGAP6"
"CPC014 HA1E 6H-BRD-K04923131-10.0","2/79",0.0148454158957122,0.23126644099322,0,0,11.4724386724387,48.2997028284893,"PPFIBP2;IFNA2"
"CPC018 A549 24H-forskolin-10.0","2/79",0.0148454158957122,0.23126644099322,0,0,11.4724386724387,48.2997028284893,"PPFIBP2;IFNA2"
"CPC020 A549 6H-dexamethasone-10.0","2/79",0.0148454158957122,0.23126644099322,0,0,11.4724386724387,48.2997028284893,"ATP8A1;IFNA2"
"CPC006 LOVO 6H-BRD-K05649647-20.0","2/79",0.0148454158957122,0.23126644099322,0,0,11.4724386724387,48.2997028284893,"ABCA6;IFNA2"
"CPC006 NCIH2073 6H-blebbistatin-40.0","2/79",0.0148454158957122,0.23126644099322,0,0,11.4724386724387,48.2997028284893,"BLK;ABCA6"
"CPC006 NCIH2073 6H-gmx-1778-0.08","2/79",0.0148454158957122,0.23126644099322,0,0,11.4724386724387,48.2997028284893,"EDNRB;AIF1"
"CPC006 SNUC4 6H-ro 28-1675 ?-160.0","2/79",0.0148454158957122,0.23126644099322,0,0,11.4724386724387,48.2997028284893,"CD80;IFNA2"
"CPC006 SW480 6H-narciclasine-10.0","2/79",0.0148454158957122,0.23126644099322,0,0,11.4724386724387,48.2997028284893,"PPFIBP2;ABCA6"
"CPC006 SW948 6H-valproic acid-10.0","2/79",0.0148454158957122,0.23126644099322,0,0,11.4724386724387,48.2997028284893,"PPFIBP2;CD80"
"CPC006 SW948 6H-BRD-K52075040-44.4","2/79",0.0148454158957122,0.23126644099322,0,0,11.4724386724387,48.2997028284893,"PPFIBP2;LST1"
"CPC011 VCAP 6H-taxifolin-(+/-)-10.0","2/79",0.0148454158957122,0.23126644099322,0,0,11.4724386724387,48.2997028284893,"BLK;IFNA2"
"CPC014 A549 24H-BRD-K19540840-10.0","2/79",0.0148454158957122,0.23126644099322,0,0,11.4724386724387,48.2997028284893,"PPFIBP2;ATP8A1"
"CPC006 MCF7 6H-vorinostat-11.1","3/221",0.015102336564321,0.23126644099322,0,0,6.17233110925771,25.8800029555056,"LST1;CYBB;DNASE1L3"
"LJP006 HCC515 24H-alvocidib-10","3/221",0.015102336564321,0.23126644099322,0,0,6.17233110925771,25.8800029555056,"CCL5;CYBB;AIF1"
"LJP006 HCC515 24H-CGP-60474-10","3/221",0.015102336564321,0.23126644099322,0,0,6.17233110925771,25.8800029555056,"CCL5;CYBB;AIF1"
"CPC014 HEPG2 6H-t3205-10.0","2/80",0.0152034977523035,0.23126644099322,0,0,11.3247863247863,47.4081575647264,"ABCA6;CCL5"
"CPC014 VCAP 6H-s1095-10.0","2/80",0.0152034977523035,0.23126644099322,0,0,11.3247863247863,47.4081575647264,"BFSP2;DNASE1L3"
"CPC016 NEU 24H-spiperone-10.0","2/80",0.0152034977523035,0.23126644099322,0,0,11.3247863247863,47.4081575647264,"CCL5;IFNA2"
"CPC018 A549 6H-cyclosporin a-10.0","2/80",0.0152034977523035,0.23126644099322,0,0,11.3247863247863,47.4081575647264,"PPFIBP2;CD80"
"CPC006 CL34 6H-BRD-K12184916-0.63","2/80",0.0152034977523035,0.23126644099322,0,0,11.3247863247863,47.4081575647264,"BLK;CCL5"
"CPD003 MCF7 24H-trifluridine-10.0","2/80",0.0152034977523035,0.23126644099322,0,0,11.3247863247863,47.4081575647264,"CHL1;ABCA6"
"CPC006 TYKNU 6H-azd8055-10.0","2/80",0.0152034977523035,0.23126644099322,0,0,11.3247863247863,47.4081575647264,"BLK;PPFIBP2"
"CPC006 VCAP 6H-pnu 74654-80.0","2/80",0.0152034977523035,0.23126644099322,0,0,11.3247863247863,47.4081575647264,"ABCA6;CD80"
"CPC007 MCF7 24H-ncgc00188740-01-10.0","2/80",0.0152034977523035,0.23126644099322,0,0,11.3247863247863,47.4081575647264,"ATP8A1;ABCA6"
"CPC009 A549 6H-BRD-K38634661-10.0","2/80",0.0152034977523035,0.23126644099322,0,0,11.3247863247863,47.4081575647264,"PPFIBP2;IFNA2"
"CPC011 HA1E 6H-irinotecan hydrochloride trihydrate-10.0","2/80",0.0152034977523035,0.23126644099322,0,0,11.3247863247863,47.4081575647264,"BFSP2;AIF1"
"CPC013 NPC 24H-BRD-K44540157-10.0","2/80",0.0152034977523035,0.23126644099322,0,0,11.3247863247863,47.4081575647264,"CD80;CCL5"
"CPC014 VCAP 24H-BRD-U33728988-10.0","2/81",0.0155652931540535,0.233338407336581,0,0,11.1808720112518,46.5427460786995,"PPFIBP2;CD80"
"CPC006 DV90 6H-bay 11-7821-10.0","2/81",0.0155652931540535,0.233338407336581,0,0,11.1808720112518,46.5427460786995,"PPFIBP2;ATP8A1"
"CPC006 TYKNU 6H-emetine dihydrochloride hydrate (74)-0.63","2/81",0.0155652931540535,0.233338407336581,0,0,11.1808720112518,46.5427460786995,"BLK;IFNA2"
"CPC006 TYKNU 6H-vorinostat-11.1","2/81",0.0155652931540535,0.233338407336581,0,0,11.1808720112518,46.5427460786995,"PPFIBP2;DNASE1L3"
"CPC009 HCC515 6H-daunorubicin hydrochloride-10.0","2/81",0.0155652931540535,0.233338407336581,0,0,11.1808720112518,46.5427460786995,"PPFIBP2;ATP8A1"
"CPC013 A549 24H-BRD-U37049823-10.0","2/81",0.0155652931540535,0.233338407336581,0,0,11.1808720112518,46.5427460786995,"ABCA6;IFNA2"
"CPC013 MCF7 6H-c8273-10.0","2/81",0.0155652931540535,0.233338407336581,0,0,11.1808720112518,46.5427460786995,"BLK;IFNA2"
"LJP007 HEPG2 24H-NVP-BGT226-0.37","2/81",0.0155652931540535,0.233338407336581,0,0,11.1808720112518,46.5427460786995,"CCL5;PLA1A"
"CPC014 VCAP 24H-hy-11001-10.0","2/82",0.0159307834574071,0.234239743497252,0,0,11.0405555555556,45.7024015274696,"PPFIBP2;AIF1"
"CPC006 SW620 6H-cytosporone b-10.0","2/82",0.0159307834574071,0.234239743497252,0,0,11.0405555555556,45.7024015274696,"PPFIBP2;ABCA6"
"CPC009 A549 24H-BRD-K88832793-10.0","2/82",0.0159307834574071,0.234239743497252,0,0,11.0405555555556,45.7024015274696,"PPFIBP2;ABCA6"
"CPC011 MCF7 24H-clobenpropit dihydrobromide-10.0","2/82",0.0159307834574071,0.234239743497252,0,0,11.0405555555556,45.7024015274696,"ABCA6;IFNA2"
"CPC014 A549 24H-BRD-K88569143-10.0","2/83",0.0162999500765206,0.234239743497252,0,0,10.9037037037037,44.8861128918177,"PPFIBP2;ATP8A1"
"CPC006 A673 6H-BRD-K12184916-0.63","2/83",0.0162999500765206,0.234239743497252,0,0,10.9037037037037,44.8861128918177,"EDNRB;CYBB"
"CPC020 A375 6H-BRD-K06750613-10.0","2/83",0.0162999500765206,0.234239743497252,0,0,10.9037037037037,44.8861128918177,"PPFIBP2;ATP8A1"
"CPC006 HEPG2 6H-temsirolimus [ci779]-10.0","2/83",0.0162999500765206,0.234239743497252,0,0,10.9037037037037,44.8861128918177,"ABCA6;CCL5"
"CPC006 SNUC4 6H-curcumin-48.0","2/83",0.0162999500765206,0.234239743497252,0,0,10.9037037037037,44.8861128918177,"PPFIBP2;CD80"
"CPC010 MCF7 24H-tremulacin-10.0","2/83",0.0162999500765206,0.234239743497252,0,0,10.9037037037037,44.8861128918177,"PPFIBP2;ABCA6"
"CPC012 HA1E 6H-BRD-K10010115-10.0","2/83",0.0162999500765206,0.234239743497252,0,0,10.9037037037037,44.8861128918177,"PPFIBP2;CD80"
"CPC004 PC3 6H-carvedilol-10.0","1/7",0.0163367782286596,0.234239743497252,0,0,72.2717391304348,297.350245537185,"IFNA2"
"CPC004 VCAP 24H-alprenolol hydrochloride-10.0","1/7",0.0163367782286596,0.234239743497252,0,0,72.2717391304348,297.350245537185,"IFNA2"
"CPC004 VCAP 24H-diltiazem hydrochloride-10.0","1/7",0.0163367782286596,0.234239743497252,0,0,72.2717391304348,297.350245537185,"BLK"
"CPC004 VCAP 24H-BRD-A75409952 (wortmannin)-10.0","1/7",0.0163367782286596,0.234239743497252,0,0,72.2717391304348,297.350245537185,"ATP8A1"
"CPC017 HT29 6H-eo 1428-10.0","1/7",0.0163367782286596,0.234239743497252,0,0,72.2717391304348,297.350245537185,"BLK"
"CPC020 MCF7 24H-dibenzyline-10.0","1/7",0.0163367782286596,0.234239743497252,0,0,72.2717391304348,297.350245537185,"PPFIBP2"
"CPC006 HCC515 24H-pf 750-80.0","1/7",0.0163367782286596,0.234239743497252,0,0,72.2717391304348,297.350245537185,"IFNA2"
"LJP009 A549 24H-GSK-429286A-0.12","1/7",0.0163367782286596,0.234239743497252,0,0,72.2717391304348,297.350245537185,"CCL5"
"CPC008 VCAP 6H-vu0365114-2-10.0","1/7",0.0163367782286596,0.234239743497252,0,0,72.2717391304348,297.350245537185,"CD80"
"CPC009 PC3 6H-BRD-K45205755-10.0","1/7",0.0163367782286596,0.234239743497252,0,0,72.2717391304348,297.350245537185,"IFNA2"
"CPC020 PC3 6H-BRD-K52522949-10.0","3/228",0.0164028273807762,0.234239743497252,0,0,5.97818181818182,24.5721300397528,"BFSP2;ABCA6;DNASE1L3"
"CPC006 VCAP 6H-BRD-K04853698-10.0","3/229",0.0165936117933878,0.234239743497252,0,0,5.95142799678198,24.3933410459345,"PPFIBP2;ABCA6;CCL5"
"CPC014 HT29 6H-hy-70044-10.0","2/84",0.0166727744918285,0.234239743497252,0,0,10.770189701897,44.092921416964,"BFSP2;PPFIBP2"
"CPC002 HCC515 24H-remoxipride hydrochloride-10.0","2/84",0.0166727744918285,0.234239743497252,0,0,10.770189701897,44.092921416964,"CHL1;IFNA2"
"CPC018 A549 6H-rottlerin ncgc00025228-11-10.0","2/84",0.0166727744918285,0.234239743497252,0,0,10.770189701897,44.092921416964,"PPFIBP2;ATP8A1"
"CPC018 HEPG2 6H-quercetin-10.0","2/84",0.0166727744918285,0.234239743497252,0,0,10.770189701897,44.092921416964,"PPFIBP2;CCL5"
"CPC006 EFO27 6H-mk-2206-10.0","2/84",0.0166727744918285,0.234239743497252,0,0,10.770189701897,44.092921416964,"CCL5;IFNA2"
"CPC020 HA1E 6H-BRD-K06009608-10.0","2/84",0.0166727744918285,0.234239743497252,0,0,10.770189701897,44.092921416964,"ABCA6;CCL5"
"CPC020 MCF7 6H-mitoxantrone dihydrochloride-10.0","2/84",0.0166727744918285,0.234239743497252,0,0,10.770189701897,44.092921416964,"PPFIBP2;CYBB"
"CPC006 HT115 6H-ag-014699 (pf-01367338)-10.0","2/84",0.0166727744918285,0.234239743497252,0,0,10.770189701897,44.092921416964,"PPFIBP2;CD80"
"CPC006 PL21 6H-auranofin-10.0","2/84",0.0166727744918285,0.234239743497252,0,0,10.770189701897,44.092921416964,"BLK;IFNA2"
"CPC006 SKMEL28 6H-pnu 74654-80.0","2/84",0.0166727744918285,0.234239743497252,0,0,10.770189701897,44.092921416964,"PPFIBP2;ABCA6"
"CPC006 VCAP 24H-quinacrine dihydrochloride dihydrate-10.0","2/84",0.0166727744918285,0.234239743497252,0,0,10.770189701897,44.092921416964,"ATP8A1;DNASE1L3"
"CPC008 A549 6H-ncgc00188324-02-10.0","2/84",0.0166727744918285,0.234239743497252,0,0,10.770189701897,44.092921416964,"ABCA6;IFNA2"
"CPC008 HT29 6H-BRD-K05549170-10.0","2/84",0.0166727744918285,0.234239743497252,0,0,10.770189701897,44.092921416964,"CCL5;IFNA2"
"CPC011 A549 24H-delta1-hydrocortisone 21-hemisuccinate-10.0","2/84",0.0166727744918285,0.234239743497252,0,0,10.770189701897,44.092921416964,"PPFIBP2;ATP8A1"
"CPC003 HCC515 24H-xylazine-10.0","2/85",0.0170492382492985,0.23751253621708,0,0,10.6398929049531,43.3219173259658,"CD80;IFNA2"
"CPC006 H1299 6H-BRD-K53414658-10.0","2/85",0.0170492382492985,0.23751253621708,0,0,10.6398929049531,43.3219173259658,"LST1;IFNA2"
"CPC006 HCT116 6H-BRD-K81473043-0.35","2/85",0.0170492382492985,0.23751253621708,0,0,10.6398929049531,43.3219173259658,"PPFIBP2;ATP8A1"
"CPC006 NCIH2073 6H-BRD-A36630025-0.35","2/85",0.0170492382492985,0.23751253621708,0,0,10.6398929049531,43.3219173259658,"ABCA6;LST1"
"CPC008 HT29 6H-ncgc00241726-01-10.0","2/85",0.0170492382492985,0.23751253621708,0,0,10.6398929049531,43.3219173259658,"CCL5;IFNA2"
"CPC016 SKB 24H-anisomycin-10.0","3/232",0.0171734837886684,0.238841308153329,0,0,5.87256847955538,23.8684011145456,"ABCA6;IFNA2;HLA-DOA"
"CPC006 MCF7 6H-BRD-K04853698-10.0","3/233",0.0173692832760934,0.23958080973658,0,0,5.84673913043478,23.6971375024563,"PPFIBP2;ABCA6;CCL5"
"CPC019 HA1E 6H-BRD-A68061604-10.0","2/86",0.017429322956063,0.23958080973658,0,0,10.5126984126984,42.5722367780539,"PPFIBP2;CCL5"
"CPC019 HEPG2 6H-geldanamycin-10.0","2/86",0.017429322956063,0.23958080973658,0,0,10.5126984126984,42.5722367780539,"BFSP2;CD80"
"CPC006 HEPG2 6H-BRD-K71726959-122.55","2/86",0.017429322956063,0.23958080973658,0,0,10.5126984126984,42.5722367780539,"ABCA6;CCL5"
"LJP005 MDAMB231 24H-CGP-60474-0.37","2/86",0.017429322956063,0.23958080973658,0,0,10.5126984126984,42.5722367780539,"CCL5;CLIC2"
"CPC010 A549 6H-BRD-K27169919-10.0","2/86",0.017429322956063,0.23958080973658,0,0,10.5126984126984,42.5722367780539,"BLK;HLA-DOA"
"LJP007 MCF7 24H-dasatinib-3.33","2/86",0.017429322956063,0.23958080973658,0,0,10.5126984126984,42.5722367780539,"PPFIBP2;ATP8A1"
"CPC016 A375 6H-aminopurvalanol a-10.0","2/87",0.0178130102807056,0.241248216158492,0,0,10.3884967320261,41.8430590460358,"PPFIBP2;ABCA6"
"CPC017 A549 6H-chlorthalidone-10.0","2/87",0.0178130102807056,0.241248216158492,0,0,10.3884967320261,41.8430590460358,"PPFIBP2;IFNA2"
"CPC006 COV644 6H-bjm-ctd2-9-10.0","2/87",0.0178130102807056,0.241248216158492,0,0,10.3884967320261,41.8430590460358,"PPFIBP2;CD80"
"CPC020 A549 6H-carbamazepine-10.0","2/87",0.0178130102807056,0.241248216158492,0,0,10.3884967320261,41.8430590460358,"ATP8A1;IFNA2"
"CPC006 NCIH1694 6H-BRD-K57080016-80.0","2/87",0.0178130102807056,0.241248216158492,0,0,10.3884967320261,41.8430590460358,"PPFIBP2;ATP8A1"
"LJP005 HS578T 24H-vemurafenib-10","2/87",0.0178130102807056,0.241248216158492,0,0,10.3884967320261,41.8430590460358,"CCL5;AIF1"
"CPC006 VCAP 24H-BRD-K49371609-0.09","2/87",0.0178130102807056,0.241248216158492,0,0,10.3884967320261,41.8430590460358,"CETP;CCL5"
"LJP006 HME1 3H-HG-5-88-01-3.33","2/87",0.0178130102807056,0.241248216158492,0,0,10.3884967320261,41.8430590460358,"ATP8A1;CHL1"
"CPC013 VCAP 6H-trichostatin a-10.0","2/87",0.0178130102807056,0.241248216158492,0,0,10.3884967320261,41.8430590460358,"BFSP2;ABCA6"
"LJP006 HA1E 24H-BMS-387032-10","3/236",0.0179642182598526,0.242898539379543,0,0,5.77058134998049,23.1941210305167,"CCL5;CYBB;CLIC2"
"CPC006 NCIH1694 6H-tg101348-11.1","2/88",0.0182002819567309,0.244492424012904,0,0,10.2671834625323,41.133603895696,"BFSP2;PPFIBP2"
"CPC006 PL21 6H-BRD-K12184916-0.63","2/88",0.0182002819567309,0.244492424012904,0,0,10.2671834625323,41.133603895696,"BLK;PPFIBP2"
"CPC007 A549 24H-BRD-K27484191-10.0","2/88",0.0182002819567309,0.244492424012904,0,0,10.2671834625323,41.133603895696,"ABCA6;IFNA2"
"CPC013 VCAP 24H-BRD-K37340241-10.0","2/88",0.0182002819567309,0.244492424012904,0,0,10.2671834625323,41.133603895696,"ABCA6;CCL5"
"CPC014 MCF7 24H-gr-231-10.0","2/89",0.0185911197843667,0.244955573667164,0,0,10.1486590038314,40.4431291533885,"EDNRB;PPFIBP2"
"CPC004 VCAP 24H-BRD-K36055864 (cycloheximide)-10.0","2/89",0.0185911197843667,0.244955573667164,0,0,10.1486590038314,40.4431291533885,"BLK;PPFIBP2"
"CPC006 AGS 6H-at-mlpcn csc-006-10.0","2/89",0.0185911197843667,0.244955573667164,0,0,10.1486590038314,40.4431291533885,"PPFIBP2;CD80"
"CPC006 DV90 6H-sirolimus-10.0","2/89",0.0185911197843667,0.244955573667164,0,0,10.1486590038314,40.4431291533885,"EDNRB;CD80"
"CPC006 RMGI 6H-vorinostat-10.0","2/89",0.0185911197843667,0.244955573667164,0,0,10.1486590038314,40.4431291533885,"PPFIBP2;CD80"
"CPC012 PC3 6H-t7765-10.0","2/89",0.0185911197843667,0.244955573667164,0,0,10.1486590038314,40.4431291533885,"ABCA6;IFNA2"
"LJP006 SKBR3 3H-AT-7519-10","2/89",0.0185911197843667,0.244955573667164,0,0,10.1486590038314,40.4431291533885,"CHL1;AIF1"
"CPC014 MCF7 6H-mls-0425637.0001-10.0","1/8",0.01864918566892,0.244955573667164,0,0,61.944099378882,246.658479823396,"IFNA2"
"CPC003 PC3 24H-flunisolide-10.0","1/8",0.01864918566892,0.244955573667164,0,0,61.944099378882,246.658479823396,"ATP8A1"
"CPC015 MCF7 6H-mycophenolate mofetil-10.0","1/8",0.01864918566892,0.244955573667164,0,0,61.944099378882,246.658479823396,"BFSP2"
"CPC017 MCF7 24H-m-3m3fbs-10.0","1/8",0.01864918566892,0.244955573667164,0,0,61.944099378882,246.658479823396,"PPFIBP2"
"CPC005 VCAP 24H-n-formylmethionylalanine-10.0","1/8",0.01864918566892,0.244955573667164,0,0,61.944099378882,246.658479823396,"HLA-DOA"
"CPC005 VCAP 24H-ritodrine hydrochloride-10.0","1/8",0.01864918566892,0.244955573667164,0,0,61.944099378882,246.658479823396,"CCL5"
"CPC011 VCAP 6H-3-deoxydenosine-10.0","1/8",0.01864918566892,0.244955573667164,0,0,61.944099378882,246.658479823396,"CCL5"
"CPC006 CL34 6H-bx-795-10.0","2/90",0.0189855056149221,0.246632745625558,0,0,10.0328282828283,39.7709284546051,"BLK;IFNA2"
"CPD002 MCF7 24H-acitretin-10.0","2/90",0.0189855056149221,0.246632745625558,0,0,10.0328282828283,39.7709284546051,"PPFIBP2;ABCA6"
"CPC006 NCIH596 6H-nsc 23766-160.0","2/90",0.0189855056149221,0.246632745625558,0,0,10.0328282828283,39.7709284546051,"CD80;IFNA2"
"CPC006 SKLU1 6H-geldanamycin-10.0","2/90",0.0189855056149221,0.246632745625558,0,0,10.0328282828283,39.7709284546051,"PPFIBP2;CD80"
"LJP006 HEPG2 24H-PD-0325901-0.37","2/90",0.0189855056149221,0.246632745625558,0,0,10.0328282828283,39.7709284546051,"PPFIBP2;CCL5"
"CPC012 MCF7 24H-BRD-K07403598-10.0","2/90",0.0189855056149221,0.246632745625558,0,0,10.0328282828283,39.7709284546051,"PPFIBP2;ABCA6"
"CPC013 MCF7 6H-BRD-K48950795-10.0","2/90",0.0189855056149221,0.246632745625558,0,0,10.0328282828283,39.7709284546051,"CCL5;CYBB"
"CPC002 HA1E 6H-remoxipride hydrochloride-10.0","2/91",0.019383421376876,0.250230595777923,0,0,9.91960049937578,39.1163291272981,"PPFIBP2;ABCA6"
"CPC006 SKMEL1 6H-trichostatin a-10.0","2/91",0.019383421376876,0.250230595777923,0,0,9.91960049937578,39.1163291272981,"CD80;AIF1"
"CPC012 HA1E 6H-BRD-K56196992-10.0","2/91",0.019383421376876,0.250230595777923,0,0,9.91960049937578,39.1163291272981,"ABCA6;CCL5"
"LJP007 HEPG2 24H-NVP-BGT226-3.33","2/91",0.019383421376876,0.250230595777923,0,0,9.91960049937578,39.1163291272981,"CCL5;CYBB"
"CPC014 ASC 24H-BRD-K68174511-10.0","2/92",0.0197848490499347,0.253828877346062,0,0,9.80888888888889,38.4786902487275,"PPFIBP2;ARHGAP6"
"CPC006 DV90 6H-15-deoxy-?12,14-prostaglandin j2-10.0","2/92",0.0197848490499347,0.253828877346062,0,0,9.80888888888889,38.4786902487275,"CD80;CCL5"
"CPC019 MCF7 24H-BRD-K67870070-10.0","2/92",0.0197848490499347,0.253828877346062,0,0,9.80888888888889,38.4786902487275,"ABCA6;CYBB"
"CPC006 VCAP 6H-bx-795-10.0","2/92",0.0197848490499347,0.253828877346062,0,0,9.80888888888889,38.4786902487275,"ABCA6;IFNA2"
"CPC014 A549 6H-stk397047-10.0","2/93",0.0201897706797652,0.254550440806408,0,0,9.7006105006105,37.8574008138535,"PPFIBP2;CD80"
"CPC014 HA1E 6H-s1042-10.0","2/93",0.0201897706797652,0.254550440806408,0,0,9.7006105006105,37.8574008138535,"PPFIBP2;ATP8A1"
"CPC006 HT115 6H-fluspirilen-4.21","2/93",0.0201897706797652,0.254550440806408,0,0,9.7006105006105,37.8574008138535,"IFNA2;ARHGAP6"
"CPC006 NCIH596 6H-hdac6 inhibitor isox-10.0","2/93",0.0201897706797652,0.254550440806408,0,0,9.7006105006105,37.8574008138535,"CD80;DNASE1L3"
"LJP005 MDAMB231 24H-WZ-3105-3.33","2/93",0.0201897706797652,0.254550440806408,0,0,9.7006105006105,37.8574008138535,"CYBB;CLIC2"
"LJP006 A375 24H-WYE-125132-0.04","2/93",0.0201897706797652,0.254550440806408,0,0,9.7006105006105,37.8574008138535,"CCL5;PLA1A"
"LJP006 HEPG2 24H-HG-5-88-01-0.04","2/93",0.0201897706797652,0.254550440806408,0,0,9.7006105006105,37.8574008138535,"CYBB;ARHGAP6"
"CPC011 VCAP 24H-clobenpropit dihydrobromide-10.0","2/93",0.0201897706797652,0.254550440806408,0,0,9.7006105006105,37.8574008138535,"BFSP2;IFNA2"
"CPC006 MCF7 6H-vorinostat-10.0","3/247",0.0202425971098715,0.254550440806408,0,0,5.50735842026826,21.4785112887874,"ABCA6;CYBB;DNASE1L3"
"CPC015 A375 6H-fluphenazine-n-2-chloroethane, dihydrochloride-10.0","2/94",0.0205981683745743,0.254550440806408,0,0,9.59468599033816,37.2518780367572,"BFSP2;EDNRB"
"CPC006 CL34 6H-valdecoxib-177.6","2/94",0.0205981683745743,0.254550440806408,0,0,9.59468599033816,37.2518780367572,"BLK;PPFIBP2"
"CPC019 MCF7 6H-BRD-K60067222-10.0","2/94",0.0205981683745743,0.254550440806408,0,0,9.59468599033816,37.2518780367572,"CCL5;IFNA2"
"CPC020 VCAP 6H-BRD-K64517075-10.0","2/94",0.0205981683745743,0.254550440806408,0,0,9.59468599033816,37.2518780367572,"ABCA6;HLA-DOA"
"CPC006 LOVO 6H-BRD-K89692698-160.0","2/94",0.0205981683745743,0.254550440806408,0,0,9.59468599033816,37.2518780367572,"PPFIBP2;ABCA6"
"CPC006 LOVO 6H-parthenolide-10.0","2/94",0.0205981683745743,0.254550440806408,0,0,9.59468599033816,37.2518780367572,"ATP8A1;IFNA2"
"CPC006 SW948 6H-itraconazole-10.0","2/94",0.0205981683745743,0.254550440806408,0,0,9.59468599033816,37.2518780367572,"PPFIBP2;CD80"
"CPC006 THP1 6H-abt-888 (veliparib)-10.0","2/94",0.0205981683745743,0.254550440806408,0,0,9.59468599033816,37.2518780367572,"PPFIBP2;CCL5"
"CPC008 HEPG2 6H-wortmannin-10.0","2/94",0.0205981683745743,0.254550440806408,0,0,9.59468599033816,37.2518780367572,"EDNRB;ATP8A1"
"CPC012 HA1E 6H-BRD-K86472598-10.0","2/94",0.0205981683745743,0.254550440806408,0,0,9.59468599033816,37.2518780367572,"PPFIBP2;CD80"
"CPC013 HEPG2 6H-s1216-10.0","2/94",0.0205981683745743,0.254550440806408,0,0,9.59468599033816,37.2518780367572,"PPFIBP2;ATP8A1"
"CPC001 VCAP 6H-aq-ra 741-10.0","1/9",0.0209562731864944,0.254550440806408,0,0,54.1983695652174,209.493892332221,"BLK"
"CPC015 MCF7 6H-physostigmine salicylate-10.0","1/9",0.0209562731864944,0.254550440806408,0,0,54.1983695652174,209.493892332221,"BFSP2"
"CPC015 MCF7 6H-fluphenazine-n-2-chloroethane, dihydrochloride-10.0","1/9",0.0209562731864944,0.254550440806408,0,0,54.1983695652174,209.493892332221,"CHL1"
"CPC017 HT29 6H-taxol-10.0","1/9",0.0209562731864944,0.254550440806408,0,0,54.1983695652174,209.493892332221,"IFNA2"
"CPC017 MCF7 24H-tubocurarine chloride pentahydrate (+)-10.0","1/9",0.0209562731864944,0.254550440806408,0,0,54.1983695652174,209.493892332221,"IFNA2"
"CPC017 MCF7 24H-resveratrol-10.0","1/9",0.0209562731864944,0.254550440806408,0,0,54.1983695652174,209.493892332221,"CCL5"
"CPC019 PC3 6H-BRD-K57309821-10.0","1/9",0.0209562731864944,0.254550440806408,0,0,54.1983695652174,209.493892332221,"IFNA2"
"CPC012 A375 6H-BRD-K19875179-10.0","1/9",0.0209562731864944,0.254550440806408,0,0,54.1983695652174,209.493892332221,"IFNA2"
"LJP007 A549 24H-SB-525334-1.11","1/9",0.0209562731864944,0.254550440806408,0,0,54.1983695652174,209.493892332221,"CCL5"
"CPC002 HA1E 6H-l-689,560-10.0","2/95",0.0210100242985833,0.254550440806408,0,0,9.4910394265233,36.6615657667672,"PPFIBP2;CYBB"
"CPC015 ASC 24H-epirubicin hydrochloride-10.0","2/95",0.0210100242985833,0.254550440806408,0,0,9.4910394265233,36.6615657667672,"PPFIBP2;ARHGAP6"
"CPC016 A549 24H-cucurbitacin i-10.0","2/95",0.0210100242985833,0.254550440806408,0,0,9.4910394265233,36.6615657667672,"ABCA6;CD80"
"CPC004 VCAP 6H-lumicolchicine gamma-10.0","2/95",0.0210100242985833,0.254550440806408,0,0,9.4910394265233,36.6615657667672,"ABCA6;IFNA2"
"CPC006 A673 6H-temsirolimus [ci779]-10.0","2/95",0.0210100242985833,0.254550440806408,0,0,9.4910394265233,36.6615657667672,"PPFIBP2;ABCA6"
"CPD001 MCF7 24H-trifluoperazine dihydrochloride-10.0","2/95",0.0210100242985833,0.254550440806408,0,0,9.4910394265233,36.6615657667672,"PPFIBP2;ABCA6"
"CPC006 PL21 6H-qs 11-10.0","2/95",0.0210100242985833,0.254550440806408,0,0,9.4910394265233,36.6615657667672,"BLK;ABCA6"
"CPC013 A375 6H-BRD-K45044657-10.0","2/95",0.0210100242985833,0.254550440806408,0,0,9.4910394265233,36.6615657667672,"ABCA6;CCL5"
"CPC013 HA1E 6H-hy-50940-10.0","2/95",0.0210100242985833,0.254550440806408,0,0,9.4910394265233,36.6615657667672,"PPFIBP2;CHL1"
"CPC017 SKB 24H-siguazodan-10.0","2/96",0.0214253206888575,0.256205966329907,0,0,9.38959810874704,36.0859329987409,"ABCA6;IFNA2"
"CPC005 VCAP 6H-bntx maleate-10.0","2/96",0.0214253206888575,0.256205966329907,0,0,9.38959810874704,36.0859329987409,"BLK;HLA-DOA"
"CPC006 A673 6H-manumycin a-10.0","2/96",0.0214253206888575,0.256205966329907,0,0,9.38959810874704,36.0859329987409,"PPFIBP2;CD80"
"CPC020 A549 6H-vorinostat-10.0","2/96",0.0214253206888575,0.256205966329907,0,0,9.38959810874704,36.0859329987409,"CD80;DNASE1L3"
"CPC006 SKM1 6H-BRD-K19295594-11.1","2/96",0.0214253206888575,0.256205966329907,0,0,9.38959810874704,36.0859329987409,"EDNRB;IFNA2"
"CPC008 HEPG2 6H-ncgc00182357-01-10.0","2/96",0.0214253206888575,0.256205966329907,0,0,9.38959810874704,36.0859329987409,"CCL5;LST1"
"CPC009 VCAP 24H-salmeterol-10.0","2/96",0.0214253206888575,0.256205966329907,0,0,9.38959810874704,36.0859329987409,"ABCA6;IFNA2"
"CPC011 PC3 24H-idarubicin hcl-10.0","2/96",0.0214253206888575,0.256205966329907,0,0,9.38959810874704,36.0859329987409,"PPFIBP2;CYBB"
"LJP007 HA1E 24H-HG-14-10-04-10","2/96",0.0214253206888575,0.256205966329907,0,0,9.38959810874704,36.0859329987409,"EDNRB;IGKV3-20"
"CPC009 VCAP 24H-BRD-K82732294-10.0","3/254",0.0217720024560413,0.257125788924975,0,0,5.3518652662079,20.4822863940314,"ATP8A1;CCL5;CYBB"
"CPC001 PC3 6H-pi 828-10.0","2/97",0.0218440398325387,0.257125788924975,0,0,9.29029239766082,35.5244724985095,"BLK;ARHGAP6"
"CPC004 MCF7 6H-ro 31-8220 mesylate-10.0","2/97",0.0218440398325387,0.257125788924975,0,0,9.29029239766082,35.5244724985095,"EDNRB;CYBB"
"CPC016 A549 24H-mdl 72222-10.0","2/97",0.0218440398325387,0.257125788924975,0,0,9.29029239766082,35.5244724985095,"PPFIBP2;IFNA2"
"CPC017 MCF7 24H-ag-879-10.0","2/97",0.0218440398325387,0.257125788924975,0,0,9.29029239766082,35.5244724985095,"ABCA6;CCL5"
"CPC017 SKB 24H-leflunomide-10.0","2/97",0.0218440398325387,0.257125788924975,0,0,9.29029239766082,35.5244724985095,"PPFIBP2;ABCA6"
"CPC005 VCAP 6H-trichostatin a-10.0","2/97",0.0218440398325387,0.257125788924975,0,0,9.29029239766082,35.5244724985095,"BFSP2;DNASE1L3"
"CPC018 A549 24H-sirolimus-10.0","2/97",0.0218440398325387,0.257125788924975,0,0,9.29029239766082,35.5244724985095,"PPFIBP2;AIF1"
"CPC019 A549 6H-BRD-K98824517-10.0","2/97",0.0218440398325387,0.257125788924975,0,0,9.29029239766082,35.5244724985095,"PPFIBP2;CD80"
"CPC006 RKO 6H-gsk2334470-0.10000000149","2/97",0.0218440398325387,0.257125788924975,0,0,9.29029239766082,35.5244724985095,"PPFIBP2;AIF1"
"CPC006 SW620 6H-ag14361-25.0","2/97",0.0218440398325387,0.257125788924975,0,0,9.29029239766082,35.5244724985095,"ABCA6;LTA"
"CPC014 HCC515 6H-BRD-K69852452-10.0","2/98",0.0222661640821538,0.258781612050313,0,0,9.19305555555556,34.9766995005064,"BFSP2;IFNA2"
"CPC002 HA1E 6H-flufenamic acid-10.0","2/98",0.0222661640821538,0.258781612050313,0,0,9.19305555555556,34.9766995005064,"ABCA6;CCL5"
"CPC004 HCC515 24H-sirolimus-10.0","2/98",0.0222661640821538,0.258781612050313,0,0,9.19305555555556,34.9766995005064,"CD80;LST1"
"CPC006 PC3 6H-emetine dihydrochloride hydrate (74)-0.63","2/98",0.0222661640821538,0.258781612050313,0,0,9.19305555555556,34.9766995005064,"ABCA6;IFNA2"
"CPC006 RKO 6H-curcumin-48.0","2/98",0.0222661640821538,0.258781612050313,0,0,9.19305555555556,34.9766995005064,"CD80;AIF1"
"CPC006 SW948 6H-hdac6 inhibitor isox-10.0","2/98",0.0222661640821538,0.258781612050313,0,0,9.19305555555556,34.9766995005064,"BFSP2;DNASE1L3"
"CPC012 HCC515 6H-np-000732-10.0","2/98",0.0222661640821538,0.258781612050313,0,0,9.19305555555556,34.9766995005064,"CCL5;IFNA2"
"CPC012 HT29 6H-t542500-10.0","2/98",0.0222661640821538,0.258781612050313,0,0,9.19305555555556,34.9766995005064,"PPFIBP2;LST1"
"CPC013 A549 6H-trichostatin a-10.0","2/98",0.0222661640821538,0.258781612050313,0,0,9.19305555555556,34.9766995005064,"BFSP2;DNASE1L3"
"CPC014 HCC515 6H-BRD-A80960055-10.0","2/99",0.0226916758524347,0.258830482154171,0,0,9.09782359679267,34.4421504970234,"CD80;IFNA2"
"CPC004 VCAP 24H-bisacodyl-10.0","2/99",0.0226916758524347,0.258830482154171,0,0,9.09782359679267,34.4421504970234,"BLK;CCL5"
"CPC006 NCIH596 6H-BRD-K73261812-10.0","2/99",0.0226916758524347,0.258830482154171,0,0,9.09782359679267,34.4421504970234,"BLK;IFNA2"
"CPC006 PL21 6H-BRD-K60219430-10.0","2/99",0.0226916758524347,0.258830482154171,0,0,9.09782359679267,34.4421504970234,"ABCA6;IFNA2"
"CPC007 MCF7 24H-BRD-A47816767-10.0","2/99",0.0226916758524347,0.258830482154171,0,0,9.09782359679267,34.4421504970234,"PPFIBP2;ATP8A1"
"CPC010 MCF7 24H-6-azauridine-10.0","2/99",0.0226916758524347,0.258830482154171,0,0,9.09782359679267,34.4421504970234,"PPFIBP2;ABCA6"
"CPC013 MCF7 6H-BRD-K45044657-10.0","2/99",0.0226916758524347,0.258830482154171,0,0,9.09782359679267,34.4421504970234,"CHL1;CCL5"
"CPC006 MCF7 6H-emetine dihydrochloride hydrate (74)-0.63","3/259",0.0229023756431826,0.258830482154171,0,0,5.24600497159091,19.8116145448594,"ABCA6;CCL5;AIF1"
"CPC014 HCC515 6H-z2777-10.0","2/100",0.0231205576171507,0.258830482154171,0,0,9.00453514739229,33.920382104137,"CYBB;HLA-DOA"
"CPC014 VCAP 24H-hy-10159-10.0","2/100",0.0231205576171507,0.258830482154171,0,0,9.00453514739229,33.920382104137,"PPFIBP2;ATP8A1"
"CPC005 PC3 24H-purvalanol a-10.0","2/100",0.0231205576171507,0.258830482154171,0,0,9.00453514739229,33.920382104137,"BLK;CD80"
"CPC019 MCF7 6H-wortmannin-10.0","2/100",0.0231205576171507,0.258830482154171,0,0,9.00453514739229,33.920382104137,"CYBB;CCR6"
"CPD003 MCF7 24H-verteporfin-10.0","2/100",0.0231205576171507,0.258830482154171,0,0,9.00453514739229,33.920382104137,"PPFIBP2;ABCA6"
"CPC006 HT29 24H-evodiamine-10.0","2/100",0.0231205576171507,0.258830482154171,0,0,9.00453514739229,33.920382104137,"LST1;IFNA2"
"CPC006 PL21 6H-parthenolide-10.0","2/100",0.0231205576171507,0.258830482154171,0,0,9.00453514739229,33.920382104137,"BLK;IFNA2"
"LJP005 MCF7 3H-WZ-3105-3.33","2/100",0.0231205576171507,0.258830482154171,0,0,9.00453514739229,33.920382104137,"RGS13;CHL1"
"CPC008 MCF7 24H-ncgc00242279-01-10.0","2/100",0.0231205576171507,0.258830482154171,0,0,9.00453514739229,33.920382104137,"PPFIBP2;PHACTR1"
"CPC008 MCF7 24H-BRD-K25536815-10.0","2/100",0.0231205576171507,0.258830482154171,0,0,9.00453514739229,33.920382104137,"PPFIBP2;PHACTR1"
"CPC014 MCF7 6H-BRD-K51998148-10.0","1/10",0.0232580526351399,0.258830482154171,0,0,48.1739130434783,181.187090155358,"CCL5"
"CPC003 PC3 6H-hydroquinidine-10.0","1/10",0.0232580526351399,0.258830482154171,0,0,48.1739130434783,181.187090155358,"IFNA2"
"CPC003 VCAP 6H-diflorasone diacetate-10.0","1/10",0.0232580526351399,0.258830482154171,0,0,48.1739130434783,181.187090155358,"PPFIBP2"
"CPC015 MCF7 6H-y-26763-10.0","1/10",0.0232580526351399,0.258830482154171,0,0,48.1739130434783,181.187090155358,"ABCA6"
"CPC017 HT29 6H-skf 81297 hydrobromide-10.0","1/10",0.0232580526351399,0.258830482154171,0,0,48.1739130434783,181.187090155358,"CCL5"
"CPC017 MCF7 24H-calpeptin-10.0","1/10",0.0232580526351399,0.258830482154171,0,0,48.1739130434783,181.187090155358,"IFNA2"
"CPC005 PC3 6H-fluorometholone-10.0","1/10",0.0232580526351399,0.258830482154171,0,0,48.1739130434783,181.187090155358,"IFNA2"
"CPC005 VCAP 24H-reserpine-10.0","1/10",0.0232580526351399,0.258830482154171,0,0,48.1739130434783,181.187090155358,"CCL5"
"CPC020 MCF7 24H-demeclocycline-10.0","1/10",0.0232580526351399,0.258830482154171,0,0,48.1739130434783,181.187090155358,"PPFIBP2"
"LJP009 A549 24H-KIN001-055-10","1/10",0.0232580526351399,0.258830482154171,0,0,48.1739130434783,181.187090155358,"CCL5"
"CPC011 VCAP 24H-lamivudine-10.0","1/10",0.0232580526351399,0.258830482154171,0,0,48.1739130434783,181.187090155358,"IFNA2"
"CPC011 VCAP 24H-indirubin-10.0","1/10",0.0232580526351399,0.258830482154171,0,0,48.1739130434783,181.187090155358,"IFNA2"
"CPC014 A549 24H-gr-231-10.0","2/101",0.0235527919108267,0.258830482154171,0,0,8.91313131313131,33.4109699968967,"PPFIBP2;ATP8A1"
"CPC006 COV644 6H-m-3m3fbs-80.0","2/101",0.0235527919108267,0.258830482154171,0,0,8.91313131313131,33.4109699968967,"IFNA2;ARHGAP6"
"CPC006 LOVO 6H-BRD-A31107743-0.09","2/101",0.0235527919108267,0.258830482154171,0,0,8.91313131313131,33.4109699968967,"EDNRB;IFNA2"
"CPC006 MDST8 6H-sid 26681509-88.8","2/101",0.0235527919108267,0.258830482154171,0,0,8.91313131313131,33.4109699968967,"EDNRB;AIF1"
"CPC006 NOMO1 6H-BRD-K49371609-0.09","2/101",0.0235527919108267,0.258830482154171,0,0,8.91313131313131,33.4109699968967,"PPFIBP2;CD80"
"LJP005 HS578T 24H-NU-7441-10","2/101",0.0235527919108267,0.258830482154171,0,0,8.91313131313131,33.4109699968967,"EDNRB;RGS13"
"CPC006 TYKNU 6H-a112550.cdx-11.1","2/101",0.0235527919108267,0.258830482154171,0,0,8.91313131313131,33.4109699968967,"PPFIBP2;PHACTR1"
"CPC008 HCC515 6H-tl hras26 brd-k01877528-10.0","2/101",0.0235527919108267,0.258830482154171,0,0,8.91313131313131,33.4109699968967,"PPFIBP2;CD80"
"LJP006 BT20 24H-PI-103-0.37","2/101",0.0235527919108267,0.258830482154171,0,0,8.91313131313131,33.4109699968967,"PPFIBP2;CHL1"
"CPC013 A549 24H-BRD-K80786583-10.0","2/101",0.0235527919108267,0.258830482154171,0,0,8.91313131313131,33.4109699968967,"ABCA6;IFNA2"
"LJP006 SKBR3 24H-celastrol-10","2/101",0.0235527919108267,0.258830482154171,0,0,8.91313131313131,33.4109699968967,"CHL1;CCL5"
"CPC015 HEPG2 6H-nonoxynol-9-10.0","2/102",0.0239883613313998,0.260628552779364,0,0,8.82355555555556,32.9135079104762,"CHL1;CD80"
"CPC005 HCC515 6H-indirubin-3-oxime-10.0","2/102",0.0239883613313998,0.260628552779364,0,0,8.82355555555556,32.9135079104762,"ABCA6;IFNA2"
"CPC017 MCF7 6H-er 27319 maleate-10.0","2/102",0.0239883613313998,0.260628552779364,0,0,8.82355555555556,32.9135079104762,"EDNRB;CYBB"
"CPC006 DV90 6H-mln4924-11.1","2/102",0.0239883613313998,0.260628552779364,0,0,8.82355555555556,32.9135079104762,"CCL5;CYBB"
"CPC006 LOVO 6H-bay 11-7821-10.0","2/102",0.0239883613313998,0.260628552779364,0,0,8.82355555555556,32.9135079104762,"ABCA6;LST1"
"LJP006 BT20 24H-WZ-4-145-0.12","2/102",0.0239883613313998,0.260628552779364,0,0,8.82355555555556,32.9135079104762,"CCL5;RNASE6"
"CPC009 A549 24H-wortmannin-10.0","2/102",0.0239883613313998,0.260628552779364,0,0,8.82355555555556,32.9135079104762,"PPFIBP2;IFNA2"
"CPC009 MCF7 6H-BRD-K81814927-10.0","2/102",0.0239883613313998,0.260628552779364,0,0,8.82355555555556,32.9135079104762,"EDNRB;CYBB"
"CPC014 A549 6H-BRD-U29336476-10.0","2/103",0.0244272485289434,0.260628552779364,0,0,8.73575357535754,32.4276067079329,"PPFIBP2;CD80"
"CPC014 MCF7 6H-BRD-A11702965-10.0","2/103",0.0244272485289434,0.260628552779364,0,0,8.73575357535754,32.4276067079329,"CHL1;CYBB"
"CPC005 A549 6H-mitoxantrone dihydrochloride-10.0","2/103",0.0244272485289434,0.260628552779364,0,0,8.73575357535754,32.4276067079329,"CD80;LST1"
"CPC017 HT29 6H-piplartine-10.0","2/103",0.0244272485289434,0.260628552779364,0,0,8.73575357535754,32.4276067079329,"BFSP2;PPFIBP2"
"CPC006 A673 6H-quinacrine dihydrochloride dihydrate-10.0","2/103",0.0244272485289434,0.260628552779364,0,0,8.73575357535754,32.4276067079329,"PPFIBP2;CD80"
"CPC006 NCIH596 6H-sirolimus-10.0","2/103",0.0244272485289434,0.260628552779364,0,0,8.73575357535754,32.4276067079329,"EDNRB;PPFIBP2"
"CPC006 PC3 6H-BRD-A36630025-0.35","2/103",0.0244272485289434,0.260628552779364,0,0,8.73575357535754,32.4276067079329,"BFSP2;PPFIBP2"
"CPC006 SNUC4 6H-BRD-K25737009-40.0","2/103",0.0244272485289434,0.260628552779364,0,0,8.73575357535754,32.4276067079329,"BLK;IFNA2"
"CPC009 MCF7 6H-daunorubicin hydrochloride-10.0","2/103",0.0244272485289434,0.260628552779364,0,0,8.73575357535754,32.4276067079329,"LST1;CYBB"
"LJP006 HME1 24H-BMS-387032-0.12","2/103",0.0244272485289434,0.260628552779364,0,0,8.73575357535754,32.4276067079329,"RNASE6;DNASE1L3"
"CPC012 A549 6H-trichostatin a-10.0","2/103",0.0244272485289434,0.260628552779364,0,0,8.73575357535754,32.4276067079329,"CD80;DNASE1L3"
"LJP006 MCF7 24H-QL-XII-47-0.37","2/103",0.0244272485289434,0.260628552779364,0,0,8.73575357535754,32.4276067079329,"LST1;AIF1"
"CPC014 HEPG2 6H-ei-263-10.0","2/104",0.0248694362177676,0.260628552779364,0,0,8.64967320261438,31.9528934962774,"EDNRB;ABCA6"
"CPC014 HT29 6H-BRD-K83972459-10.0","2/104",0.0248694362177676,0.260628552779364,0,0,8.64967320261438,31.9528934962774,"BFSP2;PPFIBP2"
"CPC014 MCF7 24H-hy-11006-10.0","2/104",0.0248694362177676,0.260628552779364,0,0,8.64967320261438,31.9528934962774,"EDNRB;PPFIBP2"
"CPC003 VCAP 24H-ivermectin-10.0","2/104",0.0248694362177676,0.260628552779364,0,0,8.64967320261438,31.9528934962774,"PPFIBP2;CD80"
"CPC004 HA1E 6H-bithionate sodium-10.0","2/104",0.0248694362177676,0.260628552779364,0,0,8.64967320261438,31.9528934962774,"PPFIBP2;ABCA6"
"CPC006 HT115 6H-dl-pdmp-64.0","2/104",0.0248694362177676,0.260628552779364,0,0,8.64967320261438,31.9528934962774,"IFNA2;TNFSF11"
"CPC006 LOVO 6H-cyclosporine-10.0","2/104",0.0248694362177676,0.260628552779364,0,0,8.64967320261438,31.9528934962774,"PPFIBP2;IFNA2"
"CPC006 LOVO 6H-cot-10b-44.4","2/104",0.0248694362177676,0.260628552779364,0,0,8.64967320261438,31.9528934962774,"ABCA6;IFNA2"
"CPC006 RMGI 6H-bms-536924-11.1","2/104",0.0248694362177676,0.260628552779364,0,0,8.64967320261438,31.9528934962774,"BLK;ARHGAP6"
"CPC006 SNUC4 6H-BRD-K43620258-80.0","2/104",0.0248694362177676,0.260628552779364,0,0,8.64967320261438,31.9528934962774,"ABCA6;CCL5"
"CPC006 SW948 6H-b675700.cdx-0.04","2/104",0.0248694362177676,0.260628552779364,0,0,8.64967320261438,31.9528934962774,"PPFIBP2;ATP8A1"
"CPC013 VCAP 24H-hy-50877-10.0","2/104",0.0248694362177676,0.260628552779364,0,0,8.64967320261438,31.9528934962774,"CCL5;CYBB"
"CPC006 COV644 6H-vorinostat-11.1","2/105",0.0253149071840064,0.260628552779364,0,0,8.56526429341963,31.4890107979243,"CD80;DNASE1L3"
"CPC006 LOVO 6H-niguldipine hydrochloride-10.0","2/105",0.0253149071840064,0.260628552779364,0,0,8.56526429341963,31.4890107979243,"PPFIBP2;IFNA2"
"CPC006 NCIH2073 6H-2,5-dideoxyadenosine-10.0","2/105",0.0253149071840064,0.260628552779364,0,0,8.56526429341963,31.4890107979243,"PPFIBP2;AIF1"
"CPC006 SKM1 6H-pkcbeta inhibitor-10.0","2/105",0.0253149071840064,0.260628552779364,0,0,8.56526429341963,31.4890107979243,"CCL5;LST1"
"CPC006 THP1 6H-lde225 (nvp-lde225)-10.0","2/105",0.0253149071840064,0.260628552779364,0,0,8.56526429341963,31.4890107979243,"PPFIBP2;IFNA2"
"CPC006 WSUDLCL2 6H-geldanamycin-10.0","2/105",0.0253149071840064,0.260628552779364,0,0,8.56526429341963,31.4890107979243,"BLK;IFNA2"
"CPC013 MCF7 6H-s1216-10.0","2/105",0.0253149071840064,0.260628552779364,0,0,8.56526429341963,31.4890107979243,"EDNRB;CYBB"
"CPC014 A375 6H-BRD-K39944607-10.0","2/105",0.0253149071840064,0.260628552779364,0,0,8.56526429341963,31.4890107979243,"PPFIBP2;CD80"
"CPC001 VCAP 6H-irsogladine maleate-10.0","1/11",0.0255545358769435,0.260628552779364,0,0,43.354347826087,158.977811668694,"IFNA2"
"CPC015 MCF7 6H-alfuzosin hydrochloride-10.0","1/11",0.0255545358769435,0.260628552779364,0,0,43.354347826087,158.977811668694,"PPFIBP2"
"CPC005 VCAP 24H-cortisone-10.0","1/11",0.0255545358769435,0.260628552779364,0,0,43.354347826087,158.977811668694,"IFNA2"
"CPC005 VCAP 24H-benzamil hydrochloride-10.0","1/11",0.0255545358769435,0.260628552779364,0,0,43.354347826087,158.977811668694,"CCL5"
"CPC019 PC3 6H-BRD-K58191509-10.0","1/11",0.0255545358769435,0.260628552779364,0,0,43.354347826087,158.977811668694,"PPFIBP2"
"CPC006 HCC515 24H-blebbistatin-40.0","1/11",0.0255545358769435,0.260628552779364,0,0,43.354347826087,158.977811668694,"EDNRB"
"CPD001 MCF7 6H-isotretinoin-10.0","1/11",0.0255545358769435,0.260628552779364,0,0,43.354347826087,158.977811668694,"CCL5"
"LJP005 BT20 3H-dasatinib-1.11","1/11",0.0255545358769435,0.260628552779364,0,0,43.354347826087,158.977811668694,"CHL1"
"LJP009 A549 24H-MLN-8054-3.33","1/11",0.0255545358769435,0.260628552779364,0,0,43.354347826087,158.977811668694,"CCL5"
"CPC008 VCAP 6H-BRD-K89059493-10.0","1/11",0.0255545358769435,0.260628552779364,0,0,43.354347826087,158.977811668694,"ABCA6"
"CPC009 PC3 6H-BRD-K42489623-10.0","1/11",0.0255545358769435,0.260628552779364,0,0,43.354347826087,158.977811668694,"IFNA2"
"CPC009 VCAP 24H-dicloxacillin sodium salt hydrate-10.0","1/11",0.0255545358769435,0.260628552779364,0,0,43.354347826087,158.977811668694,"IFNA2"
"CPC015 ASC 24H-dactinomycin-10.0","2/106",0.0257636442505764,0.260628552779364,0,0,8.48247863247863,31.0356157860108,"PPFIBP2;ARHGAP6"
"CPC016 A549 6H-riboflavine-10.0","2/106",0.0257636442505764,0.260628552779364,0,0,8.48247863247863,31.0356157860108,"PPFIBP2;IFNA2"
"CPC017 NPC 24H-jak3 inhibitor ii-10.0","2/106",0.0257636442505764,0.260628552779364,0,0,8.48247863247863,31.0356157860108,"PPFIBP2;ATP8A1"
"CPC019 A549 6H-BRD-K06405410-10.0","2/106",0.0257636442505764,0.260628552779364,0,0,8.48247863247863,31.0356157860108,"PPFIBP2;CD80"
"CPC006 A673 6H-ku-0063794-10.0","2/106",0.0257636442505764,0.260628552779364,0,0,8.48247863247863,31.0356157860108,"PPFIBP2;CYBB"
"CPC006 HT115 6H-pf3845-10.0","2/106",0.0257636442505764,0.260628552779364,0,0,8.48247863247863,31.0356157860108,"BLK;PPFIBP2"
"CPD003 PC3 24H-simvastatin-10.0","2/106",0.0257636442505764,0.260628552779364,0,0,8.48247863247863,31.0356157860108,"PPFIBP2;ABCA6"
"CPC006 NCIH1694 6H-BRD-K49371609-0.09","2/106",0.0257636442505764,0.260628552779364,0,0,8.48247863247863,31.0356157860108,"PPFIBP2;ATP8A1"
"CPC006 RKO 6H-BRD-K15563106-177.600006104","2/106",0.0257636442505764,0.260628552779364,0,0,8.48247863247863,31.0356157860108,"CD80;ARHGAP6"
"CPC006 U937 6H-BRD-K15563106-177.6","2/106",0.0257636442505764,0.260628552779364,0,0,8.48247863247863,31.0356157860108,"PPFIBP2;CD80"
"CPC006 VCAP 6H-BRD-K15563106-177.6","2/106",0.0257636442505764,0.260628552779364,0,0,8.48247863247863,31.0356157860108,"PPFIBP2;ABCA6"
"LJP006 BT20 24H-alvocidib-0.12","2/106",0.0257636442505764,0.260628552779364,0,0,8.48247863247863,31.0356157860108,"PHACTR1;AIF1"
"LJP006 HS578T 24H-AZD-5438-3.33","2/106",0.0257636442505764,0.260628552779364,0,0,8.48247863247863,31.0356157860108,"RNASE6;AIF1"
"CPC015 A375 6H-mitomycin c-10.0","2/107",0.026215630321282,0.262314801582356,0,0,8.40126984126984,30.5923795384915,"BFSP2;LST1"
"CPC019 PC3 24H-BRD-K85818861-10.0","2/107",0.026215630321282,0.262314801582356,0,0,8.40126984126984,30.5923795384915,"ABCA6;CCL5"
"CPC006 HCT116 6H-mk-2206-10.0","2/107",0.026215630321282,0.262314801582356,0,0,8.40126984126984,30.5923795384915,"EDNRB;CCL5"
"CPD001 MCF7 24H-ivermectin-10.0","2/107",0.026215630321282,0.262314801582356,0,0,8.40126984126984,30.5923795384915,"PPFIBP2;ABCA6"
"CPD001 MCF7 24H-dequalinium dichloride-10.0","2/107",0.026215630321282,0.262314801582356,0,0,8.40126984126984,30.5923795384915,"PPFIBP2;ABCA6"
"CPC006 HEC108 6H-ag14361-25.0","2/107",0.026215630321282,0.262314801582356,0,0,8.40126984126984,30.5923795384915,"PPFIBP2;CCL5"
"CPC006 RMGI 6H-zm 336372-102.71","2/107",0.026215630321282,0.262314801582356,0,0,8.40126984126984,30.5923795384915,"CD80;CCL5"
"CPC007 A375 6H-BRD-K93443135-10.0","2/107",0.026215630321282,0.262314801582356,0,0,8.40126984126984,30.5923795384915,"BFSP2;IFNA2"
"LJP006 MCF10A 3H-geldanamycin-0.37","2/107",0.026215630321282,0.262314801582356,0,0,8.40126984126984,30.5923795384915,"EDNRB;IGKV3-20"
"CPC004 HEPG2 6H-digoxin-10.0","2/108",0.0266708483443649,0.264629820203381,0,0,8.32159329140461,30.1589863626332,"PPFIBP2;IFNA2"
"CPC019 PC3 6H-BRD-K74486276-10.0","2/108",0.0266708483443649,0.264629820203381,0,0,8.32159329140461,30.1589863626332,"ABCA6;CCL5"
"LJP006 BT20 24H-alvocidib-3.33","2/108",0.0266708483443649,0.264629820203381,0,0,8.32159329140461,30.1589863626332,"LTB;AIF1"
"CPC010 MCF7 24H-cyproheptadine hydrochloride-10.0","2/108",0.0266708483443649,0.264629820203381,0,0,8.32159329140461,30.1589863626332,"PPFIBP2;ABCA6"
"CPC011 A549 24H-piroxicam-10.0","2/108",0.0266708483443649,0.264629820203381,0,0,8.32159329140461,30.1589863626332,"PPFIBP2;CD80"
"LJP006 SKBR3 24H-alvocidib-0.12","2/108",0.0266708483443649,0.264629820203381,0,0,8.32159329140461,30.1589863626332,"CCL5;AIF1"
"CPC013 HEPG2 6H-btb06091sc-10.0","2/108",0.0266708483443649,0.264629820203381,0,0,8.32159329140461,30.1589863626332,"BFSP2;CD80"
"CPC004 HT29 6H-vorinostat-10.0","2/109",0.0271292813300767,0.265482325307987,0,0,8.24340602284527,29.7351331412297,"BFSP2;DNASE1L3"
"CPC016 NPC 24H-BRD-K37865504-10.0","2/109",0.0271292813300767,0.265482325307987,0,0,8.24340602284527,29.7351331412297,"CCL5;IFNA2"
"CPC006 A375 24H-pifithrin- ?-10.0","2/109",0.0271292813300767,0.265482325307987,0,0,8.24340602284527,29.7351331412297,"ABCA6;CCL5"
"CPC020 MCF7 24H-BRD-K64517075-10.0","2/109",0.0271292813300767,0.265482325307987,0,0,8.24340602284527,29.7351331412297,"PPFIBP2;ABCA6"
"CPC006 MCF7 6H-bms-754807-10.0","2/109",0.0271292813300767,0.265482325307987,0,0,8.24340602284527,29.7351331412297,"CCL5;CYBB"
"CPC006 NCIH596 6H-BRD-K17140735-11.1","2/109",0.0271292813300767,0.265482325307987,0,0,8.24340602284527,29.7351331412297,"ABCA6;LST1"
"CPC006 SNUC4 6H-quinacrine dihydrochloride dihydrate-10.0","2/109",0.0271292813300767,0.265482325307987,0,0,8.24340602284527,29.7351331412297,"PPFIBP2;CD80"
"CPC006 THP1 6H-BRD-K73261812-10.0","2/109",0.0271292813300767,0.265482325307987,0,0,8.24340602284527,29.7351331412297,"PPFIBP2;CYBB"
"CPC006 U937 6H-BRD-K94325918-10.0","2/109",0.0271292813300767,0.265482325307987,0,0,8.24340602284527,29.7351331412297,"BLK;CCL5"
"CPC006 VCAP 24H-BRD-K05649647-20.0","2/109",0.0271292813300767,0.265482325307987,0,0,8.24340602284527,29.7351331412297,"PPFIBP2;ATP8A1"
"CPC002 HA1E 6H-roscovitine-10.0","2/110",0.0275909123582923,0.265482325307987,0,0,8.16666666666667,29.3205287200111,"ABCA6;CCL5"
"CPC015 A549 24H-podofilox-10.0","2/110",0.0275909123582923,0.265482325307987,0,0,8.16666666666667,29.3205287200111,"BFSP2;LST1"
"CPC017 MCF7 6H-daunorubicin-10.0","2/110",0.0275909123582923,0.265482325307987,0,0,8.16666666666667,29.3205287200111,"EDNRB;CYBB"
"CPC018 A549 24H-ch 55-10.0","2/110",0.0275909123582923,0.265482325307987,0,0,8.16666666666667,29.3205287200111,"PPFIBP2;ATP8A1"
"CPC019 HA1E 6H-BRD-K74486276-10.0","2/110",0.0275909123582923,0.265482325307987,0,0,8.16666666666667,29.3205287200111,"ABCA6;CCL5"
"CPC006 AGS 6H-sb 225002-11.1","2/110",0.0275909123582923,0.265482325307987,0,0,8.16666666666667,29.3205287200111,"AIF1;DNASE1L3"
"CPC006 MCF7 6H-16-hydroxytriptolide-0.08","2/110",0.0275909123582923,0.265482325307987,0,0,8.16666666666667,29.3205287200111,"EDNRB;CYBB"
"CPC006 NCIH2073 6H-vorinostat-11.1","2/110",0.0275909123582923,0.265482325307987,0,0,8.16666666666667,29.3205287200111,"CD80;DNASE1L3"
"CPC006 NOMO1 6H-prostaglandin a1-1.0","2/110",0.0275909123582923,0.265482325307987,0,0,8.16666666666667,29.3205287200111,"EDNRB;CCL5"
"CPC007 HA1E 24H-ncgc00188740-01-10.0","2/110",0.0275909123582923,0.265482325307987,0,0,8.16666666666667,29.3205287200111,"BLK;PPFIBP2"
"LJP006 A375 24H-AZD-8055-10","2/110",0.0275909123582923,0.265482325307987,0,0,8.16666666666667,29.3205287200111,"PPFIBP2;CCL5"
"LJP006 BT20 24H-BMS-387032-1.11","2/110",0.0275909123582923,0.265482325307987,0,0,8.16666666666667,29.3205287200111,"CHL1;CYBB"
"LJP006 BT20 24H-AZD-7762-10","2/110",0.0275909123582923,0.265482325307987,0,0,8.16666666666667,29.3205287200111,"CHL1;AIF1"
"LJP006 BT20 24H-saracatinib-10","2/110",0.0275909123582923,0.265482325307987,0,0,8.16666666666667,29.3205287200111,"CHL1;AIF1"
"CPC008 MCF7 6H-mls-0437446.0001-10.0","2/110",0.0275909123582923,0.265482325307987,0,0,8.16666666666667,29.3205287200111,"CHL1;IFNA2"
"CPC012 HA1E 6H-BRD-A67438293-10.0","2/110",0.0275909123582923,0.265482325307987,0,0,8.16666666666667,29.3205287200111,"PPFIBP2;CYBB"
"CPC002 PC3 24H-BRD-K71726959-10.0","1/12",0.0278457347637399,0.265934846147788,0,0,39.4110671936759,141.134006157139,"IFNA2"
"CPC004 VCAP 24H-colforsin-10.0","1/12",0.0278457347637399,0.265934846147788,0,0,39.4110671936759,141.134006157139,"IFNA2"
"CPC019 VCAP 6H-BRD-K46373671-10.0","1/12",0.0278457347637399,0.265934846147788,0,0,39.4110671936759,141.134006157139,"CCL5"
"CPC011 VCAP 24H-cinanserin-10.0","1/12",0.0278457347637399,0.265934846147788,0,0,39.4110671936759,141.134006157139,"ABCA6"
"CPC012 HT29 6H-BRD-K38205437-10.0","1/12",0.0278457347637399,0.265934846147788,0,0,39.4110671936759,141.134006157139,"AIF1"
"CPC014 PHH 24H-hy-11068-10.0","2/111",0.0280557245543225,0.265934846147788,0,0,8.09133537206932,28.914893339435,"BFSP2;IFNA2"
"CPC006 AGS 6H-ag14361-25.0","2/111",0.0280557245543225,0.265934846147788,0,0,8.09133537206932,28.914893339435,"PPFIBP2;ABCA6"
"CPC019 MCF7 6H-BRD-K35424586-10.0","2/111",0.0280557245543225,0.265934846147788,0,0,8.09133537206932,28.914893339435,"CHL1;CCL5"
"CPC006 HCT116 6H-sid 26681509-88.8","2/111",0.0280557245543225,0.265934846147788,0,0,8.09133537206932,28.914893339435,"PPFIBP2;CCL5"
"LJP005 A549 24H-CYT387-10","2/111",0.0280557245543225,0.265934846147788,0,0,8.09133537206932,28.914893339435,"ATP8A1;PHACTR1"
"CPC006 SNUC4 6H-BRD-K49371609-0.09","2/111",0.0280557245543225,0.265934846147788,0,0,8.09133537206932,28.914893339435,"PPFIBP2;CD80"
"CPC012 ASC 24H-BRD-K81795824-10.0","2/111",0.0280557245543225,0.265934846147788,0,0,8.09133537206932,28.914893339435,"ABCA6;ARHGAP6"
"CPC013 VCAP 24H-s1140-10.0","2/111",0.0280557245543225,0.265934846147788,0,0,8.09133537206932,28.914893339435,"ABCA6;IFNA2"
"CPC004 HA1E 24H-simvastatin-10.0","2/112",0.0285237011063546,0.267611821604404,0,0,8.01737373737374,28.5179580862606,"PPFIBP2;ABCA6"
"CPC017 HEPG2 6H-fccp-10.0","2/112",0.0285237011063546,0.267611821604404,0,0,8.01737373737374,28.5179580862606,"IFNA2;CCR6"
"CPC006 A375 24H-wortmannin-10.0","2/112",0.0285237011063546,0.267611821604404,0,0,8.01737373737374,28.5179580862606,"PPFIBP2;ABCA6"
"CPC020 HT29 6H-vorinostat-10.0","2/112",0.0285237011063546,0.267611821604404,0,0,8.01737373737374,28.5179580862606,"BFSP2;DNASE1L3"
"CPC006 HCT116 6H-perhexiline maleate-10.0","2/112",0.0285237011063546,0.267611821604404,0,0,8.01737373737374,28.5179580862606,"EDNRB;CCL5"
"CPC006 MCF7 6H-bx-795-10.0","2/112",0.0285237011063546,0.267611821604404,0,0,8.01737373737374,28.5179580862606,"CCL5;IFNA2"
"CPC006 VCAP 24H-BRD-K41859756-10.0","2/112",0.0285237011063546,0.267611821604404,0,0,8.01737373737374,28.5179580862606,"BFSP2;CD80"
"CPC012 A549 24H-BRD-K78701355-10.0","2/112",0.0285237011063546,0.267611821604404,0,0,8.01737373737374,28.5179580862606,"PPFIBP2;IFNA2"
"CPC013 MCF7 6H-c3393m50-10.0","2/112",0.0285237011063546,0.267611821604404,0,0,8.01737373737374,28.5179580862606,"EDNRB;CYBB"
"CPC006 EFO27 6H-7b-cis-10.0","2/113",0.0289948252663236,0.27049851079913,0,0,7.94474474474475,28.1294643809283,"CD80;AIF1"
"CPC006 HCT116 6H-dl-pdmp-64.0","2/113",0.0289948252663236,0.27049851079913,0,0,7.94474474474475,28.1294643809283,"CCL5;IFNA2"
"CPC006 PC3 24H-tgx-115-160.0","2/113",0.0289948252663236,0.27049851079913,0,0,7.94474474474475,28.1294643809283,"ATP8A1;CCL5"
"CPC006 SKM1 6H-hki-272-10.0","2/113",0.0289948252663236,0.27049851079913,0,0,7.94474474474475,28.1294643809283,"EDNRB;CYBB"
"CPC013 VCAP 6H-vorinostat-10.0","2/113",0.0289948252663236,0.27049851079913,0,0,7.94474474474475,28.1294643809283,"ABCA6;DNASE1L3"
"CPC006 HEC108 6H-bx-795-10.0","2/114",0.0294690803402755,0.273381883201546,0,0,7.8734126984127,27.7491634962741,"ABCA6;CCL5"
"CPC008 A549 6H-ncgc00167398-02-10.0","2/114",0.0294690803402755,0.273381883201546,0,0,7.8734126984127,27.7491634962741,"PPFIBP2;IFNA2"
"LJP006 LNCAP 24H-PI-103-1.11","2/114",0.0294690803402755,0.273381883201546,0,0,7.8734126984127,27.7491634962741,"CHL1;ARHGAP6"
"CPC012 HCC515 6H-geldanamycin-10.0","2/114",0.0294690803402755,0.273381883201546,0,0,7.8734126984127,27.7491634962741,"BFSP2;IFNA2"
"CPC013 VCAP 24H-s1057-10.0","2/114",0.0294690803402755,0.273381883201546,0,0,7.8734126984127,27.7491634962741,"ATP8A1;CCL5"
"CPC014 PC3 6H-s1205-10.0","2/115",0.0299464496870662,0.274300875585126,0,0,7.80334316617502,27.3768161003608,"PPFIBP2;CHL1"
"CPC016 A549 6H-mead acid (20:3 n-9)-10.0","2/115",0.0299464496870662,0.274300875585126,0,0,7.80334316617502,27.3768161003608,"PPFIBP2;IFNA2"
"CPC018 MCF7 6H-am580-10.0","2/115",0.0299464496870662,0.274300875585126,0,0,7.80334316617502,27.3768161003608,"ABCA6;CCL5"
"CPC006 COV644 6H-BRD-K04853698-10.0","2/115",0.0299464496870662,0.274300875585126,0,0,7.80334316617502,27.3768161003608,"CD80;CCL5"
"CPC006 OV7 6H-akt inhibitor iv-10.0","2/115",0.0299464496870662,0.274300875585126,0,0,7.80334316617502,27.3768161003608,"BFSP2;IFNA2"
"LJP008 HCC515 24H-entinostat-10","2/115",0.0299464496870662,0.274300875585126,0,0,7.80334316617502,27.3768161003608,"EDNRB;CYBB"
"CPC001 VCAP 24H-sb 205384-10.0","1/13",0.030131661136783,0.274300875585126,0,0,36.125,126.51620897083,"BLK"
"CPC001 VCAP 24H-ebpc-10.0","1/13",0.030131661136783,0.274300875585126,0,0,36.125,126.51620897083,"LST1"
"CPC004 PC3 6H-ym 90709-10.0","1/13",0.030131661136783,0.274300875585126,0,0,36.125,126.51620897083,"PPFIBP2"
"CPC004 VCAP 24H-diethylstilbestrol-10.0","1/13",0.030131661136783,0.274300875585126,0,0,36.125,126.51620897083,"BLK"
"CPC005 PC3 24H-trequinsin hydrochloride-10.0","1/13",0.030131661136783,0.274300875585126,0,0,36.125,126.51620897083,"BLK"
"CPC005 VCAP 24H-phensuximide-10.0","1/13",0.030131661136783,0.274300875585126,0,0,36.125,126.51620897083,"CCL5"
"CPC020 A375 6H-BRD-K67977190-10.0","1/13",0.030131661136783,0.274300875585126,0,0,36.125,126.51620897083,"PPFIBP2"
"LJP006 BT20 3H-PHA-793887-0.37","1/13",0.030131661136783,0.274300875585126,0,0,36.125,126.51620897083,"AIF1"
"CPC008 VCAP 6H-2-chloro-7-methoxyphenothiazine-10.0","1/13",0.030131661136783,0.274300875585126,0,0,36.125,126.51620897083,"BLK"
"CPC010 PC3 24H-BRD-K06217810-10.0","1/13",0.030131661136783,0.274300875585126,0,0,36.125,126.51620897083,"PPFIBP2"
"CPC012 VCAP 6H-BRD-K56596360-10.0","1/13",0.030131661136783,0.274300875585126,0,0,36.125,126.51620897083,"AIF1"
"CPC006 HA1E 24H-azd8055-10.0","2/116",0.0304269167343149,0.274871982507048,0,0,7.73450292397661,27.0121918198869,"PPFIBP2;ARHGAP6"
"CPC006 NCIH596 6H-imd 0354-10.0","2/116",0.0304269167343149,0.274871982507048,0,0,7.73450292397661,27.0121918198869,"IFNA2;LTA"
"CPC006 RMGI 6H-BRD-K15563106-177.6","2/116",0.0304269167343149,0.274871982507048,0,0,7.73450292397661,27.0121918198869,"PPFIBP2;LTA"
"CPC008 HEPG2 6H-ncgc00242340-01-10.0","2/116",0.0304269167343149,0.274871982507048,0,0,7.73450292397661,27.0121918198869,"ATP8A1;CCL5"
"CPC013 HA1E 6H-BRD-K19166598-10.0","2/116",0.0304269167343149,0.274871982507048,0,0,7.73450292397661,27.0121918198869,"PPFIBP2;ABCA6"
"CPC013 HEPG2 6H-np-001821-10.0","2/116",0.0304269167343149,0.274871982507048,0,0,7.73450292397661,27.0121918198869,"BFSP2;IFNA2"
"CPC013 VCAP 24H-BRD-K76236182-10.0","2/116",0.0304269167343149,0.274871982507048,0,0,7.73450292397661,27.0121918198869,"BLK;CCL5"
"CPC014 HEPG2 6H-ei-215-10.0","2/117",0.0309104649577694,0.277122532530381,0,0,7.66685990338164,26.655068836708,"ABCA6;CCL5"
"CPC002 PC3 6H-thm-i-94-10.0","2/117",0.0309104649577694,0.277122532530381,0,0,7.66685990338164,26.655068836708,"CD80;DNASE1L3"
"CPC015 A549 6H-scriptaid-10.0","2/117",0.0309104649577694,0.277122532530381,0,0,7.66685990338164,26.655068836708,"CD80;DNASE1L3"
"LJP009 MCF7 24H-PF-3758309-3.33","2/117",0.0309104649577694,0.277122532530381,0,0,7.66685990338164,26.655068836708,"CCL5;LTB"
"CPC006 RMGI 6H-bi 2536-10.0","2/117",0.0309104649577694,0.277122532530381,0,0,7.66685990338164,26.655068836708,"PPFIBP2;CD80"
"CPC006 SKM1 6H-vx-680-10.0","2/117",0.0309104649577694,0.277122532530381,0,0,7.66685990338164,26.655068836708,"EDNRB;CYBB"
"CPC006 SKMEL28 6H-trichostatin a-10.0","2/117",0.0309104649577694,0.277122532530381,0,0,7.66685990338164,26.655068836708,"PPFIBP2;ABCA6"
"CPC006 H1299 6H-BRD-K17140735-11.1000003815","2/118",0.0313970778995102,0.279968555623327,0,0,7.60038314176245,26.3052334961567,"ABCA6;IFNA2"
"CPC006 HCC15 6H-tg101348-11.1","2/118",0.0313970778995102,0.279968555623327,0,0,7.60038314176245,26.3052334961567,"PPFIBP2;ABCA6"
"CPC006 NCIH596 6H-BRD-K25737009-40.0","2/118",0.0313970778995102,0.279968555623327,0,0,7.60038314176245,26.3052334961567,"IFNA2;LTA"
"LJP006 A375 24H-CGP-60474-10","2/118",0.0313970778995102,0.279968555623327,0,0,7.60038314176245,26.3052334961567,"CLIC2;AIF1"
"CPC013 A549 24H-BRD-K45818044-10.0","2/118",0.0313970778995102,0.279968555623327,0,0,7.60038314176245,26.3052334961567,"ABCA6;IFNA2"
"CPC002 VCAP 24H-irinotecan hydrochloride trihydrate-10.0","2/119",0.0318867391525715,0.280850266405015,0,0,7.53504273504273,25.962479944574,"BFSP2;LST1"
"CPC015 NPC 24H-gw 7647-10.0","2/119",0.0318867391525715,0.280850266405015,0,0,7.53504273504273,25.962479944574,"CCL5;IFNA2"
"CPC016 MCF7 24H-api-2-10.0","2/119",0.0318867391525715,0.280850266405015,0,0,7.53504273504273,25.962479944574,"PPFIBP2;CCL5"
"CPC006 LOVO 6H-bjm-ctd2-9-10.0","2/119",0.0318867391525715,0.280850266405015,0,0,7.53504273504273,25.962479944574,"PPFIBP2;CCR6"
"CPC006 SKM1 6H-pp-110-22.2","2/119",0.0318867391525715,0.280850266405015,0,0,7.53504273504273,25.962479944574,"PPFIBP2;ABCA6"
"CPC012 PC3 6H-BRD-K74761218-10.0","2/119",0.0318867391525715,0.280850266405015,0,0,7.53504273504273,25.962479944574,"ABCA6;DNASE1L3"
"CPC013 VCAP 24H-s1367-10.0","2/119",0.0318867391525715,0.280850266405015,0,0,7.53504273504273,25.962479944574,"BLK;ABCA6"
"CPC014 MCF7 24H-hy-10044-10.0","2/120",0.0323794323667743,0.280850266405015,0,0,7.47080979284369,25.6266097807623,"PPFIBP2;ABCA6"
"CPC014 SKB 24H-e3380-10.0","2/120",0.0323794323667743,0.280850266405015,0,0,7.47080979284369,25.6266097807623,"CCL5;ARHGAP6"
"CPC020 A549 6H-mitoxantrone dihydrochloride-10.0","2/120",0.0323794323667743,0.280850266405015,0,0,7.47080979284369,25.6266097807623,"CD80;IFNA2"
"CPC006 HCC15 6H-ingenol 3, 20-dibenzoate-10.0","2/120",0.0323794323667743,0.280850266405015,0,0,7.47080979284369,25.6266097807623,"PPFIBP2;CCL5"
"CPC006 HCT116 6H-tg101348-11.1","2/120",0.0323794323667743,0.280850266405015,0,0,7.47080979284369,25.6266097807623,"PPFIBP2;CYBB"
"CPC006 SNUC4 6H-ingenol 3, 20-dibenzoate-10.0","2/120",0.0323794323667743,0.280850266405015,0,0,7.47080979284369,25.6266097807623,"ABCA6;CCL5"
"CPC008 A549 6H-BRD-K98676510-10.0","2/120",0.0323794323667743,0.280850266405015,0,0,7.47080979284369,25.6266097807623,"AIF1;DNASE1L3"
"LJP006 HEPG2 24H-linifanib-1.11","2/120",0.0323794323667743,0.280850266405015,0,0,7.47080979284369,25.6266097807623,"LTB;ARHGAP6"
"CPC010 MCF7 24H-BRD-K99582188-10.0","2/120",0.0323794323667743,0.280850266405015,0,0,7.47080979284369,25.6266097807623,"ABCA6;CCL5"
"CPC014 HT29 6H-BRD-K07877311-10.0","1/14",0.0324123268177389,0.280850266405015,0,0,33.3444816053512,114.345445544755,"PPFIBP2"
"CPC001 VCAP 6H-peucedanin-10.0","1/14",0.0324123268177389,0.280850266405015,0,0,33.3444816053512,114.345445544755,"CCL5"
"CPC004 PC3 24H-penicillin g potassium-10.0","1/14",0.0324123268177389,0.280850266405015,0,0,33.3444816053512,114.345445544755,"ABCA6"
"CPC004 VCAP 24H-wortmannin-10.0","1/14",0.0324123268177389,0.280850266405015,0,0,33.3444816053512,114.345445544755,"PPFIBP2"
"CPC005 A549 6H-dihomo-gamma-linolenic acid-10.0","1/14",0.0324123268177389,0.280850266405015,0,0,33.3444816053512,114.345445544755,"ABCA6"
"CPC006 HCC515 24H-calpeptin-10.0","1/14",0.0324123268177389,0.280850266405015,0,0,33.3444816053512,114.345445544755,"BLK"
"CPC008 HT29 6H-BRD-K70693222-10.0","1/14",0.0324123268177389,0.280850266405015,0,0,33.3444816053512,114.345445544755,"IFNA2"
"CPC008 VCAP 6H-kuc104253 kuc104253n-10.0","1/14",0.0324123268177389,0.280850266405015,0,0,33.3444816053512,114.345445544755,"ABCA6"
"CPC009 VCAP 6H-BRD-A86792397-10.0","1/14",0.0324123268177389,0.280850266405015,0,0,33.3444816053512,114.345445544755,"CCL5"
"CPC011 PC3 6H-tosufloxacin hydrochloride-10.0","1/14",0.0324123268177389,0.280850266405015,0,0,33.3444816053512,114.345445544755,"IFNA2"
"CPC012 VCAP 6H-BRD-K68588778-10.0","1/14",0.0324123268177389,0.280850266405015,0,0,33.3444816053512,114.345445544755,"CCL5"
"CPC006 HA1E 6H-narciclasine-10.0","3/298",0.0328037487705539,0.282494074630145,0,0,4.54345146379045,15.5259390367863,"ABCA6;CCL5;ARHGAP6"
"CPC001 HA1E 6H-digoxin-10.0","2/121",0.0328751412530307,0.282494074630145,0,0,7.40765639589169,25.2974317261712,"ABCA6;LST1"
"CPC004 VCAP 24H-benzoxiquine-10.0","2/121",0.0328751412530307,0.282494074630145,0,0,7.40765639589169,25.2974317261712,"PPFIBP2;ATP8A1"
"CPC018 HEPG2 6H-triciribine-10.0","2/121",0.0328751412530307,0.282494074630145,0,0,7.40765639589169,25.2974317261712,"LST1;IFNA2"
"CPC006 NOMO1 6H-hli 373-10.0","2/121",0.0328751412530307,0.282494074630145,0,0,7.40765639589169,25.2974317261712,"PPFIBP2;CYBB"
"CPC006 PL21 6H-zm 336372-102.71","2/121",0.0328751412530307,0.282494074630145,0,0,7.40765639589169,25.2974317261712,"PPFIBP2;IFNA2"
"CPC006 U937 6H-erastin-4.8","2/121",0.0328751412530307,0.282494074630145,0,0,7.40765639589169,25.2974317261712,"PPFIBP2;CYBB"
"LJP006 SKBR3 24H-mitoxantrone-3.33","2/121",0.0328751412530307,0.282494074630145,0,0,7.40765639589169,25.2974317261712,"CHL1;AIF1"
"CPC004 HCC515 24H-paroxetine hydrochloride-10.0","2/122",0.0333738495761762,0.283832071164294,0,0,7.34555555555556,24.9747613148315,"CD80;IFNA2"
"CPC004 HT29 6H-BRD-K36055864 (cycloheximide)-10.0","2/122",0.0333738495761762,0.283832071164294,0,0,7.34555555555556,24.9747613148315,"ABCA6;CCL5"
"CPC006 HCC515 24H-BRD-K28907958-11.1","2/122",0.0333738495761762,0.283832071164294,0,0,7.34555555555556,24.9747613148315,"ABCA6;IFNA2"
"CPC006 HCT116 6H-ct-200783-10.0","2/122",0.0333738495761762,0.283832071164294,0,0,7.34555555555556,24.9747613148315,"ABCA6;CCL5"
"CPC006 SKMEL28 6H-importazole-60.0","2/122",0.0333738495761762,0.283832071164294,0,0,7.34555555555556,24.9747613148315,"ABCA6;CCL5"
"CPC006 SNU1040 6H-phorbol-12-myristate-13-acetate (pma)-10.0","2/122",0.0333738495761762,0.283832071164294,0,0,7.34555555555556,24.9747613148315,"CD80;CCL5"
"CPC008 MCF7 6H-ncgc00241077-01-10.0","2/122",0.0333738495761762,0.283832071164294,0,0,7.34555555555556,24.9747613148315,"CHL1;CCL5"
"CPC009 MCF7 24H-BRD-A75301702-10.0","2/122",0.0333738495761762,0.283832071164294,0,0,7.34555555555556,24.9747613148315,"PPFIBP2;ABCA6"
"LJP006 LNCAP 24H-BMS-387032-0.37","2/122",0.0333738495761762,0.283832071164294,0,0,7.34555555555556,24.9747613148315,"CYBB;AIF1"
"LJP006 SKBR3 24H-BMS-387032-3.33","2/122",0.0333738495761762,0.283832071164294,0,0,7.34555555555556,24.9747613148315,"CHL1;CCL5"
"CPC014 MCF7 6H-hy-10459-10.0","2/123",0.0338755411649896,0.28561301338303,0,0,7.28448117539027,24.6584205954331,"EDNRB;CYBB"
"CPC019 HA1E 6H-BRD-K34363599-10.0","2/123",0.0338755411649896,0.28561301338303,0,0,7.28448117539027,24.6584205954331,"CCL5;CCR6"
"CPC006 NCIH508 6H-BRD-K52075040-44.4","2/123",0.0338755411649896,0.28561301338303,0,0,7.28448117539027,24.6584205954331,"PPFIBP2;LST1"
"CPC006 PC3 6H-geldanamycin-10.0","2/123",0.0338755411649896,0.28561301338303,0,0,7.28448117539027,24.6584205954331,"IFNA2;AIF1"
"CPC007 A375 24H-wortmannin-10.0","2/123",0.0338755411649896,0.28561301338303,0,0,7.28448117539027,24.6584205954331,"PPFIBP2;ABCA6"
"CPC013 HEPG2 6H-s1053-10.0","2/123",0.0338755411649896,0.28561301338303,0,0,7.28448117539027,24.6584205954331,"ABCA6;CCL5"
"CPC014 A375 6H-BRD-K68174511-10.0","2/123",0.0338755411649896,0.28561301338303,0,0,7.28448117539027,24.6584205954331,"EDNRB;PPFIBP2"
"CPC014 MCF7 24H-s1205-10.0","2/124",0.0343801998894374,0.28561301338303,0,0,7.22440801457195,24.3482378557083,"PPFIBP2;CYBB"
"CPC014 MCF7 6H-BRD-K38615104-10.0","2/124",0.0343801998894374,0.28561301338303,0,0,7.22440801457195,24.3482378557083,"EDNRB;CYBB"
"CPC006 AGS 6H-b675700.cdx-0.04","2/124",0.0343801998894374,0.28561301338303,0,0,7.22440801457195,24.3482378557083,"PPFIBP2;AIF1"
"CPC006 COV644 6H-perhexiline maleate-10.0","2/124",0.0343801998894374,0.28561301338303,0,0,7.22440801457195,24.3482378557083,"PPFIBP2;CD80"
"CPD003 PC3 24H-azacytidine-5-10.0","2/124",0.0343801998894374,0.28561301338303,0,0,7.22440801457195,24.3482378557083,"ABCA6;AIF1"
"CPC007 A549 24H-BRD-K13665914-10.0","2/124",0.0343801998894374,0.28561301338303,0,0,7.22440801457195,24.3482378557083,"PPFIBP2;ABCA6"
"CPC008 A549 6H-ncgc00184834-01-10.0","2/124",0.0343801998894374,0.28561301338303,0,0,7.22440801457195,24.3482378557083,"PPFIBP2;CD80"
"CPC001 VCAP 6H-clofarabine-10.0","1/15",0.0346877436193287,0.28561301338303,0,0,30.9611801242236,104.071946869698,"ABCA6"
"CPC014 MCF7 6H-BRD-K32927008-10.0","1/15",0.0346877436193287,0.28561301338303,0,0,30.9611801242236,104.071946869698,"IFNA2"
"CPC014 VCAP 6H-ei-148-10.0","1/15",0.0346877436193287,0.28561301338303,0,0,30.9611801242236,104.071946869698,"AIF1"
"CPC015 MCF7 6H-lidocaine hydrochloride-10.0","1/15",0.0346877436193287,0.28561301338303,0,0,30.9611801242236,104.071946869698,"CCL5"
"CPC004 VCAP 6H-penicillin g potassium-10.0","1/15",0.0346877436193287,0.28561301338303,0,0,30.9611801242236,104.071946869698,"IFNA2"
"CPC005 MCF7 6H-ly-294002-10.0","1/15",0.0346877436193287,0.28561301338303,0,0,30.9611801242236,104.071946869698,"PPFIBP2"
"CPC005 VCAP 24H-phenamil-10.0","1/15",0.0346877436193287,0.28561301338303,0,0,30.9611801242236,104.071946869698,"CCL5"
"CPC019 HT29 6H-BRD-K65904652-10.0","1/15",0.0346877436193287,0.28561301338303,0,0,30.9611801242236,104.071946869698,"IFNA2"
"CPC006 HCC515 24H-pifithrin- a hydrobromide-69.83","1/15",0.0346877436193287,0.28561301338303,0,0,30.9611801242236,104.071946869698,"CCL5"
"CPC020 PC3 24H-disopyramide phosphate-10.0","1/15",0.0346877436193287,0.28561301338303,0,0,30.9611801242236,104.071946869698,"IFNA2"
"CPC006 HT29 6H-le 135-20.0","1/15",0.0346877436193287,0.28561301338303,0,0,30.9611801242236,104.071946869698,"CCL5"
"LJP005 BT20 3H-HG-5-113-01-10","1/15",0.0346877436193287,0.28561301338303,0,0,30.9611801242236,104.071946869698,"CCL5"
"CPC006 PC3 6H-16beta-bromoandrosterone-11.1","1/15",0.0346877436193287,0.28561301338303,0,0,30.9611801242236,104.071946869698,"IFNA2"
"CPC008 A375 6H-ncgc00184724-01-10.0","1/15",0.0346877436193287,0.28561301338303,0,0,30.9611801242236,104.071946869698,"CCL5"
"LJP006 BT20 3H-celastrol-10","1/15",0.0346877436193287,0.28561301338303,0,0,30.9611801242236,104.071946869698,"CCL5"
"CPC011 PC3 6H-ranolazine-10.0","1/15",0.0346877436193287,0.28561301338303,0,0,30.9611801242236,104.071946869698,"CD80"
"CPC011 VCAP 24H-altanserin hydrochloride-10.0","1/15",0.0346877436193287,0.28561301338303,0,0,30.9611801242236,104.071946869698,"EDNRB"
"CPC012 A375 6H-mls-0091944.0001-10.0","1/15",0.0346877436193287,0.28561301338303,0,0,30.9611801242236,104.071946869698,"HLA-DOA"
"CPC004 PC3 6H-BRD-K36055864 (cycloheximide)-10.0","2/125",0.034887809697205,0.285838242816209,0,0,7.16531165311653,24.044047348203,"HLA-DOA;AIF1"
"CPC006 LOVO 6H-menadione-10.0","2/125",0.034887809697205,0.285838242816209,0,0,7.16531165311653,24.044047348203,"ABCA6;IFNA2"
"CPC006 MDST8 6H-BRD-K53903639-80.0","2/125",0.034887809697205,0.285838242816209,0,0,7.16531165311653,24.044047348203,"PPFIBP2;CD80"
"LJP005 HCC515 24H-AS-601245-10","2/125",0.034887809697205,0.285838242816209,0,0,7.16531165311653,24.044047348203,"CCL5;CYBB"
"CPC013 HT29 6H-c8273-10.0","2/125",0.034887809697205,0.285838242816209,0,0,7.16531165311653,24.044047348203,"CCL5;CD22"
"CPC015 ASC 24H-doxorubicin hydrochloride-10.0","2/126",0.0353983545688311,0.288024959741472,0,0,7.10716845878136,23.7456890468341,"CD80;ARHGAP6"
"CPC004 VCAP 24H-cycloheximide-10.0","2/126",0.0353983545688311,0.288024959741472,0,0,7.10716845878136,23.7456890468341,"BLK;PPFIBP2"
"CPC006 MCF7 24H-BRD-K66792149-11.1","2/126",0.0353983545688311,0.288024959741472,0,0,7.10716845878136,23.7456890468341,"CCL5;CYBB"
"CPC006 RKO 6H-mesoridazine besylate-10.0","2/126",0.0353983545688311,0.288024959741472,0,0,7.10716845878136,23.7456890468341,"PPFIBP2;CD80"
"CPC006 SW620 6H-pifithrin- ?-10.0","2/126",0.0353983545688311,0.288024959741472,0,0,7.10716845878136,23.7456890468341,"BFSP2;IFNA2"
"LJP006 HME1 24H-A443654-3.33","2/126",0.0353983545688311,0.288024959741472,0,0,7.10716845878136,23.7456890468341,"CYBB;AIF1"
"LJP006 HS578T 24H-PF-562271-10","2/126",0.0353983545688311,0.288024959741472,0,0,7.10716845878136,23.7456890468341,"CLIC2;AIF1"
"CPC002 HCC515 6H-trichostatin a-10.0","2/127",0.0359118185555988,0.289608726750875,0,0,7.04995555555556,23.4530083985786,"BFSP2;DNASE1L3"
"CPC006 HA1E 24H-ku-0063794-10.0","2/127",0.0359118185555988,0.289608726750875,0,0,7.04995555555556,23.4530083985786,"BLK;PPFIBP2"
"CPC006 HT115 6H-BRD-K41859756-10.0","2/127",0.0359118185555988,0.289608726750875,0,0,7.04995555555556,23.4530083985786,"PPFIBP2;CD80"
"CPC006 NCIH508 6H-vorinostat-10.0","2/127",0.0359118185555988,0.289608726750875,0,0,7.04995555555556,23.4530083985786,"BFSP2;DNASE1L3"
"CPC006 NCIH596 6H-vorinostat-11.1","2/127",0.0359118185555988,0.289608726750875,0,0,7.04995555555556,23.4530083985786,"CD80;DNASE1L3"
"LJP006 LNCAP 24H-BMS-387032-1.11","2/127",0.0359118185555988,0.289608726750875,0,0,7.04995555555556,23.4530083985786,"CYBB;PHACTR1"
"CPC013 HT29 6H-vorinostat-10.0","2/127",0.0359118185555988,0.289608726750875,0,0,7.04995555555556,23.4530083985786,"BFSP2;DNASE1L3"
"CPC014 VCAP 24H-p0030-10.0","2/128",0.0364281857736068,0.289608726750875,0,0,6.99365079365079,23.1658560965107,"ATP8A1;CHL1"
"CPC018 A375 6H-wortmannin-10.0","2/128",0.0364281857736068,0.289608726750875,0,0,6.99365079365079,23.1658560965107,"EDNRB;PPFIBP2"
"CPC006 EFO27 6H-BRD-K43620258-80.0","2/128",0.0364281857736068,0.289608726750875,0,0,6.99365079365079,23.1658560965107,"PPFIBP2;IFNA2"
"CPC006 HCT116 6H-cay10618-10.0","2/128",0.0364281857736068,0.289608726750875,0,0,6.99365079365079,23.1658560965107,"EDNRB;IFNA2"
"CPD003 PC3 24H-luteolin-10.0","2/128",0.0364281857736068,0.289608726750875,0,0,6.99365079365079,23.1658560965107,"PPFIBP2;ABCA6"
"CPC006 LOVO 6H-BRD-K43620258-80.0","2/128",0.0364281857736068,0.289608726750875,0,0,6.99365079365079,23.1658560965107,"PPFIBP2;IFNA2"
"CPC006 NCIH1694 6H-m-3m3fbs-80.0","2/128",0.0364281857736068,0.289608726750875,0,0,6.99365079365079,23.1658560965107,"CCL5;IFNA2"
"CPC014 A549 24H-v4877-10.0","2/128",0.0364281857736068,0.289608726750875,0,0,6.99365079365079,23.1658560965107,"PPFIBP2;DNASE1L3"
"CPC014 PC3 24H-BRD-K67470788-10.0","2/129",0.0369474403645827,0.289608726750875,0,0,6.93823272090989,22.8840878701296,"PPFIBP2;HLA-DOA"
"CPC006 CL34 6H-ro 28-1675 ?-160.0","2/129",0.0369474403645827,0.289608726750875,0,0,6.93823272090989,22.8840878701296,"BLK;IFNA2"
"CPC019 VCAP 24H-BRD-K83816656-10.0","2/129",0.0369474403645827,0.289608726750875,0,0,6.93823272090989,22.8840878701296,"BLK;CCL5"
"CPC006 HCT116 6H-7b-cis-10.0","2/129",0.0369474403645827,0.289608726750875,0,0,6.93823272090989,22.8840878701296,"EDNRB;IFNA2"
"CPC006 THP1 6H-parthenolide-20.0","2/129",0.0369474403645827,0.289608726750875,0,0,6.93823272090989,22.8840878701296,"BFSP2;PPFIBP2"
"CPC011 VCAP 6H-trichostatin a-10.0","2/129",0.0369474403645827,0.289608726750875,0,0,6.93823272090989,22.8840878701296,"ABCA6;DNASE1L3"
"CPC012 A549 6H-t7765-10.0","2/129",0.0369474403645827,0.289608726750875,0,0,6.93823272090989,22.8840878701296,"ABCA6;IFNA2"
"CPC012 MCF7 6H-vorinostat-10.0","2/129",0.0369474403645827,0.289608726750875,0,0,6.93823272090989,22.8840878701296,"ARHGAP6;DNASE1L3"
"LJP006 SKBR3 24H-alvocidib-3.33","2/129",0.0369474403645827,0.289608726750875,0,0,6.93823272090989,22.8840878701296,"CCL5;AIF1"
"CPC014 A375 6H-r2146-10.0","2/129",0.0369474403645827,0.289608726750875,0,0,6.93823272090989,22.8840878701296,"LST1;IFNA2"
"CPC001 VCAP 6H-cilnidipine-10.0","1/16",0.0369579233170906,0.289608726750875,0,0,28.895652173913,95.2971448669559,"PPFIBP2"
"CPC014 HT29 6H-s1035-10.0","1/16",0.0369579233170906,0.289608726750875,0,0,28.895652173913,95.2971448669559,"PPFIBP2"
"CPC002 PC3 24H-am-251-10.0","1/16",0.0369579233170906,0.289608726750875,0,0,28.895652173913,95.2971448669559,"EDNRB"
"CPC014 VCAP 24H-BRD-K24859147-10.0","1/16",0.0369579233170906,0.289608726750875,0,0,28.895652173913,95.2971448669559,"ATP8A1"
"CPC014 VCAP 24H-rf 01079-10.0","1/16",0.0369579233170906,0.289608726750875,0,0,28.895652173913,95.2971448669559,"ABCA6"
"CPC015 MCF7 6H-epirubicin hydrochloride-10.0","1/16",0.0369579233170906,0.289608726750875,0,0,28.895652173913,95.2971448669559,"CHL1"
"CPC017 MCF7 24H-purmorphamine-10.0","1/16",0.0369579233170906,0.289608726750875,0,0,28.895652173913,95.2971448669559,"CCL5"
"CPC006 HCC515 24H-lonidamine-177.6","1/16",0.0369579233170906,0.289608726750875,0,0,28.895652173913,95.2971448669559,"CCL5"
"LJP005 BT20 3H-PF-431396-10","1/16",0.0369579233170906,0.289608726750875,0,0,28.895652173913,95.2971448669559,"LTB"
"CPC008 HT29 6H-ncgc00184937-01-10.0","1/16",0.0369579233170906,0.289608726750875,0,0,28.895652173913,95.2971448669559,"CCL5"
"LJP006 BT20 3H-AZD-7762-10","1/16",0.0369579233170906,0.289608726750875,0,0,28.895652173913,95.2971448669559,"CYBB"
"CPC008 VCAP 6H-ncgc00188488-01-10.0","1/16",0.0369579233170906,0.289608726750875,0,0,28.895652173913,95.2971448669559,"BLK"
"CPC012 MCF7 6H-BRD-K19624190-10.0","1/16",0.0369579233170906,0.289608726750875,0,0,28.895652173913,95.2971448669559,"ARHGAP6"
"CPC012 VCAP 6H-BRD-K84855052-10.0","1/16",0.0369579233170906,0.289608726750875,0,0,28.895652173913,95.2971448669559,"BLK"
"CPC014 HA1E 6H-hy-11001-10.0","2/130",0.0374695665557728,0.291136773003774,0,0,6.88368055555556,22.6075642671028,"PPFIBP2;PHACTR1"
"CPC017 A549 6H-cycloheximide-10.0","2/130",0.0374695665557728,0.291136773003774,0,0,6.88368055555556,22.6075642671028,"ABCA6;IFNA2"
"CPC006 AGS 6H-pp-30-11.1","2/130",0.0374695665557728,0.291136773003774,0,0,6.88368055555556,22.6075642671028,"PPFIBP2;ABCA6"
"CPC006 AGS 6H-bml-259-80.0","2/130",0.0374695665557728,0.291136773003774,0,0,6.88368055555556,22.6075642671028,"BFSP2;ABCA6"
"CPC020 A549 6H-5-azacytidine-10.0","2/130",0.0374695665557728,0.291136773003774,0,0,6.88368055555556,22.6075642671028,"BLK;ABCA6"
"LJP005 A375 24H-HG-5-113-01-10","2/130",0.0374695665557728,0.291136773003774,0,0,6.88368055555556,22.6075642671028,"CCL5;CYBB"
"CPC006 SKM1 6H-wortmannin-10.0","2/130",0.0374695665557728,0.291136773003774,0,0,6.88368055555556,22.6075642671028,"EDNRB;CYBB"
"LJP005 HS578T 24H-foretinib-10","2/130",0.0374695665557728,0.291136773003774,0,0,6.88368055555556,22.6075642671028,"CHL1;CLIC2"
"LJP006 LNCAP 24H-A443654-1.11","2/130",0.0374695665557728,0.291136773003774,0,0,6.88368055555556,22.6075642671028,"LST1;CYBB"
"CPC016 ASC 24H-brefeldin a-10.0","2/131",0.0379945486140604,0.293288143452752,0,0,6.82997416020672,22.3361504654971,"PPFIBP2;IFNA2"
"CPC017 MCF7 24H-dichlorobenzamil-10.0","2/131",0.0379945486140604,0.293288143452752,0,0,6.82997416020672,22.3361504654971,"ABCA6;CCL5"
"CPC006 A549 6H-BRD-K71726959-122.55","2/131",0.0379945486140604,0.293288143452752,0,0,6.82997416020672,22.3361504654971,"PPFIBP2;CD80"
"CPC006 AGS 6H-bi 2536-10.0","2/131",0.0379945486140604,0.293288143452752,0,0,6.82997416020672,22.3361504654971,"PPFIBP2;PHACTR1"
"CPC006 NCIH2073 6H-rg 108-80.0","2/131",0.0379945486140604,0.293288143452752,0,0,6.82997416020672,22.3361504654971,"LST1;IFNA2"
"CPC012 MCF7 24H-BRD-K85123403-10.0","2/131",0.0379945486140604,0.293288143452752,0,0,6.82997416020672,22.3361504654971,"PPFIBP2;ABCA6"
"CPC013 A549 24H-BRD-K87909389-10.0","2/131",0.0379945486140604,0.293288143452752,0,0,6.82997416020672,22.3361504654971,"PPFIBP2;CD80"
"CPC017 NPC 24H-BRD-K23478508 (digoxin)-10.0","2/132",0.0385223708670571,0.295331494849013,0,0,6.77709401709402,22.0697160825599,"LST1;AIF1"
"CPC006 RKO 6H-BRD-A36630025-0.34999999404","2/132",0.0385223708670571,0.295331494849013,0,0,6.77709401709402,22.0697160825599,"ABCA6;CD80"
"CPC013 MCF7 6H-BRD-K11663430-10.0","2/132",0.0385223708670571,0.295331494849013,0,0,6.77709401709402,22.0697160825599,"ABCA6;DNASE1L3"
"LJP005 A375 24H-PF-431396-10","2/133",0.0390530176969214,0.295331494849013,0,0,6.72502120441052,21.8081349976164,"CCL5;CYBB"
"CPC006 RMGI 6H-BRD-K43620258-80.0","2/133",0.0390530176969214,0.295331494849013,0,0,6.72502120441052,21.8081349976164,"BLK;CCL5"
"CPC006 U937 6H-ag14361-25.0","2/133",0.0390530176969214,0.295331494849013,0,0,6.72502120441052,21.8081349976164,"PPFIBP2;ABCA6"
"LJP006 A375 24H-celastrol-10","2/133",0.0390530176969214,0.295331494849013,0,0,6.72502120441052,21.8081349976164,"CCL5;IGKV3-20"
"LJP006 A375 24H-AZD-5438-10","2/133",0.0390530176969214,0.295331494849013,0,0,6.72502120441052,21.8081349976164,"LTB;AIF1"
"CPC009 PC3 24H-lovastatin-10.0","2/133",0.0390530176969214,0.295331494849013,0,0,6.72502120441052,21.8081349976164,"BLK;CCR6"
"CPC001 VCAP 24H-kn-62-10.0","1/17",0.0392228776844792,0.295331494849013,0,0,27.0883152173913,87.725375774324,"CCL5"
"CPC014 HT29 6H-BRD-K24859147-10.0","1/17",0.0392228776844792,0.295331494849013,0,0,27.0883152173913,87.725375774324,"PPFIBP2"
"CPC014 PC3 24H-k3644-10.0","1/17",0.0392228776844792,0.295331494849013,0,0,27.0883152173913,87.725375774324,"ABCA6"
"CPC002 VCAP 6H-formoterol hemifumarate-10.0","1/17",0.0392228776844792,0.295331494849013,0,0,27.0883152173913,87.725375774324,"ABCA6"
"CPC004 VCAP 24H-triflupromazine hydrochloride-10.0","1/17",0.0392228776844792,0.295331494849013,0,0,27.0883152173913,87.725375774324,"PPFIBP2"
"CPC005 PC3 24H-budesonide-10.0","1/17",0.0392228776844792,0.295331494849013,0,0,27.0883152173913,87.725375774324,"IFNA2"
"CPC005 VCAP 24H-homatropine bromide-10.0","1/17",0.0392228776844792,0.295331494849013,0,0,27.0883152173913,87.725375774324,"CD80"
"CPC019 MCF7 24H-BRD-K63399564-10.0","1/17",0.0392228776844792,0.295331494849013,0,0,27.0883152173913,87.725375774324,"ABCA6"
"CPC019 MCF7 24H-BRD-K88278225-10.0","1/17",0.0392228776844792,0.295331494849013,0,0,27.0883152173913,87.725375774324,"PPFIBP2"
"CPC006 HA1E 6H-ikk-3 inhibitor ix-6.0","1/17",0.0392228776844792,0.295331494849013,0,0,27.0883152173913,87.725375774324,"ABCA6"
"CPC020 PC3 6H-BRD-K41775742-10.0","1/17",0.0392228776844792,0.295331494849013,0,0,27.0883152173913,87.725375774324,"CCL5"
"CPD001 MCF7 6H-pirenzepine dihydrochloride-10.0","1/17",0.0392228776844792,0.295331494849013,0,0,27.0883152173913,87.725375774324,"PPFIBP2"
"CPC006 VCAP 24H-osi-906-10.0","1/17",0.0392228776844792,0.295331494849013,0,0,27.0883152173913,87.725375774324,"BLK"
"CPC008 HT29 6H-dm163 brd-k06180729-10.0","1/17",0.0392228776844792,0.295331494849013,0,0,27.0883152173913,87.725375774324,"IFNA2"
"CPC012 VCAP 24H-BRD-K14790374-10.0","1/17",0.0392228776844792,0.295331494849013,0,0,27.0883152173913,87.725375774324,"HLA-DOA"
"CPC013 MCF7 24H-s1005-10.0","1/17",0.0392228776844792,0.295331494849013,0,0,27.0883152173913,87.725375774324,"PPFIBP2"
"CPC013 PC3 24H-BRD-K35638681-10.0","1/17",0.0392228776844792,0.295331494849013,0,0,27.0883152173913,87.725375774324,"BLK"
"CPC013 PC3 6H-BRD-K96433222-10.0","1/17",0.0392228776844792,0.295331494849013,0,0,27.0883152173913,87.725375774324,"CCL5"
"CPC002 HCC515 6H-h-9 dihydrochloride-10.0","2/134",0.0395864735387391,0.295915147726347,0,0,6.67373737373737,21.5512851824883,"LST1;IFNA2"
"CPC003 VCAP 24H-estradiol-10.0","2/134",0.0395864735387391,0.295915147726347,0,0,6.67373737373737,21.5512851824883,"PPFIBP2;AIF1"
"CPC006 AGS 6H-BRD-K66792149-11.1","2/134",0.0395864735387391,0.295915147726347,0,0,6.67373737373737,21.5512851824883,"IFNA2;DNASE1L3"
"CPC006 HA1E 6H-emetine dihydrochloride hydrate (74)-0.63","2/134",0.0395864735387391,0.295915147726347,0,0,6.67373737373737,21.5512851824883,"ABCA6;ARHGAP6"
"CPC006 HCT116 6H-importazole-60.0","2/134",0.0395864735387391,0.295915147726347,0,0,6.67373737373737,21.5512851824883,"PPFIBP2;IFNA2"
"LJP005 HT29 24H-dovitinib-10","2/134",0.0395864735387391,0.295915147726347,0,0,6.67373737373737,21.5512851824883,"LTB;PLA1A"
"CPC011 MCF7 6H-trichostatin a-10.0","2/134",0.0395864735387391,0.295915147726347,0,0,6.67373737373737,21.5512851824883,"ARHGAP6;DNASE1L3"
"CPC013 HCC515 6H-BRD-K72381041-10.0","2/134",0.0395864735387391,0.295915147726347,0,0,6.67373737373737,21.5512851824883,"PPFIBP2;IFNA2"
"CPC019 A549 6H-vorinostat-10.0","2/135",0.0401227228802854,0.298306856994036,0,0,6.62322472848789,21.2990485396246,"BFSP2;LST1"
"CPC006 HA1E 6H-quinacrine dihydrochloride dihydrate-10.0","2/135",0.0401227228802854,0.298306856994036,0,0,6.62322472848789,21.2990485396246,"PPFIBP2;CD80"
"CPC006 NCIH596 6H-bi 2536-10.0","2/135",0.0401227228802854,0.298306856994036,0,0,6.62322472848789,21.2990485396246,"CD80;LTA"
"LJP005 HA1E 24H-AS-601245-3.33","2/135",0.0401227228802854,0.298306856994036,0,0,6.62322472848789,21.2990485396246,"CCL5;LTB"
"CPC013 HA1E 6H-BRD-K87909389-10.0","2/135",0.0401227228802854,0.298306856994036,0,0,6.62322472848789,21.2990485396246,"PPFIBP2;PHACTR1"
"LJP007 MCF7 24H-AZD4547-10","2/135",0.0401227228802854,0.298306856994036,0,0,6.62322472848789,21.2990485396246,"RNASE6;PLA1A"
"CPC014 PC3 24H-r2146-10.0","2/136",0.0406617502748223,0.300424985289424,0,0,6.57346600331675,21.0513107456688,"BFSP2;ARHGAP6"
"CPC005 A549 24H-cercosporin-10.0","2/136",0.0406617502748223,0.300424985289424,0,0,6.57346600331675,21.0513107456688,"PPFIBP2;CD80"
"CPC006 HCC515 6H-BRD-K25737009-40.0","2/136",0.0406617502748223,0.300424985289424,0,0,6.57346600331675,21.0513107456688,"ABCA6;CD80"
"LJP005 HS578T 24H-dasatinib-3.33","2/136",0.0406617502748223,0.300424985289424,0,0,6.57346600331675,21.0513107456688,"CHL1;IL7"
"LJP005 HS578T 24H-torin-2-1.11","2/136",0.0406617502748223,0.300424985289424,0,0,6.57346600331675,21.0513107456688,"PPFIBP2;IL7"
"CPC007 HT29 24H-emetine hydrochloride-10.0","2/136",0.0406617502748223,0.300424985289424,0,0,6.57346600331675,21.0513107456688,"PPFIBP2;ABCA6"
"LJP006 HME1 24H-mitoxantrone-10","2/136",0.0406617502748223,0.300424985289424,0,0,6.57346600331675,21.0513107456688,"RNASE6;CYBB"
"CPC019 VCAP 6H-vorinostat-10.0","2/137",0.0412035403178748,0.301537280889001,0,0,6.52444444444444,20.8079611081274,"CCL5;DNASE1L3"
"CPC006 NCIH508 6H-mw-ras12-10.0","2/137",0.0412035403178748,0.301537280889001,0,0,6.52444444444444,20.8079611081274,"PPFIBP2;ATP8A1"
"CPC009 MCF7 6H-BRD-K26304855-10.0","2/137",0.0412035403178748,0.301537280889001,0,0,6.52444444444444,20.8079611081274,"EDNRB;CHL1"
"CPC001 PC3 6H-sdz 21009-10.0","1/18",0.0414826184608072,0.301537280889001,0,0,25.4936061381074,81.1329113370927,"IFNA2"
"CPC001 VCAP 6H-spironolactone-10.0","1/18",0.0414826184608072,0.301537280889001,0,0,25.4936061381074,81.1329113370927,"IFNA2"
"CPC014 PHH 24H-BRD-K64857848-10.0","1/18",0.0414826184608072,0.301537280889001,0,0,25.4936061381074,81.1329113370927,"BFSP2"
"CPC014 SKB 24H-s1039-10.0","1/18",0.0414826184608072,0.301537280889001,0,0,25.4936061381074,81.1329113370927,"CCL5"
"CPC004 PC3 6H-gw 3965 hydrochloride-10.0","1/18",0.0414826184608072,0.301537280889001,0,0,25.4936061381074,81.1329113370927,"IFNA2"
"CPC017 MCF7 24H-mdm2 inhibitor-10.0","1/18",0.0414826184608072,0.301537280889001,0,0,25.4936061381074,81.1329113370927,"CD80"
"CPC006 A375 24H-pkcbeta inhibitor-10.0","1/18",0.0414826184608072,0.301537280889001,0,0,25.4936061381074,81.1329113370927,"IFNA2"
"CPC006 HCC515 24H-necrostatin-1-160.0","1/18",0.0414826184608072,0.301537280889001,0,0,25.4936061381074,81.1329113370927,"ABCA6"
"CPD001 MCF7 6H-adenosine 5'-monophosphate monohydrate-10.0","1/18",0.0414826184608072,0.301537280889001,0,0,25.4936061381074,81.1329113370927,"CD80"
"CPC009 PC3 24H-BRD-K23531129-10.0","1/18",0.0414826184608072,0.301537280889001,0,0,25.4936061381074,81.1329113370927,"PPFIBP2"
"CPC011 PC3 6H-cytarabine-10.0","1/18",0.0414826184608072,0.301537280889001,0,0,25.4936061381074,81.1329113370927,"IFNA2"
"CPC012 VCAP 24H-BRD-K90072296-10.0","1/18",0.0414826184608072,0.301537280889001,0,0,25.4936061381074,81.1329113370927,"HLA-DOA"
"CPC014 ASC 24H-hy-11068-10.0","2/138",0.041748077666791,0.301537280889001,0,0,6.47614379084967,20.5688924216976,"BFSP2;IFNA2"
"CPC006 AGS 6H-akt inhibitor iv-10.0","2/138",0.041748077666791,0.301537280889001,0,0,6.47614379084967,20.5688924216976,"CD80;HLA-DOA"
"CPC006 TYKNU 6H-tl hras26 brd-k01877528-10.0","2/138",0.041748077666791,0.301537280889001,0,0,6.47614379084967,20.5688924216976,"PPFIBP2;CD80"
"LJP006 HME1 24H-THZ-2-98-01-10","2/138",0.041748077666791,0.301537280889001,0,0,6.47614379084967,20.5688924216976,"PHACTR1;LTB"
"CPC014 MCF7 24H-BRD-K40175214-10.0","2/139",0.042295347018946,0.301537280889001,0,0,6.42854825628548,20.3340008376701,"PPFIBP2;ABCA6"
"CPC014 MCF7 6H-ei-263-10.0","2/139",0.042295347018946,0.301537280889001,0,0,6.42854825628548,20.3340008376701,"EDNRB;IFNA2"
"CPC014 VCAP 24H-vorinostat-10.0","2/139",0.042295347018946,0.301537280889001,0,0,6.42854825628548,20.3340008376701,"BFSP2;IFNA2"
"CPC018 A375 6H-vorinostat-10.0","2/139",0.042295347018946,0.301537280889001,0,0,6.42854825628548,20.3340008376701,"BFSP2;DNASE1L3"
"CPC006 HT115 6H-BRD-K43620258-80.0","2/139",0.042295347018946,0.301537280889001,0,0,6.42854825628548,20.3340008376701,"EDNRB;ABCA6"
"CPC006 LOVO 6H-ro 28-1675 ?-160.0","2/139",0.042295347018946,0.301537280889001,0,0,6.42854825628548,20.3340008376701,"ABCA6;IFNA2"
"CPC006 PL21 6H-bx-795-10.0","2/139",0.042295347018946,0.301537280889001,0,0,6.42854825628548,20.3340008376701,"BLK;IFNA2"
"CPC007 A375 24H-ncgc00183412-01-10.0","2/139",0.042295347018946,0.301537280889001,0,0,6.42854825628548,20.3340008376701,"PPFIBP2;ABCA6"
"LJP006 PC3 24H-AT-7519-10","2/139",0.042295347018946,0.301537280889001,0,0,6.42854825628548,20.3340008376701,"CCL5;AIF1"
"CPC019 MCF7 24H-BRD-K17953061-10.0","2/140",0.0428453331529839,0.301537280889001,0,0,6.38164251207729,20.1031857296018,"PPFIBP2;CYBB"
"CPC020 VCAP 24H-cladribine-10.0","2/140",0.0428453331529839,0.301537280889001,0,0,6.38164251207729,20.1031857296018,"ABCA6;CCL5"
"CPD001 MCF7 24H-camptothecine (s,+)-10.0","2/140",0.0428453331529839,0.301537280889001,0,0,6.38164251207729,20.1031857296018,"PPFIBP2;CYBB"
"CPC006 MCF7 24H-l-690,488-10.0","2/140",0.0428453331529839,0.301537280889001,0,0,6.38164251207729,20.1031857296018,"CCL5;LST1"
"LJP005 MCF10A 24H-neratinib-1.11","2/140",0.0428453331529839,0.301537280889001,0,0,6.38164251207729,20.1031857296018,"CYBB;AIF1"
"LJP006 LNCAP 24H-alvocidib-0.04","2/140",0.0428453331529839,0.301537280889001,0,0,6.38164251207729,20.1031857296018,"LTB;AIF1"
"CPC006 H1299 6H-narciclasine-10.0","2/141",0.0433980208753288,0.301537280889001,0,0,6.33541167066347,19.8763495793219,"ABCA6;IFNA2"
"CPC006 PL21 6H-importazole-60.0","2/141",0.0433980208753288,0.301537280889001,0,0,6.33541167066347,19.8763495793219,"PPFIBP2;CYBB"
"CPC010 HEPG2 6H-homoharringtonine-10.0","2/141",0.0433980208753288,0.301537280889001,0,0,6.33541167066347,19.8763495793219,"ABCA6;CCR6"
"CPC014 MCF7 6H-BRD-K22631935-10.0","1/19",0.0437371573644841,0.301537280889001,0,0,24.0760869565217,75.3474926122397,"IFNA2"
"CPC002 PC3 24H-bcl-2 inhibitor-10.0","1/19",0.0437371573644841,0.301537280889001,0,0,24.0760869565217,75.3474926122397,"IFNA2"
"CPC003 VCAP 6H-amitriptyline hydrochloride-10.0","1/19",0.0437371573644841,0.301537280889001,0,0,24.0760869565217,75.3474926122397,"EDNRB"
"CPC015 MCF7 6H-proscillaridin a-10.0","1/19",0.0437371573644841,0.301537280889001,0,0,24.0760869565217,75.3474926122397,"IFNA2"
"CPC017 HT29 6H-talniflumate-10.0","1/19",0.0437371573644841,0.301537280889001,0,0,24.0760869565217,75.3474926122397,"BLK"
"CPC005 MCF7 6H-dihydroptaeroxylin-10.0","1/19",0.0437371573644841,0.301537280889001,0,0,24.0760869565217,75.3474926122397,"PPFIBP2"
"CPC005 MCF7 6H-cmpd-1-10.0","1/19",0.0437371573644841,0.301537280889001,0,0,24.0760869565217,75.3474926122397,"BLK"
"CPC019 VCAP 24H-BRD-K31706415-10.0","1/19",0.0437371573644841,0.301537280889001,0,0,24.0760869565217,75.3474926122397,"PPFIBP2"
"CPC020 HA1E 6H-sulfacetamide sodic hydrate-10.0","1/19",0.0437371573644841,0.301537280889001,0,0,24.0760869565217,75.3474926122397,"CCL5"
"CPC020 VCAP 6H-BRD-K11558771-10.0","1/19",0.0437371573644841,0.301537280889001,0,0,24.0760869565217,75.3474926122397,"BLK"
"CPD001 MCF7 6H-priscoline-10.0","1/19",0.0437371573644841,0.301537280889001,0,0,24.0760869565217,75.3474926122397,"CD80"
"LJP005 BT20 3H-CP466722-3.33","1/19",0.0437371573644841,0.301537280889001,0,0,24.0760869565217,75.3474926122397,"CCL5"
"LJP005 BT20 3H-AKT-inhibitor-1-2-1.11","1/19",0.0437371573644841,0.301537280889001,0,0,24.0760869565217,75.3474926122397,"CHL1"
"CPC006 PC3 24H-abt-888 (veliparib)-10.0","1/19",0.0437371573644841,0.301537280889001,0,0,24.0760869565217,75.3474926122397,"IFNA2"
"CPC006 PC3 6H-bms-754807-10.0","1/19",0.0437371573644841,0.301537280889001,0,0,24.0760869565217,75.3474926122397,"BLK"
"CPC006 VCAP 24H-pnu 74654-80.0","1/19",0.0437371573644841,0.301537280889001,0,0,24.0760869565217,75.3474926122397,"CCL5"
"CPC006 VCAP 6H-n-oxalylphenylalanine-160.0","1/19",0.0437371573644841,0.301537280889001,0,0,24.0760869565217,75.3474926122397,"PPFIBP2"
"CPC010 VCAP 24H-BRD-K51155404-10.0","1/19",0.0437371573644841,0.301537280889001,0,0,24.0760869565217,75.3474926122397,"ATP8A1"
"CPC010 VCAP 24H-raltitrexed-10.0","1/19",0.0437371573644841,0.301537280889001,0,0,24.0760869565217,75.3474926122397,"BFSP2"
"CPC012 HT29 6H-BRD-K51791390-10.0","1/19",0.0437371573644841,0.301537280889001,0,0,24.0760869565217,75.3474926122397,"PPFIBP2"
"CPC013 VCAP 24H-BRD-A10523515-10.0","1/19",0.0437371573644841,0.301537280889001,0,0,24.0760869565217,75.3474926122397,"ABCA6"
"CPC013 VCAP 6H-BRD-A10523515-10.0","1/19",0.0437371573644841,0.301537280889001,0,0,24.0760869565217,75.3474926122397,"LST1"
"CPC013 VCAP 6H-BRD-K33164466-10.0","1/19",0.0437371573644841,0.301537280889001,0,0,24.0760869565217,75.3474926122397,"CCL5"
"CPC014 HA1E 6H-s1053-10.0","2/142",0.043953395058904,0.301537280889001,0,0,6.28984126984127,19.6533978542398,"CD80;CCL5"
"CPC015 ASC 24H-trichostatin a-10.0","2/142",0.043953395058904,0.301537280889001,0,0,6.28984126984127,19.6533978542398,"BFSP2;LST1"
"CPC018 NPC 24H-strophanthidin-10.0","2/142",0.043953395058904,0.301537280889001,0,0,6.28984126984127,19.6533978542398,"BLK;IFNA2"
"CPC006 A673 6H-ro 28-1675 ?-160.0","2/142",0.043953395058904,0.301537280889001,0,0,6.28984126984127,19.6533978542398,"IFNA2;ARHGAP6"
"CPC006 NCIH1694 6H-BRD-K73261812-10.0","2/142",0.043953395058904,0.301537280889001,0,0,6.28984126984127,19.6533978542398,"PPFIBP2;IFNA2"
"CPC009 VCAP 6H-BRD-K52321331-10.0","2/142",0.043953395058904,0.301537280889001,0,0,6.28984126984127,19.6533978542398,"PPFIBP2;ATP8A1"
"CPC012 HA1E 6H-t542500-10.0","2/142",0.043953395058904,0.301537280889001,0,0,6.28984126984127,19.6533978542398,"PPFIBP2;CD80"
"CPC016 MCF7 24H-pd 198306-10.0","2/143",0.0445114406247003,0.301537280889001,0,0,6.24491725768322,19.4342388985291,"PPFIBP2;LST1"
"CPC006 AGS 6H-methylene blue-10.0","2/143",0.0445114406247003,0.301537280889001,0,0,6.24491725768322,19.4342388985291,"PPFIBP2;CD80"
"LJP009 MCF7 24H-ON-01910-0.37","2/143",0.0445114406247003,0.301537280889001,0,0,6.24491725768322,19.4342388985291,"CCL5;LTB"
"CPC006 SNGM 6H-ingenol 3, 20-dibenzoate-10.0","2/143",0.0445114406247003,0.301537280889001,0,0,6.24491725768322,19.4342388985291,"ABCA6;IFNA2"
"CPC006 U937 6H-vorinostat-11.1","2/143",0.0445114406247003,0.301537280889001,0,0,6.24491725768322,19.4342388985291,"BFSP2;ABCA6"
"CPC008 VCAP 6H-geldanamycin-10.0","2/143",0.0445114406247003,0.301537280889001,0,0,6.24491725768322,19.4342388985291,"BLK;CD80"
"LJP006 MCF10A 24H-CGP-60474-0.04","2/143",0.0445114406247003,0.301537280889001,0,0,6.24491725768322,19.4342388985291,"CCL5;CYBB"
"CPC013 A375 6H-s1053-10.0","2/143",0.0445114406247003,0.301537280889001,0,0,6.24491725768322,19.4342388985291,"ABCA6;CCL5"
"CPC013 NPC 24H-s1053-10.0","2/143",0.0445114406247003,0.301537280889001,0,0,6.24491725768322,19.4342388985291,"BLK;CCL5"
"CPC016 NEU 24H-anisomycin-10.0","2/144",0.0450721425518662,0.301537280889001,0,0,6.20062597809077,19.2187838249837,"BLK;ATP8A1"
"CPC017 SKB 24H-emetine-10.0","2/144",0.0450721425518662,0.301537280889001,0,0,6.20062597809077,19.2187838249837,"PPFIBP2;ABCA6"
"CPC017 SKB 24H-homoharringtonine-10.0","2/144",0.0450721425518662,0.301537280889001,0,0,6.20062597809077,19.2187838249837,"ABCA6;IFNA2"
"LJP005 HCC515 24H-WZ-3105-3.33","2/144",0.0450721425518662,0.301537280889001,0,0,6.20062597809077,19.2187838249837,"CCL5;CYBB"
"CPC006 SKM1 6H-pnu 74654-80.0","2/144",0.0450721425518662,0.301537280889001,0,0,6.20062597809077,19.2187838249837,"EDNRB;PPFIBP2"
"CPC010 MCF7 6H-trichostatin a-10.0","2/144",0.0450721425518662,0.301537280889001,0,0,6.20062597809077,19.2187838249837,"BFSP2;DNASE1L3"
"CPC012 ASC 24H-t542500-10.0","2/144",0.0450721425518662,0.301537280889001,0,0,6.20062597809077,19.2187838249837,"ABCA6;ARHGAP6"
"LJP006 SKBR3 24H-PF-562271-10","2/144",0.0450721425518662,0.301537280889001,0,0,6.20062597809077,19.2187838249837,"CCL5;AIF1"
"CPC004 HCC515 24H-triciribine-10.0","2/145",0.0456354858721279,0.301537280889001,0,0,6.15695415695416,19.0069464138181,"PPFIBP2;IFNA2"
"CPC019 A549 24H-BRD-K91145395-10.0","2/145",0.0456354858721279,0.301537280889001,0,0,6.15695415695416,19.0069464138181,"PPFIBP2;CCL5"
"CPC006 NCIH596 6H-ski ii-40.0","2/145",0.0456354858721279,0.301537280889001,0,0,6.15695415695416,19.0069464138181,"PPFIBP2;CD80"
"CPC006 RKO 6H-trichostatin a-10.0","2/145",0.0456354858721279,0.301537280889001,0,0,6.15695415695416,19.0069464138181,"BFSP2;DNASE1L3"
"CPC006 SW620 6H-BRD-K37865504-10.0","2/145",0.0456354858721279,0.301537280889001,0,0,6.15695415695416,19.0069464138181,"CCL5;LST1"
"CPC006 THP1 6H-BRD-K28907958-11.1","2/145",0.0456354858721279,0.301537280889001,0,0,6.15695415695416,19.0069464138181,"PPFIBP2;CD80"
"CPC001 VCAP 6H-mibefradil dihydrochloride-10.0","1/20",0.0459865060964823,0.301537280889001,0,0,22.8077803203661,70.2344445597441,"IFNA2"
"CPC001 VCAP 6H-aloisine-10.0","1/20",0.0459865060964823,0.301537280889001,0,0,22.8077803203661,70.2344445597441,"AIF1"
"CPC014 VCAP 24H-ac-1121-10.0","1/20",0.0459865060964823,0.301537280889001,0,0,22.8077803203661,70.2344445597441,"ABCA6"
"CPC004 PC3 6H-inca-6-10.0","1/20",0.0459865060964823,0.301537280889001,0,0,22.8077803203661,70.2344445597441,"ATP8A1"
"CPC005 MCF7 24H-lasalocid sodium-10.0","1/20",0.0459865060964823,0.301537280889001,0,0,22.8077803203661,70.2344445597441,"PPFIBP2"
"CPC005 MCF7 6H-sotalol hydrochloride-10.0","1/20",0.0459865060964823,0.301537280889001,0,0,22.8077803203661,70.2344445597441,"IFNA2"
"CPC019 HT29 6H-BRD-K40956802-10.0","1/20",0.0459865060964823,0.301537280889001,0,0,22.8077803203661,70.2344445597441,"CCL5"
"CPC019 VCAP 24H-BRD-K24214483-10.0","1/20",0.0459865060964823,0.301537280889001,0,0,22.8077803203661,70.2344445597441,"CCL5"
"CPC020 A375 6H-BRD-K88868628-10.0","1/20",0.0459865060964823,0.301537280889001,0,0,22.8077803203661,70.2344445597441,"PPFIBP2"
"CPC006 HCC515 24H-lenalidomide-177.6","1/20",0.0459865060964823,0.301537280889001,0,0,22.8077803203661,70.2344445597441,"IFNA2"
"CPC006 HCC515 6H-qs 11-10.0","1/20",0.0459865060964823,0.301537280889001,0,0,22.8077803203661,70.2344445597441,"IFNA2"
"CPD001 MCF7 6H-dilazep dihydrochloride-10.0","1/20",0.0459865060964823,0.301537280889001,0,0,22.8077803203661,70.2344445597441,"PPFIBP2"
"LJP005 HA1E 24H-GDC-0980-0.12","1/20",0.0459865060964823,0.301537280889001,0,0,22.8077803203661,70.2344445597441,"CCL5"
"CPC007 VCAP 6H-BRD-K86456986-10.0","1/20",0.0459865060964823,0.301537280889001,0,0,22.8077803203661,70.2344445597441,"PHACTR1"
"CPC009 PC3 24H-BRD-K66909449-10.0","1/20",0.0459865060964823,0.301537280889001,0,0,22.8077803203661,70.2344445597441,"CHL1"
"CPC013 MCF7 6H-BRD-K22096725-10.0","1/20",0.0459865060964823,0.301537280889001,0,0,22.8077803203661,70.2344445597441,"IFNA2"
"CPC013 VCAP 6H-BRD-K93578426-10.0","1/20",0.0459865060964823,0.301537280889001,0,0,22.8077803203661,70.2344445597441,"CCL5"
"CPC014 MCF7 24H-BRD-U00779237-10.0","2/146",0.0462014556638977,0.301537280889001,0,0,6.11388888888889,18.7986430158467,"PPFIBP2;LST1"
"CPC003 HA1E 6H-malonoben-10.0","2/146",0.0462014556638977,0.301537280889001,0,0,6.11388888888889,18.7986430158467,"ABCA6;CCL5"
"CPC015 NPC 24H-vinblastine sulfate-10.0","2/146",0.0462014556638977,0.301537280889001,0,0,6.11388888888889,18.7986430158467,"LST1;HLA-DOA"
"CPC019 VCAP 24H-trichostatin a-10.0","2/146",0.0462014556638977,0.301537280889001,0,0,6.11388888888889,18.7986430158467,"ABCA6;IFNA2"
"CPC006 HCC515 24H-chaetocin-0.08","2/146",0.0462014556638977,0.301537280889001,0,0,6.11388888888889,18.7986430158467,"BFSP2;CCL5"
"CPC006 HT29 24H-BRD-K41859756-10.0","2/146",0.0462014556638977,0.301537280889001,0,0,6.11388888888889,18.7986430158467,"PPFIBP2;LST1"
"CPC008 HT29 6H-ncgc00241357-01-10.0","2/146",0.0462014556638977,0.301537280889001,0,0,6.11388888888889,18.7986430158467,"BFSP2;DNASE1L3"
"CPC009 HA1E 6H-arg-a1-22 brd-k91349888-10.0","2/146",0.0462014556638977,0.301537280889001,0,0,6.11388888888889,18.7986430158467,"PPFIBP2;PHACTR1"
"CPC011 VCAP 24H-mestanolone-10.0","2/146",0.0462014556638977,0.301537280889001,0,0,6.11388888888889,18.7986430158467,"IFNA2;DNASE1L3"
"CPC006 HT115 6H-mk-2206-10.0","2/147",0.04677003707059,0.301537280889001,0,0,6.07141762452107,18.5937924566406,"EDNRB;ABCA6"
"CPC006 SW948 6H-px12-30.0","2/147",0.04677003707059,0.301537280889001,0,0,6.07141762452107,18.5937924566406,"PPFIBP2;LST1"
"CPC006 SW948 6H-pifithrin- ?-10.0","2/147",0.04677003707059,0.301537280889001,0,0,6.07141762452107,18.5937924566406,"ATP8A1;LST1"
"CPC009 MCF7 24H-BRD-K82732294-10.0","2/147",0.04677003707059,0.301537280889001,0,0,6.07141762452107,18.5937924566406,"ABCA6;HLA-DOA"
"CPC011 VCAP 24H-methyltestosterone-10.0","2/147",0.04677003707059,0.301537280889001,0,0,6.07141762452107,18.5937924566406,"IFNA2;DNASE1L3"
"CPC014 HT29 6H-trichostatin a-10.0","2/148",0.0473412152663512,0.301537280889001,0,0,6.02952815829528,18.3923159516571,"BFSP2;DNASE1L3"
"LJP006 LNCAP 24H-alvocidib-0.12","2/148",0.0473412152663512,0.301537280889001,0,0,6.02952815829528,18.3923159516571,"LST1;AIF1"
"CPC006 JHUEM2 6H-BRD-K53903639-80.0","2/149",0.0479149755038416,0.301537280889001,0,0,5.98820861678005,18.1941370144154,"CHL1;CCL5"
"LJP006 A375 24H-alvocidib-10","2/149",0.0479149755038416,0.301537280889001,0,0,5.98820861678005,18.1941370144154,"CCL5;AIF1"
"LJP006 HA1E 24H-JW-7-24-1-10","2/149",0.0479149755038416,0.301537280889001,0,0,5.98820861678005,18.1941370144154,"CCL5;TMEM140"
"CPC013 VCAP 24H-prestw-550-10.0","2/149",0.0479149755038416,0.301537280889001,0,0,5.98820861678005,18.1941370144154,"ATP8A1;CCL5"
"CPC014 A549 24H-hy-10344-10.0","1/21",0.0482306763303603,0.301537280889001,0,0,21.6663043478261,65.687035345734,"PPFIBP2"
"CPC001 VCAP 24H-o-2050-10.0","1/21",0.0482306763303603,0.301537280889001,0,0,21.6663043478261,65.687035345734,"BLK"
"CPC014 MCF7 6H-BRD-U73238814-10.0","1/21",0.0482306763303603,0.301537280889001,0,0,21.6663043478261,65.687035345734,"IFNA2"
"CPC002 VCAP 6H-papaverine hydrochloride-10.0","1/21",0.0482306763303603,0.301537280889001,0,0,21.6663043478261,65.687035345734,"ABCA6"
"CPC014 VCAP 24H-dm-100-10.0","1/21",0.0482306763303603,0.301537280889001,0,0,21.6663043478261,65.687035345734,"ATP8A1"
"CPC015 MCF7 6H-meptazinol hydrochloride-10.0","1/21",0.0482306763303603,0.301537280889001,0,0,21.6663043478261,65.687035345734,"PPFIBP2"
"CPC004 MCF7 6H-amg 9810-10.0","1/21",0.0482306763303603,0.301537280889001,0,0,21.6663043478261,65.687035345734,"PPFIBP2"
"CPC017 A375 6H-piceatannol-10.0","1/21",0.0482306763303603,0.301537280889001,0,0,21.6663043478261,65.687035345734,"PPFIBP2"
"CPC005 A549 6H-nsc 119889-10.0","1/21",0.0482306763303603,0.301537280889001,0,0,21.6663043478261,65.687035345734,"ATP8A1"
"CPC005 MCF7 24H-trimeprazine tartrate-10.0","1/21",0.0482306763303603,0.301537280889001,0,0,21.6663043478261,65.687035345734,"ATP8A1"
"CPC005 MCF7 6H-phenamil-10.0","1/21",0.0482306763303603,0.301537280889001,0,0,21.6663043478261,65.687035345734,"CCL5"
"CPC006 A375 6H-gemcitabine-0.08","1/21",0.0482306763303603,0.301537280889001,0,0,21.6663043478261,65.687035345734,"LST1"
"CPC019 HT29 6H-BRD-K86027709-10.0","1/21",0.0482306763303603,0.301537280889001,0,0,21.6663043478261,65.687035345734,"ABCA6"
"CPC019 PC3 6H-BRD-K23931216-10.0","1/21",0.0482306763303603,0.301537280889001,0,0,21.6663043478261,65.687035345734,"IFNA2"
"CPC020 PC3 24H-BRD-K37194137-10.0","1/21",0.0482306763303603,0.301537280889001,0,0,21.6663043478261,65.687035345734,"ATP8A1"
"CPD001 MCF7 6H-metolazone-10.0","1/21",0.0482306763303603,0.301537280889001,0,0,21.6663043478261,65.687035345734,"CD80"
"CPC006 HT29 6H-ag 9-10.0","1/21",0.0482306763303603,0.301537280889001,0,0,21.6663043478261,65.687035345734,"AIF1"
"CPC006 MCF7 6H-ag 9-10.0","1/21",0.0482306763303603,0.301537280889001,0,0,21.6663043478261,65.687035345734,"PPFIBP2"
"LJP005 BT20 3H-crizotinib-0.12","1/21",0.0482306763303603,0.301537280889001,0,0,21.6663043478261,65.687035345734,"CCL5"
"CPC006 VCAP 6H-BRD-K89692698-160.0","1/21",0.0482306763303603,0.301537280889001,0,0,21.6663043478261,65.687035345734,"ABCA6"
"LJP005 SKBR3 3H-pelitinib-1.11","1/21",0.0482306763303603,0.301537280889001,0,0,21.6663043478261,65.687035345734,"CCL5"
"LJP006 BT20 3H-CGP-60474-0.37","1/21",0.0482306763303603,0.301537280889001,0,0,21.6663043478261,65.687035345734,"CYBB"
"CPC010 PC3 24H-BRD-A18725729-10.0","1/21",0.0482306763303603,0.301537280889001,0,0,21.6663043478261,65.687035345734,"IFNA2"
"LJP006 LNCAP 3H-mitoxantrone-0.37","1/21",0.0482306763303603,0.301537280889001,0,0,21.6663043478261,65.687035345734,"CLIC2"
"CPC016 A549 6H-jak3 inhibitor v-10.0","2/150",0.0484913030809409,0.301537280889001,0,0,5.94744744744745,17.9991813789202,"PPFIBP2;IFNA2"
"CPC006 A673 6H-BRD-A36630025-0.35","2/150",0.0484913030809409,0.301537280889001,0,0,5.94744744744745,17.9991813789202,"BFSP2;IFNA2"
"LJP005 HCC515 24H-AS-601245-3.33","2/150",0.0484913030809409,0.301537280889001,0,0,5.94744744744745,17.9991813789202,"CYBB;PHACTR1"
"LJP008 MCF7 24H-GSK-1059615-10","2/150",0.0484913030809409,0.301537280889001,0,0,5.94744744744745,17.9991813789202,"ATP8A1;RNASE6"
"LJP006 A549 24H-GSK-2126458-0.12","2/150",0.0484913030809409,0.301537280889001,0,0,5.94744744744745,17.9991813789202,"PPFIBP2;ATP8A1"
"LJP006 BT20 24H-WZ-4-145-3.33","2/150",0.0484913030809409,0.301537280889001,0,0,5.94744744744745,17.9991813789202,"RNASE6;AIF1"
"LJP006 HA1E 24H-NVP-TAE684-3.33","2/150",0.0484913030809409,0.301537280889001,0,0,5.94744744744745,17.9991813789202,"CCL5;LTB"
"CPC011 HT29 6H-vorinostat-10.0","2/150",0.0484913030809409,0.301537280889001,0,0,5.94744744744745,17.9991813789202,"BFSP2;DNASE1L3"
"CPC005 A375 24H-periplocymarin-10.0","2/151",0.0490701833297091,0.301537280889001,0,0,5.90723340790455,17.8073769223712,"IFNA2;AIF1"
"CPC006 AGS 6H-parthenolide-20.0","2/151",0.0490701833297091,0.301537280889001,0,0,5.90723340790455,17.8073769223712,"BFSP2;PPFIBP2"
"CPC006 CL34 6H-prostaglandin a1-1.0","2/151",0.0490701833297091,0.301537280889001,0,0,5.90723340790455,17.8073769223712,"CCL5;IFNA2"
"LJP005 HCC515 24H-PF-431396-10","2/151",0.0490701833297091,0.301537280889001,0,0,5.90723340790455,17.8073769223712,"CYBB;PHACTR1"
"LJP008 PC3 24H-belinostat-10","2/151",0.0490701833297091,0.301537280889001,0,0,5.90723340790455,17.8073769223712,"EDNRB;CYBB"
"CPC006 U937 6H-chaetocin-0.08","2/151",0.0490701833297091,0.301537280889001,0,0,5.90723340790455,17.8073769223712,"CCL5;CYBB"
"CPC010 A375 6H-vorinostat-10.0","2/151",0.0490701833297091,0.301537280889001,0,0,5.90723340790455,17.8073769223712,"BFSP2;DNASE1L3"
"LJP006 HS578T 24H-mitoxantrone-3.33","2/151",0.0490701833297091,0.301537280889001,0,0,5.90723340790455,17.8073769223712,"CYBB;AIF1"
"CPC001 HA1E 6H-homoharringtonine-10.0","2/152",0.0496516016512573,0.301537280889001,0,0,5.86755555555556,17.6186535855825,"CCR6;AIF1"
"CPC006 HA1E 24H-mst- 312-11.1","2/152",0.0496516016512573,0.301537280889001,0,0,5.86755555555556,17.6186535855825,"BFSP2;ARHGAP6"
"LJP005 HA1E 24H-WZ-3105-0.37","2/152",0.0496516016512573,0.301537280889001,0,0,5.86755555555556,17.6186535855825,"LST1;LTB"
"LJP006 HCC515 24H-JW-7-24-1-10","2/152",0.0496516016512573,0.301537280889001,0,0,5.86755555555556,17.6186535855825,"CCL5;TMEM140"
