"Term","Overlap","P.value","Adjusted.P.value","Old.P.value","Old.Adjusted.P.value","Odds.Ratio","Combined.Score","Genes"
"LJP005 MDAMB231 3H-PF-477736-10","4/50",3.39538769843556e-08,0.000139210895635858,0,0,173.391304347826,2982.02921812099,"PLAC8;SELL;PRKCB;SORL1"
"LJP005 SKBR3 3H-neratinib-0.04","3/35",1.76345782988292e-06,0.00361508855125999,0,0,170.0625,2253.02779467538,"PLAC8;SELL;PRKCB"
"LJP005 HT29 24H-LDN-193189-10","4/148",2.7204443494558e-06,0.00364408557142425,0,0,55.1166666666667,706.304393119064,"PLAC8;SELL;DDAH1;SORL1"
"LJP006 MDAMB231 24H-JW-7-24-1-1.11","3/44",3.55520543553585e-06,0.00364408557142425,0,0,132.671840354767,1664.6465441117,"PLAC8;SELL;PRKCB"
"LJP005 MDAMB231 3H-SB590885-1.11","3/51",5.5741372345521e-06,0.00457079253233272,0,0,113.284090909091,1370.43990368195,"PLAC8;SELL;SORL1"
"LJP005 MDAMB231 3H-linsitinib-10","3/55",7.01063830160619e-06,0.00457592083174566,0,0,104.548951048951,1240.79550369672,"PLAC8;DDAH1;SORL1"
"LJP006 SKBR3 24H-sirolimus-3.33","3/57",7.81254776151699e-06,0.00457592083174566,0,0,100.666666666667,1183.81779589759,"PLAC8;DDAH1;CORO1A"
"LJP005 SKBR3 24H-BX-912-10","3/73",1.64973717135945e-05,0.00794207048214824,0,0,77.5948051948052,854.498008832388,"PLAC8;CORO1A;PLS1"
"LJP006 SKBR3 24H-sirolimus-10","3/75",1.78961054796072e-05,0.00794207048214824,0,0,75.4318181818182,824.539731194716,"PLAC8;PRKCB;SORL1"
"LJP005 SKBR3 3H-torin-2-10","3/77",1.93709036149957e-05,0.00794207048214824,0,0,73.3857493857494,796.362956926526,"PLAC8;SELL;PRKCB"
"CPC016 A549 24H-vinblastine sulfate-10.0","3/83",2.42709054163385e-05,0.00904642838245342,0,0,67.8613636363636,721.110609643529,"DDAH1;GFPT1;PLS1"
"CPC017 SKB 24H-ikk 16-10.0","3/101",4.36957068727314e-05,0.0149293665148499,0,0,55.3469387755102,555.587000463361,"DDAH1;GFPT1;CORO1A"
"CPC012 HT29 6H-BRD-K19624190-10.0","2/17",6.15100567126949e-05,0.0165119277581235,0,0,221.9,2151.61116076027,"GFPT1;CORO1A"
"CPC006 VCAP 6H-tgx-115-160.0","3/117",6.77570639083893e-05,0.0165119277581235,0,0,47.5406698564593,456.370550982659,"GFPT1;CORO1A;PLS1"
"CPC014 PHH 24H-e3380-10.0","3/118",6.9495932134795e-05,0.0165119277581235,0,0,47.1249011857708,451.185224085247,"LAT2;CORO1A;PLS1"
"LJP008 PC3 24H-GSK-1070916-10","3/120",7.30608985003159e-05,0.0165119277581235,0,0,46.3146853146853,441.111124272482,"PLAC8;CORO1A;SORL1"
"CPC017 SKB 24H-cinobufagin-10.0","3/120",7.30608985003159e-05,0.0165119277581235,0,0,46.3146853146853,441.111124272482,"GFPT1;CORO1A;PLS1"
"LJP006 SKBR3 24H-radicicol-3.33","3/122",7.67436580245529e-05,0.0165119277581235,0,0,45.5317035905271,431.414703978598,"EPB41L4B;ELF3;SORL1"
"LJP006 BT20 3H-AZD-8055-0.37","2/19",7.72781566865722e-05,0.0165119277581235,0,0,195.774509803922,1853.61248371603,"PLAC8;PRKCB"
"LJP005 SKBR3 24H-PF-477736-10","3/124",8.05459890640173e-05,0.0165119277581235,0,0,44.7746055597295,422.075979209526,"ELF3;PRKCB;CORO1A"
"LJP005 SKBR3 24H-torin-2-1.11","3/132",9.6986372518965e-05,0.0189354346346551,0,0,41.9809725158562,387.943651469855,"PLAC8;PRKCB;CORO1A"
"CPC018 SKB 24H-ch 55-10.0","3/140",0.000115480515201451,0.0207069519580221,0,0,39.513603185136,358.246477337273,"EPB41L4B;DDAH1;GFPT1"
"LJP006 BT20 24H-QL-XII-47-0.12","3/141",0.00011794222256478,0.0207069519580221,0,0,39.2252964426877,354.805189463562,"PLAC8;ELF3;SORL1"
"LJP005 SKBR3 24H-radicicol-3.33","3/144",0.000125532425858934,0.0207069519580221,0,0,38.384912959381,344.809617962355,"ELF3;CORO1A;SORL1"
"LJP008 HT29 24H-belinostat-10","3/146",0.000130765599492635,0.0207069519580221,0,0,37.8442466624285,338.407195298453,"PLAC8;ELF3;SORL1"
"CPC012 VCAP 6H-t5212475-10.0","2/25",0.00013525136020906,0.0207069519580221,0,0,144.659420289855,1288.68044760298,"GFPT1;PLS1"
"LJP006 MDAMB231 3H-JW-7-24-1-1.11","2/26",0.000146463806532351,0.0207069519580221,0,0,138.625,1223.88300322353,"EPB41L4B;PLS1"
"LJP009 MCF7 24H-pyrazolanthrone-10","2/26",0.000146463806532351,0.0207069519580221,0,0,138.625,1223.88300322353,"SELL;PLS1"
"LJP009 HEPG2 24H-chelerythrine chloride-3.33","2/26",0.000146463806532351,0.0207069519580221,0,0,138.625,1223.88300322353,"CORO1A;SORL1"
"LJP005 HCC515 24H-XMD16-144-10","3/154",0.000153119405176315,0.020912347809187,0,0,35.8248043347381,314.695560567434,"PLAC8;ELF3;SORL1"
"CPC020 HT29 6H-BRD-A50774520-10.0","2/27",0.000158117751727999,0.020912347809187,0,0,133.073333333333,1164.68050744767,"GFPT1;CORO1A"
"LJP005 SKBR3 24H-torin-2-10","3/158",0.000165172572625844,0.0211627358676863,0,0,34.8932551319648,303.868600967501,"PLAC8;PRKCB;CORO1A"
"LJP008 PC3 24H-GSK-J4-0.04","2/29",0.000182748000187653,0.0220372588461581,0,0,123.203703703704,1060.46385522904,"DDAH1;PLS1"
"CPC006 VCAP 6H-unc0321-10.0","2/29",0.000182748000187653,0.0220372588461581,0,0,123.203703703704,1060.46385522904,"GFPT1;CORO1A"
"LJP009 PC3 24H-ponatinib-3.33","2/30",0.000195723235326659,0.0229275789954086,0,0,118.797619047619,1014.39017410449,"PLAC8;SELL"
"LJP006 PC3 24H-THZ-2-98-01-10","2/31",0.00020913783305828,0.0238184754316375,0,0,114.695402298851,971.758749818832,"PLAC8;SORL1"
"LJP008 PC3 24H-MK-1775-0.12","2/33",0.000237282984768674,0.0254752257323699,0,0,107.284946236559,895.42774430949,"DDAH1;SORL1"
"CPC006 AGS 6H-px12-30.0","2/33",0.000237282984768674,0.0254752257323699,0,0,107.284946236559,895.42774430949,"GFPT1;CORO1A"
"LJP006 HME1 3H-mitoxantrone-0.37","2/34",0.000252012474093977,0.0254752257323699,0,0,103.927083333333,861.143135184482,"LAT2;PLAC8"
"LJP006 SKBR3 24H-JW-7-24-1-0.37","2/34",0.000252012474093977,0.0254752257323699,0,0,103.927083333333,861.143135184482,"PLAC8;SELL"
"CPC014 NPC 24H-BRD-K56343971-10.0","2/35",0.000267179196705343,0.0254752257323699,0,0,100.772727272727,829.116781533425,"GFPT1;ARHGEF18"
"LJP007 A375 24H-AT7867-1.11","2/35",0.000267179196705343,0.0254752257323699,0,0,100.772727272727,829.116781533425,"PLAC8;CORO1A"
"LJP007 MCF7 24H-OSI-930-3.33","2/35",0.000267179196705343,0.0254752257323699,0,0,100.772727272727,829.116781533425,"SELL;SORL1"
"LJP008 HT29 24H-VE821-3.33","2/36",0.000282782621321006,0.0257646388314694,0,0,97.8039215686274,799.139419708988,"SELL;PRKCB"
"LJP006 SKBR3 3H-JW-7-24-1-1.11","2/36",0.000282782621321006,0.0257646388314694,0,0,97.8039215686274,799.139419708988,"PLAC8;SELL"
"LJP006 SKBR3 3H-BI-2536-0.04","2/37",0.000298822217170024,0.0261933074230279,0,0,95.0047619047619,771.026512526034,"PLAC8;SORL1"
"LJP005 MCF10A 3H-ruxolitinib-10","2/38",0.000315297453838473,0.0261933074230279,0,0,92.3611111111111,744.614729781527,"DDAH1;SORL1"
"LJP005 MDAMB231 3H-PIK-93-10","2/38",0.000315297453838473,0.0261933074230279,0,0,92.3611111111111,744.614729781527,"SELL;SORL1"
"LJP006 SKBR3 3H-WYE-125132-1.11","2/38",0.000315297453838473,0.0261933074230279,0,0,92.3611111111111,744.614729781527,"PLAC8;PLS1"
"LJP005 HS578T 3H-torin-2-0.37","2/39",0.000332207801462792,0.0261933074230279,0,0,89.8603603603604,719.759010327941,"PLAC8;SELL"
"LJP006 MCF10A 3H-dasatinib-0.12","2/39",0.000332207801462792,0.0261933074230279,0,0,89.8603603603604,719.759010327941,"DDAH1;CD37"
"CPC012 HT29 6H-k784-3131-10.0","2/39",0.000332207801462792,0.0261933074230279,0,0,89.8603603603604,719.759010327941,"GFPT1;CORO1A"
"LJP008 HT29 24H-UNC0638-3.33","2/40",0.000349552730471839,0.0267920557573637,0,0,87.4912280701754,696.33009716649,"PRKCB;CORO1A"
"LJP006 HEPG2 24H-JW-7-24-1-3.33","2/41",0.000367331711842077,0.0267920557573637,0,0,85.2435897435897,674.212459075533,"PRKCB;SORL1"
"LJP006 PC3 24H-ZSTK-474-0.12","2/41",0.000367331711842077,0.0267920557573637,0,0,85.2435897435897,674.212459075533,"PRKCB;SORL1"
"LJP005 HS578T 3H-torin-2-0.04","2/42",0.00038554421699621,0.0267920557573637,0,0,83.1083333333333,653.302530295589,"PLAC8;PRKCB"
"LJP005 MDAMB231 3H-NVP-AUY922-0.12","2/42",0.00038554421699621,0.0267920557573637,0,0,83.1083333333333,653.302530295589,"SELL;SORL1"
"LJP005 SKBR3 3H-SU-11274-3.33","2/42",0.00038554421699621,0.0267920557573637,0,0,83.1083333333333,653.302530295589,"PLAC8;SORL1"
"LJP005 SKBR3 3H-crizotinib-10","2/42",0.00038554421699621,0.0267920557573637,0,0,83.1083333333333,653.302530295589,"EPB41L4B;SORL1"
"CPC014 VCAP 6H-hy-50878-10.0","2/43",0.000404189717626923,0.0275459922705131,0,0,81.0772357723577,633.507213017476,"CORO1A;PLS1"
"LJP009 A375 24H-SYK-inhibitor-0.12","2/44",0.000423267686107884,0.0275459922705131,0,0,79.1428571428571,614.742598038642,"PLAC8;PRKCB"
"LJP009 HEPG2 24H-ALW-II-38-3-0.37","2/44",0.000423267686107884,0.0275459922705131,0,0,79.1428571428571,614.742598038642,"EPB41L4B;SORL1"
"LJP005 BT20 3H-trametinib-10","2/44",0.000423267686107884,0.0275459922705131,0,0,79.1428571428571,614.742598038642,"SELL;SORL1"
"LJP005 HEPG2 24H-PF-431396-3.33","2/45",0.000442777594975409,0.0278968115615265,0,0,77.2984496124031,596.932867790895,"PLAC8;DDAH1"
"LJP005 HS578T 3H-PF-477736-1.11","2/46",0.000462718917452995,0.0278968115615265,0,0,75.5378787878788,580.00935187196,"SELL;DDAH1"
"LJP005 SKBR3 24H-PF-477736-0.37","2/46",0.000462718917452995,0.0278968115615265,0,0,75.5378787878788,580.00935187196,"PLAC8;CORO1A"
"CPC016 SKB 24H-caffeic acid phenethyl ester-10.0","2/46",0.000462718917452995,0.0278968115615265,0,0,75.5378787878788,580.00935187196,"GFPT1;CORO1A"
"LJP006 BT20 24H-mitoxantrone-0.04","2/46",0.000462718917452995,0.0278968115615265,0,0,75.5378787878788,580.00935187196,"SORL1;PLS1"
"LJP005 SKBR3 24H-GSK-1059615-0.37","2/47",0.000483091127041069,0.0278968115615265,0,0,73.8555555555556,563.90971131764,"PRKCB;CORO1A"
"CPC006 AGS 6H-ingenol 3, 20-dibenzoate-10.0","2/47",0.000483091127041069,0.0278968115615265,0,0,73.8555555555556,563.90971131764,"GFPT1;CORO1A"
"CPC006 NCIH596 6H-ingenol 3, 20-dibenzoate-10.0","2/47",0.000483091127041069,0.0278968115615265,0,0,73.8555555555556,563.90971131764,"DDAH1;GFPT1"
"LJP005 MDAMB231 3H-WH-4-025-3.33","2/48",0.000503893697777016,0.0283008789162434,0,0,72.2463768115942,548.57723141742,"DDAH1;SORL1"
"LJP005 A375 24H-YM-201636-1.11","2/48",0.000503893697777016,0.0283008789162434,0,0,72.2463768115942,548.57723141742,"PLAC8;CORO1A"
"CPC006 HCC515 24H-emetine dihydrochloride hydrate (74)-0.63","3/233",0.000516707098785726,0.028628366284074,0,0,23.4260869565217,177.289431571091,"GFPT1;ARHGEF18;PLS1"
"LJP007 HEPG2 24H-sirolimus-10","2/49",0.000525126104008787,0.0287068936858137,0,0,70.7056737588652,533.960206816951,"CORO1A;SORL1"
"LJP005 MDAMB231 3H-PF-477736-3.33","2/50",0.000546787820641936,0.029497764008315,0,0,69.2291666666667,520.011405075623,"PLAC8;PRKCB"
"LJP005 A549 24H-PD-0325901-0.04","2/51",0.00056887832293831,0.029902578513424,0,0,67.812925170068,506.687597403379,"PLAC8;PRKCB"
"LJP008 A375 24H-decitabine-0.37","2/51",0.00056887832293831,0.029902578513424,0,0,67.812925170068,506.687597403379,"PLAC8;SELL"
"CPC014 VCAP 6H-dexamethasone-10.0","2/52",0.000591397086546329,0.0299349142572833,0,0,66.4533333333333,493.949146914617,"DDAH1;GFPT1"
"CPC005 A549 6H-pepstatin a-10.0","2/52",0.000591397086546329,0.0299349142572833,0,0,66.4533333333333,493.949146914617,"GFPT1;ARHGEF18"
"CPC009 HCC515 6H-BRD-K00313977-10.0","2/52",0.000591397086546329,0.0299349142572833,0,0,66.4533333333333,493.949146914617,"GFPT1;CORO1A"
"CPC014 HCC515 6H-BRD-A31374339-10.0","2/53",0.000614343587780839,0.0300270688231776,0,0,65.1470588235294,481.759646370495,"GFPT1;ARHGEF18"
"CPC006 MDST8 6H-auranofin-10.0","2/53",0.000614343587780839,0.0300270688231776,0,0,65.1470588235294,481.759646370495,"DDAH1;CORO1A"
"CPC014 HCC515 6H-gr-235-10.0","2/54",0.000637717303082491,0.0300270688231776,0,0,63.8910256410256,470.085598742163,"GFPT1;ARHGEF18"
"CPC014 VCAP 24H-ei-247-10.0","2/54",0.000637717303082491,0.0300270688231776,0,0,63.8910256410256,470.085598742163,"CORO1A;PLS1"
"CPC006 NCIH596 6H-curcubitacin i-10.0","2/54",0.000637717303082491,0.0300270688231776,0,0,63.8910256410256,470.085598742163,"DDAH1;GFPT1"
"CPC002 VCAP 6H-norethindrone-10.0","2/55",0.000661517709599366,0.0300270688231776,0,0,62.6823899371069,458.896134631876,"GFPT1;CORO1A"
"LJP006 MDAMB231 3H-dasatinib-10","2/55",0.000661517709599366,0.0300270688231776,0,0,62.6823899371069,458.896134631876,"EPB41L4B;SORL1"
"LJP006 SKBR3 3H-PI-103-0.04","2/55",0.000661517709599366,0.0300270688231776,0,0,62.6823899371069,458.896134631876,"PLAC8;PRKCB"
"LJP005 SKBR3 24H-withaferin-a-10","2/56",0.000685744284747478,0.0300270688231776,0,0,61.5185185185185,448.162761907284,"EPB41L4B;SORL1"
"LJP006 MCF10A 3H-NVP-TAE684-10","2/56",0.000685744284747478,0.0300270688231776,0,0,61.5185185185185,448.162761907284,"PLAC8;SORL1"
"CPC006 PL21 6H-qs 11-10.0","2/57",0.000710396506304446,0.0300270688231776,0,0,60.3969696969697,437.859143217887,"GFPT1;PLS1"
"CPC014 HCC515 6H-hy-50878-10.0","2/57",0.000710396506304446,0.0300270688231776,0,0,60.3969696969697,437.859143217887,"GFPT1;CORO1A"
"LJP005 MDAMB231 3H-NVP-BEZ235-1.11","2/57",0.000710396506304446,0.0300270688231776,0,0,60.3969696969697,437.859143217887,"PLAC8;PRKCB"
"LJP005 MDAMB231 3H-torin-2-1.11","2/57",0.000710396506304446,0.0300270688231776,0,0,60.3969696969697,437.859143217887,"PLAC8;SORL1"
"LJP006 BT20 24H-withaferin-a-1.11","2/57",0.000710396506304446,0.0300270688231776,0,0,60.3969696969697,437.859143217887,"PLAC8;SORL1"
"LJP006 MDAMB231 3H-XMD-1150-10","2/57",0.000710396506304446,0.0300270688231776,0,0,60.3969696969697,437.859143217887,"PLAC8;SORL1"
"CPC014 VCAP 6H-stock1n-27488-10.0","2/58",0.00073547385272901,0.0304590181433226,0,0,59.3154761904762,427.960897880836,"GFPT1;PLS1"
"LJP006 HS578T 3H-BI-2536-1.11","2/58",0.00073547385272901,0.0304590181433226,0,0,59.3154761904762,427.960897880836,"PLAC8;SELL"
"CPC016 SKB 24H-ici 192,605-10.0","2/60",0.000786901835472271,0.0322629752543631,0,0,57.264367816092,409.291746236255,"ARHGEF18;CORO1A"
"LJP005 SKBR3 24H-PD-0325901-10","2/61",0.00081325143053848,0.0326895182863507,0,0,56.2909604519774,400.480362554848,"SELL;PRKCB"
"CPC006 NCIH596 6H-BRD-K15563106-177.6","2/61",0.00081325143053848,0.0326895182863507,0,0,56.2909604519774,400.480362554848,"GFPT1;CORO1A"
"CPC006 NCIH2073 6H-pf 750-80.0","2/62",0.000840024068118527,0.0334378512552035,0,0,55.35,391.993128775749,"GFPT1;CORO1A"
"LJP006 A375 24H-XMD11-85H-10","2/63",0.000867219228508581,0.0335433852536338,0,0,54.4398907103825,383.813138475405,"PLAC8;ELF3"
"CPC006 NCIH2073 6H-blebbistatin-40.0","2/63",0.000867219228508581,0.0335433852536338,0,0,54.4398907103825,383.813138475405,"DDAH1;CORO1A"
"CPC006 NCIH596 6H-BRD-K25737009-40.0","2/63",0.000867219228508581,0.0335433852536338,0,0,54.4398907103825,383.813138475405,"DDAH1;GFPT1"
"LJP005 SKBR3 24H-NVP-AEW541-10","2/65",0.000922875042232175,0.0347136483775405,0,0,52.7063492063492,368.312849231288,"CORO1A;PLS1"
"CPC007 VCAP 6H-t5323840-10.0","2/65",0.000922875042232175,0.0347136483775405,0,0,52.7063492063492,368.312849231288,"GFPT1;PLS1"
"LJP006 HS578T 3H-fostamatinib-3.33","2/65",0.000922875042232175,0.0347136483775405,0,0,52.7063492063492,368.312849231288,"SELL;SORL1"
"LJP008 HT29 24H-mocetinostat-3.33","2/67",0.000980214724076451,0.0355653129974642,0,0,51.0794871794872,353.865350534783,"PLAC8;SORL1"
"CPC019 A549 24H-BRD-K67870070-10.0","2/67",0.000980214724076451,0.0355653129974642,0,0,51.0794871794872,353.865350534783,"CORO1A;PLS1"
"CPC013 A549 24H-s1362-10.0","2/67",0.000980214724076451,0.0355653129974642,0,0,51.0794871794872,353.865350534783,"CORO1A;PLS1"
"LJP009 PC3 24H-chelerythrine chloride-10","2/67",0.000980214724076451,0.0355653129974642,0,0,51.0794871794872,353.865350534783,"PRKCB;SORL1"
"CPC006 WSUDLCL2 6H-cay10618-10.0","2/68",0.00100951472140723,0.0356811237738761,0,0,50.3030303030303,347.00466642919,"CORO1A;PLS1"
"CPC007 PC3 24H-BRD-K39345836-10.0","2/68",0.00100951472140723,0.0356811237738761,0,0,50.3030303030303,347.00466642919,"DDAH1;PLS1"
"CPC011 A549 24H-flubendazole-10.0","2/68",0.00100951472140723,0.0356811237738761,0,0,50.3030303030303,347.00466642919,"GFPT1;PLS1"
"CPC001 HCC515 6H-pyrrolidinedithiocarbamate ammonium-10.0","2/69",0.00103923413351442,0.0358055457765471,0,0,49.5497512437811,340.370681524533,"GFPT1;ARHGEF18"
"LJP005 MCF10A 3H-XMD16-144-10","2/69",0.00103923413351442,0.0358055457765471,0,0,49.5497512437811,340.370681524533,"PLAC8;EPB41L4B"
"LJP006 SKBR3 24H-BI-2536-0.12","2/69",0.00103923413351442,0.0358055457765471,0,0,49.5497512437811,340.370681524533,"PLAC8;SORL1"
"LJP006 MDAMB231 24H-celastrol-1.11","2/70",0.00106937244400318,0.0360776756843238,0,0,48.8186274509804,333.952769703654,"SELL;PLS1"
"CPC001 HCC515 6H-strophanthidin-10.0","2/71",0.00109992913671719,0.0360776756843238,0,0,48.1086956521739,327.740947241599,"GFPT1;ARHGEF18"
"LJP005 HT29 24H-linsitinib-3.33","2/71",0.00109992913671719,0.0360776756843238,0,0,48.1086956521739,327.740947241599,"PLAC8;SELL"
"LJP005 SKBR3 24H-radicicol-0.04","2/71",0.00109992913671719,0.0360776756843238,0,0,48.1086956521739,327.740947241599,"PRKCB;CORO1A"
"CPC017 A549 6H-cinobufagin-10.0","2/71",0.00109992913671719,0.0360776756843238,0,0,48.1086956521739,327.740947241599,"GFPT1;CORO1A"
"LJP006 HME1 24H-NVP-TAE684-0.04","2/71",0.00109992913671719,0.0360776756843238,0,0,48.1086956521739,327.740947241599,"SORL1;PLS1"
"LJP006 SKBR3 24H-mitoxantrone-0.37","2/72",0.00113090369603985,0.0362829352558421,0,0,47.4190476190476,321.725825441771,"LAT2;SORL1"
"LJP008 HCC515 24H-(+)-JQ1-10","2/73",0.00116229560690684,0.0362829352558421,0,0,46.7488262910798,315.898567388755,"PLAC8;SORL1"
"CPC006 NCIH596 6H-quinacrine dihydrochloride dihydrate-10.0","2/73",0.00116229560690684,0.0362829352558421,0,0,46.7488262910798,315.898567388755,"GFPT1;CORO1A"
"LJP009 HCC515 24H-GSK-1059615-1.11","2/73",0.00116229560690684,0.0362829352558421,0,0,46.7488262910798,315.898567388755,"PLAC8;EPB41L4B"
"CPC001 VCAP 6H-z-leu3-vs-10.0","2/74",0.00119410435431064,0.0362829352558421,0,0,46.0972222222222,310.250848415479,"DDAH1;PLS1"
"LJP006 MCF10A 24H-GSK-1059615-1.11","2/74",0.00119410435431064,0.0362829352558421,0,0,46.0972222222222,310.250848415479,"PLAC8;PLS1"
"CPC006 NCIH2073 6H-quinacrine dihydrochloride dihydrate-10.0","2/74",0.00119410435431064,0.0362829352558421,0,0,46.0972222222222,310.250848415479,"GFPT1;CORO1A"
"CPC013 VCAP 6H-np-001821-10.0","2/74",0.00119410435431064,0.0362829352558421,0,0,46.0972222222222,310.250848415479,"GFPT1;PLS1"
"CPC014 PHH 24H-ei-332-10.0","2/75",0.00122632942389695,0.0362829352558421,0,0,45.4634703196347,304.774819858399,"DDAH1;PLS1"
"CPC017 HT29 6H-digoxin-10.0","2/75",0.00122632942389695,0.0362829352558421,0,0,45.4634703196347,304.774819858399,"GFPT1;CORO1A"
"LJP006 HEPG2 24H-WYE-125132-0.12","2/75",0.00122632942389695,0.0362829352558421,0,0,45.4634703196347,304.774819858399,"EPB41L4B;SORL1"
"LJP005 MCF7 3H-CP-724714-1.11","2/76",0.00125897030203741,0.0362829352558421,0,0,44.8468468468468,299.463075848413,"PLAC8;CORO1A"
"LJP005 PC3 24H-withaferin-a-10","2/76",0.00125897030203741,0.0362829352558421,0,0,44.8468468468468,299.463075848413,"SORL1;PLS1"
"LJP005 SKBR3 24H-buparlisib-10","2/76",0.00125897030203741,0.0362829352558421,0,0,44.8468468468468,299.463075848413,"PLAC8;CORO1A"
"CPC012 PHH 24H-a8674-10.0","2/76",0.00125897030203741,0.0362829352558421,0,0,44.8468468468468,299.463075848413,"CORO1A;PLS1"
"LJP005 BT20 24H-GSK-1059615-10","2/76",0.00125897030203741,0.0362829352558421,0,0,44.8468468468468,299.463075848413,"PLAC8;SELL"
"LJP007 MCF7 24H-DCC-2036-10","2/76",0.00125897030203741,0.0362829352558421,0,0,44.8468468468468,299.463075848413,"ARHGEF18;SORL1"
"LJP005 HCC515 24H-PF-477736-10","2/77",0.00129202647496413,0.0362829352558421,0,0,44.2466666666667,294.308622858747,"EPB41L4B;SORL1"
"LJP006 HCC515 24H-WYE-125132-0.12","2/77",0.00129202647496413,0.0362829352558421,0,0,44.2466666666667,294.308622858747,"PLAC8;PRKCB"
"LJP006 HT29 24H-CHIR-99021-10","2/77",0.00129202647496413,0.0362829352558421,0,0,44.2466666666667,294.308622858747,"PLAC8;SORL1"
"LJP009 HEPG2 24H-SB-203580-3.33","2/77",0.00129202647496413,0.0362829352558421,0,0,44.2466666666667,294.308622858747,"CORO1A;SORL1"
"LJP005 MCF7 24H-withaferin-a-1.11","2/79",0.00135938265350322,0.037405831405122,0,0,43.0930735930736,284.445511538882,"SORL1;PLS1"
"LJP006 HT29 24H-PF-562271-10","2/79",0.00135938265350322,0.037405831405122,0,0,43.0930735930736,284.445511538882,"EPB41L4B;SORL1"
"CPC010 VCAP 6H-dactinomycin-10.0","2/79",0.00135938265350322,0.037405831405122,0,0,43.0930735930736,284.445511538882,"CORO1A;PLS1"
"CPC014 HCC515 6H-BRD-K69852452-10.0","2/80",0.00139368163429161,0.0377501057925351,0,0,42.5384615384615,279.724686592331,"GFPT1;ARHGEF18"
"LJP008 PC3 24H-I-BET-3.33","2/80",0.00139368163429161,0.0377501057925351,0,0,42.5384615384615,279.724686592331,"PLAC8;SORL1"
"CPC016 HT29 6H-api-2-10.0","1/2",0.00139951611718667,0.0377501057925351,0,0,1537.30769230769,10102.6154017483,"CORO1A"
"LJP006 MDAMB231 3H-JW-7-24-1-10","2/81",0.00142839386014191,0.0382772210887703,0,0,41.9978902953587,275.13677380129,"PLAC8;SORL1"
"CPC006 NCIH2073 6H-np-001236-40.0","2/82",0.00146351881966254,0.038899554482316,0,0,41.4708333333333,270.676462836557,"ARHGEF18;CORO1A"
"LJP008 MCF7 24H-I-BET151-0.37","2/83",0.00149905600200145,0.038899554482316,0,0,40.9567901234568,266.338717382956,"ELF3;PLS1"
"CPC006 A549 6H-parthenolide-20.0","2/83",0.00149905600200145,0.038899554482316,0,0,40.9567901234568,266.338717382956,"DDAH1;GFPT1"
"LJP006 MDAMB231 24H-BI-2536-1.11","2/83",0.00149905600200145,0.038899554482316,0,0,40.9567901234568,266.338717382956,"PLAC8;SELL"
"CPC006 NCIH596 6H-chemistry 2804-10.0","2/83",0.00149905600200145,0.038899554482316,0,0,40.9567901234568,266.338717382956,"DDAH1;GFPT1"
"CPC014 VCAP 24H-hts 10765-10.0","2/84",0.00153500489684187,0.0392461709038265,0,0,40.4552845528455,262.118757870956,"CORO1A;PLS1"
"CPC003 PC3 24H-strophantine octahydrate-10.0","2/84",0.00153500489684187,0.0392461709038265,0,0,40.4552845528455,262.118757870956,"GFPT1;PLS1"
"CPC015 ASC 24H-sulpiride-10.0","2/85",0.00157136499382216,0.0392461709038265,0,0,39.9658634538153,258.012045504171,"CORO1A;PLS1"
"LJP006 HME1 3H-AS-605240-10","2/85",0.00157136499382216,0.0392461709038265,0,0,39.9658634538153,258.012045504171,"PLAC8;SORL1"
"LJP006 SKBR3 24H-canertinib-10","2/85",0.00157136499382216,0.0392461709038265,0,0,39.9658634538153,258.012045504171,"CORO1A;SORL1"
"CPC006 NCIH2073 6H-gmx-1778-0.08","2/85",0.00157136499382216,0.0392461709038265,0,0,39.9658634538153,258.012045504171,"GFPT1;CORO1A"
"CPC006 RKO 6H-BRD-K57080016-80.0","2/86",0.00160813578337631,0.0392461709038265,0,0,39.4880952380952,254.014267421119,"CORO1A;PLS1"
"CPC009 HCC515 6H-BRD-K28366633-10.0","2/86",0.00160813578337631,0.0392461709038265,0,0,39.4880952380952,254.014267421119,"GFPT1;ARHGEF18"
"LJP009 HEPG2 24H-KIN001-265-0.37","2/86",0.00160813578337631,0.0392461709038265,0,0,39.4880952380952,254.014267421119,"PLAC8;PLS1"
"LJP007 HCC515 24H-OTSSP167-0.12","2/86",0.00160813578337631,0.0392461709038265,0,0,39.4880952380952,254.014267421119,"SORL1;PLS1"
"CPC002 HCC515 6H-BRD-K56515112 (medrysone)-10.0","2/89",0.00172090721733333,0.0415042328886275,0,0,38.1206896551724,242.634517690136,"EPB41L4B;CORO1A"
"LJP006 HCC515 24H-PD-0325901-0.37","2/89",0.00172090721733333,0.0415042328886275,0,0,38.1206896551724,242.634517690136,"PLAC8;PRKCB"
"CPC011 A549 24H-vinorelbine-10.0","2/90",0.00175931568893363,0.0418883095261588,0,0,37.6856060606061,239.033406205163,"CORO1A;PLS1"
"CPC014 A549 24H-gr-108-10.0","2/91",0.00179813231136682,0.0418883095261588,0,0,37.2602996254682,235.522605721322,"CORO1A;PLS1"
"CPC016 A549 24H-strophantine octahydrate-10.0","2/91",0.00179813231136682,0.0418883095261588,0,0,37.2602996254682,235.522605721322,"CORO1A;PLS1"
"LJP006 HEPG2 24H-sorafenib-10","2/91",0.00179813231136682,0.0418883095261588,0,0,37.2602996254682,235.522605721322,"DDAH1;SORL1"
"CPD003 PC3 24H-proscillaridin a-10.0","2/91",0.00179813231136682,0.0418883095261588,0,0,37.2602996254682,235.522605721322,"GFPT1;PLS1"
"LJP009 PC3 24H-GSK-1059615-1.11","2/91",0.00179813231136682,0.0418883095261588,0,0,37.2602996254682,235.522605721322,"PLAC8;CORO1A"
"CPC006 T3M10 6H-pt-630-10.0","2/92",0.00183735657748435,0.0423211346499205,0,0,36.8444444444444,232.098902244509,"CORO1A;PLS1"
"LJP009 PC3 24H-ponatinib-10","2/92",0.00183735657748435,0.0423211346499205,0,0,36.8444444444444,232.098902244509,"ARHGEF18;SORL1"
"CPC014 VCAP 24H-d3943-10.0","2/93",0.00187698798037816,0.0429924621203937,0,0,36.4377289377289,228.759229621842,"CORO1A;PLS1"
"CPC017 SKB 24H-doxepin hydrochloride-10.0","2/95",0.00195747017190151,0.043855889097247,0,0,35.6505376344086,222.32040216487,"GFPT1;CORO1A"
"CPC018 SKB 24H-strophanthidin-10.0","2/95",0.00195747017190151,0.043855889097247,0,0,35.6505376344086,222.32040216487,"CORO1A;PLS1"
"LJP005 A375 24H-NVP-BEZ235-10","2/95",0.00195747017190151,0.043855889097247,0,0,35.6505376344086,222.32040216487,"PLAC8;PRKCB"
"LJP005 BT20 24H-torin-2-1.11","2/95",0.00195747017190151,0.043855889097247,0,0,35.6505376344086,222.32040216487,"PLAC8;SELL"
"LJP005 HCC515 24H-torin-2-3.33","2/97",0.00203957484163008,0.0448738226662327,0,0,34.8964912280702,216.184248352157,"PLAC8;SELL"
"LJP006 MDAMB231 24H-torin-1-10","2/97",0.00203957484163008,0.0448738226662327,0,0,34.8964912280702,216.184248352157,"PLAC8;PLS1"
"CPC017 SKB 24H-clobetasol propionate-10.0","2/98",0.00208123434333103,0.0448738226662327,0,0,34.53125,213.223359697542,"GFPT1;ARHGEF18"
"LJP009 HEPG2 24H-JNK-IN-5A-3.33","2/98",0.00208123434333103,0.0448738226662327,0,0,34.53125,213.223359697542,"PLAC8;SORL1"
"CPC017 HT29 6H-mibefradil dihydrochloride-10.0","1/3",0.00209859705054957,0.0448738226662327,0,0,768.615384615385,4739.65618438129,"CORO1A"
"CPC006 HT29 6H-BRD-A18763547-10.0","1/3",0.00209859705054957,0.0448738226662327,0,0,768.615384615385,4739.65618438129,"GFPT1"
"CPC006 SKM1 6H-ingenol 3, 20-dibenzoate-10.0","2/99",0.00212329795054857,0.0448738226662327,0,0,34.1735395189003,210.330780294427,"GFPT1;PLS1"
"LJP006 HME1 24H-dasatinib-0.37","2/99",0.00212329795054857,0.0448738226662327,0,0,34.1735395189003,210.330780294427,"PLAC8;DDAH1"
"LJP006 HME1 24H-withaferin-a-0.37","2/99",0.00212329795054857,0.0448738226662327,0,0,34.1735395189003,210.330780294427,"SORL1;PLS1"
"CPC012 NEU 24H-BRD-K69406317-10.0","2/99",0.00212329795054857,0.0448738226662327,0,0,34.1735395189003,210.330780294427,"GFPT1;PLS1"
"CPC006 NCIH2073 6H-BRD-K02113016-44.4","2/99",0.00212329795054857,0.0448738226662327,0,0,34.1735395189003,210.330780294427,"ARHGEF18;CORO1A"
"LJP006 BT20 24H-XMD-1150-10","2/100",0.00216576516004231,0.0453042712049668,0,0,33.8231292517007,207.504274169846,"PLAC8;SORL1"
"LJP006 MCF7 24H-celastrol-1.11","2/100",0.00216576516004231,0.0453042712049668,0,0,33.8231292517007,207.504274169846,"DDAH1;SORL1"
"CPC008 PC3 24H-ncgc00182357-01-10.0","2/102",0.00225190837181203,0.0465935238224162,0,0,33.1433333333333,202.041006221333,"GFPT1;PLS1"
"LJP006 PC3 24H-celastrol-3.33","2/102",0.00225190837181203,0.0465935238224162,0,0,33.1433333333333,202.041006221333,"SORL1;PLS1"
"CPC014 SKB 24H-s1205-10.0","2/103",0.00229558336881173,0.0465935238224162,0,0,32.8135313531353,199.400226368881,"CORO1A;PLS1"
"CPC014 VCAP 24H-BRD-K91701654-10.0","2/103",0.00229558336881173,0.0465935238224162,0,0,32.8135313531353,199.400226368881,"CORO1A;PLS1"
"LJP006 LNCAP 24H-BI-2536-1.11","2/103",0.00229558336881173,0.0465935238224162,0,0,32.8135313531353,199.400226368881,"PLAC8;DDAH1"
"CPC006 NCIH596 6H-emetine dihydrochloride hydrate (74)-0.63","2/103",0.00229558336881173,0.0465935238224162,0,0,32.8135313531353,199.400226368881,"GFPT1;CORO1A"
"CPC006 PL21 6H-cot-10b-44.4","2/104",0.00233965995691001,0.0470225775653483,0,0,32.4901960784314,196.817474823566,"CORO1A;PLS1"
"LJP006 HT29 24H-withaferin-a-10","2/104",0.00233965995691001,0.0470225775653483,0,0,32.4901960784314,196.817474823566,"DDAH1;SORL1"
"CPC006 HCC515 6H-emetine dihydrochloride hydrate (74)-0.63","2/105",0.00238413763492131,0.0474236437853738,0,0,32.173139158576,194.290942704021,"GFPT1;ARHGEF18"
"LJP006 MDAMB231 24H-WYE-125132-10","2/105",0.00238413763492131,0.0474236437853738,0,0,32.173139158576,194.290942704021,"PLAC8;PLS1"
"CPC014 SKB 24H-BRD-K19220233-10.0","2/106",0.00242901590120207,0.0474236437853738,0,0,31.8621794871795,191.81889407044,"CORO1A;PLS1"
"LJP005 SKBR3 24H-radicicol-0.37","2/106",0.00242901590120207,0.0474236437853738,0,0,31.8621794871795,191.81889407044,"PLAC8;CORO1A"
"CPC011 A549 24H-doxorubicin hydrochloride-10.0","2/106",0.00242901590120207,0.0474236437853738,0,0,31.8621794871795,191.81889407044,"CORO1A;PLS1"
"LJP008 A375 24H-GSK-1059615-10","2/106",0.00242901590120207,0.0474236437853738,0,0,31.8621794871795,191.81889407044,"PLAC8;SORL1"
"CPC001 PC3 24H-digoxin-10.0","2/107",0.00247429425499804,0.0476123779048007,0,0,31.5571428571429,189.399662307461,"GFPT1;PLS1"
"LJP005 SKBR3 24H-TG-101348-10","2/107",0.00247429425499804,0.0476123779048007,0,0,31.5571428571429,189.399662307461,"PLAC8;ELF3"
"LJP005 HCC515 24H-CGP-60474-0.37","2/108",0.00251997219642482,0.0476123779048007,0,0,31.2578616352201,187.031646736488,"PLAC8;SORL1"
"LJP005 HT29 24H-withaferin-a-3.33","2/108",0.00251997219642482,0.0476123779048007,0,0,31.2578616352201,187.031646736488,"DDAH1;SORL1"
"CPC015 A549 24H-proscillaridin a-10.0","2/108",0.00251997219642482,0.0476123779048007,0,0,31.2578616352201,187.031646736488,"CORO1A;PLS1"
"LJP006 HCC515 24H-OSI-027-10","2/108",0.00251997219642482,0.0476123779048007,0,0,31.2578616352201,187.031646736488,"PLAC8;PRKCB"
"CPC006 HCT116 6H-cot-10b-44.4","2/108",0.00251997219642482,0.0476123779048007,0,0,31.2578616352201,187.031646736488,"GFPT1;CORO1A"
"LJP006 HEPG2 24H-CGP-60474-10","2/109",0.00256604922499144,0.0480401909701594,0,0,30.9641744548287,184.71330944093,"PLAC8;SORL1"
"CPC012 NEU 24H-BRD-A15010982-10.0","2/109",0.00256604922499144,0.0480401909701594,0,0,30.9641744548287,184.71330944093,"GFPT1;PLS1"
"LJP006 BT20 24H-radicicol-3.33","2/110",0.00261252484135192,0.0484676554277958,0,0,30.6759259259259,182.44317223306,"SORL1;PLS1"
"CPC005 A549 24H-cmpd-1-10.0","2/110",0.00261252484135192,0.0484676554277958,0,0,30.6759259259259,182.44317223306,"GFPT1;PLS1"
"LJP005 HCC515 24H-mitoxantrone-10","2/111",0.00265939854663682,0.048894771485251,0,0,30.3929663608563,180.219813822513,"PLAC8;SORL1"
"LJP005 SKBR3 24H-GDC-0980-1.11","2/111",0.00265939854663682,0.048894771485251,0,0,30.3929663608563,180.219813822513,"PLAC8;CORO1A"
"LJP005 SKBR3 24H-torin-2-0.12","2/112",0.00270666984164533,0.0493126745069369,0,0,30.1151515151515,178.041867144389,"PLAC8;CORO1A"
"LJP008 PC3 24H-I-BET151-0.12","2/113",0.00275433822875824,0.0493126745069369,0,0,29.8423423423423,175.908016805565,"PLAC8;SORL1"
"LJP005 SKBR3 24H-GDC-0980-3.33","2/113",0.00275433822875824,0.0493126745069369,0,0,29.8423423423423,175.908016805565,"PLAC8;CORO1A"
"CPC018 SKB 24H-ouabain-10.0","2/113",0.00275433822875824,0.0493126745069369,0,0,29.8423423423423,175.908016805565,"CORO1A;PLS1"
"CPC015 PHH 24H-deguelin(-)-10.0","2/114",0.00280240320978446,0.0493126745069369,0,0,29.5744047619048,173.816996716825,"LAT2;PLS1"
"CPC017 A549 24H-sb 225002-10.0","2/114",0.00280240320978446,0.0493126745069369,0,0,29.5744047619048,173.816996716825,"CORO1A;PLS1"
"LJP006 MDAMB231 24H-JW-7-24-1-10","2/114",0.00280240320978446,0.0493126745069369,0,0,29.5744047619048,173.816996716825,"PLAC8;PRKCB"
"LJP007 A375 24H-GSK-1059615-3.33","2/114",0.00280240320978446,0.0493126745069369,0,0,29.5744047619048,173.816996716825,"PRKCB;SORL1"
"LJP009 HCC515 24H-XMD-892-10","2/114",0.00280240320978446,0.0493126745069369,0,0,29.5744047619048,173.816996716825,"PLAC8;EPB41L4B"
"LJP007 MCF7 24H-PHA-767491-3.33","2/114",0.00280240320978446,0.0493126745069369,0,0,29.5744047619048,173.816996716825,"SORL1;PLS1"
"LJP006 A549 24H-BI-2536-1.11","2/115",0.00285086428727684,0.0495277270247247,0,0,29.311209439528,171.767587816357,"PLAC8;ELF3"
"CPC009 A549 24H-BRD-A85712510-10.0","2/115",0.00285086428727684,0.0495277270247247,0,0,29.311209439528,171.767587816357,"ARHGEF18;CORO1A"
"CPC018 SKB 24H-bufalin-10.0","2/115",0.00285086428727684,0.0495277270247247,0,0,29.311209439528,171.767587816357,"CORO1A;PLS1"
"LJP006 BT20 24H-BMS-345541-10","2/116",0.00289972096446305,0.0495739453130053,0,0,29.0526315789474,169.758615931837,"PLAC8;EPB41L4B"
"CPC006 SKM1 6H-BRD-K31342827-12.12","2/117",0.0029489727442682,0.0495739453130053,0,0,28.7985507246377,167.788949766096,"CORO1A;PLS1"
"CPC015 A549 24H-ouabain-10.0","2/117",0.0029489727442682,0.0495739453130053,0,0,28.7985507246377,167.788949766096,"CORO1A;PLS1"
"LJP005 SKBR3 24H-XMD16-144-10","2/117",0.0029489727442682,0.0495739453130053,0,0,28.7985507246377,167.788949766096,"PLAC8;SORL1"
"CPC016 NEU 24H-strophantine octahydrate-10.0","2/117",0.0029489727442682,0.0495739453130053,0,0,28.7985507246377,167.788949766096,"GFPT1;PLS1"
"LJP006 A549 24H-OSI-027-10","2/117",0.0029489727442682,0.0495739453130053,0,0,28.7985507246377,167.788949766096,"PLAC8;PRKCB"
"CPC017 SKB 24H-BRD-A95445494-10.0","2/117",0.0029489727442682,0.0495739453130053,0,0,28.7985507246377,167.788949766096,"GFPT1;CORO1A"
"CPC006 SNGM 6H-phorbol-12-myristate-13-acetate (pma)-10.0","2/118",0.00299861913112812,0.0495739453130053,0,0,28.5488505747126,165.857498962511,"GFPT1;CORO1A"
"LJP006 HCC515 24H-BI-2536-3.33","2/118",0.00299861913112812,0.0495739453130053,0,0,28.5488505747126,165.857498962511,"PLAC8;ELF3"
"LJP006 MCF10A 24H-PHA-793887-3.33","2/118",0.00299861913112812,0.0495739453130053,0,0,28.5488505747126,165.857498962511,"DDAH1;SORL1"
"CPD002 PC3 24H-isocarboxazid-10.0","2/118",0.00299861913112812,0.0495739453130053,0,0,28.5488505747126,165.857498962511,"ARHGEF18;CORO1A"
"LJP007 A375 24H-NVP-BGT226-1.11","2/118",0.00299861913112812,0.0495739453130053,0,0,28.5488505747126,165.857498962511,"PLAC8;SORL1"
"LJP008 PC3 24H-GSK-1059615-10","2/119",0.0030486596286903,0.0497988226200407,0,0,28.3034188034188,163.963212312413,"CORO1A;SORL1"
"CPC006 VCAP 24H-mln4924-11.1","2/119",0.0030486596286903,0.0497988226200407,0,0,28.3034188034188,163.963212312413,"CORO1A;PLS1"
"CPC018 ASC 24H-ouabain-10.0","2/119",0.0030486596286903,0.0497988226200407,0,0,28.3034188034188,163.963212312413,"CORO1A;PLS1"
"CPC017 SKB 24H-digoxin-10.0","2/120",0.00309909374220353,0.0504217632660098,0,0,28.0621468926554,162.105076011755,"GFPT1;CORO1A"
"CPC004 HCC515 6H-cycloheximide-10.0","2/121",0.00314992097604223,0.051046150204637,0,0,27.8249299719888,160.282112053381,"GFPT1;ARHGEF18"
"CPC008 A375 24H-ncgc00181061-03-10.0","2/122",0.0032011408361539,0.0512934099905258,0,0,27.5916666666667,158.493376657498,"ARHGEF18;CORO1A"
"LJP006 BT20 24H-radicicol-10","2/122",0.0032011408361539,0.0512934099905258,0,0,27.5916666666667,158.493376657498,"PLAC8;PLS1"
"CPC014 VCAP 24H-BRD-K07061353-10.0","2/123",0.00325275282866749,0.0512934099905258,0,0,27.362258953168,156.737958816617,"CORO1A;PLS1"
"CPC008 A375 24H-mls-0437633.0003-10.0","2/123",0.00325275282866749,0.0512934099905258,0,0,27.362258953168,156.737958816617,"ARHGEF18;CORO1A"
"LJP006 HCC515 24H-QL-XII-47-10","2/123",0.00325275282866749,0.0512934099905258,0,0,27.362258953168,156.737958816617,"PLAC8;SORL1"
"LJP006 HCC515 24H-JW-7-24-1-10","2/123",0.00325275282866749,0.0512934099905258,0,0,27.362258953168,156.737958816617,"PLAC8;PRKCB"
"LJP006 HS578T 24H-WYE-125132-10","2/123",0.00325275282866749,0.0512934099905258,0,0,27.362258953168,156.737958816617,"PLAC8;PLS1"
"CPC006 U937 6H-bml-259-80.0","2/124",0.00330475645952536,0.0515190170496348,0,0,27.1366120218579,155.014978904628,"GFPT1;PLS1"
"CPC017 SKB 24H-piplartine-10.0","2/124",0.00330475645952536,0.0515190170496348,0,0,27.1366120218579,155.014978904628,"DDAH1;CORO1A"
"LJP006 MCF7 24H-withaferin-a-3.33","2/124",0.00330475645952536,0.0515190170496348,0,0,27.1366120218579,155.014978904628,"SORL1;PLS1"
"LJP008 MCF7 24H-NPK76-II-72-1-10","2/125",0.00335715123549005,0.0517455641560496,0,0,26.9146341463415,153.323587344465,"SELL;ELF3"
"CPC018 ASC 24H-cymarin-10.0","2/125",0.00335715123549005,0.0517455641560496,0,0,26.9146341463415,153.323587344465,"CORO1A;PLS1"
"CPC013 VCAP 24H-BRD-U82589721-10.0","2/125",0.00335715123549005,0.0517455641560496,0,0,26.9146341463415,153.323587344465,"CORO1A;PLS1"
"CPC007 VCAP 6H-k784-3187-10.0","2/126",0.0034099366636932,0.0519730123462532,0,0,26.6962365591398,151.662963354341,"GFPT1;PLS1"
"CPC008 A375 24H-mls-0454415.0001-10.0","2/126",0.0034099366636932,0.0519730123462532,0,0,26.6962365591398,151.662963354341,"ARHGEF18;CORO1A"
"LJP006 MCF7 24H-BI-2536-10","2/126",0.0034099366636932,0.0519730123462532,0,0,26.6962365591398,151.662963354341,"PLAC8;SORL1"
"LJP005 SKBR3 24H-GDC-0980-10","2/127",0.00346311225219095,0.0523034140941384,0,0,26.4813333333333,150.032313747923,"PRKCB;CORO1A"
"CPC007 VCAP 6H-BRD-A58924247-10.0","2/127",0.00346311225219095,0.0523034140941384,0,0,26.4813333333333,150.032313747923,"GFPT1;PLS1"
"CPC014 VCAP 6H-wortmannin-10.0","1/5",0.00349539889312047,0.0523034140941384,0,0,384.269230769231,2173.54503857692,"CORO1A"
"CPC009 PC3 6H-BRD-K67484673-10.0","1/5",0.00349539889312047,0.0523034140941384,0,0,384.269230769231,2173.54503857692,"ARHGEF18"
"CPC019 HA1E 6H-BRD-K58479490-10.0","1/5",0.00349539889312047,0.0523034140941384,0,0,384.269230769231,2173.54503857692,"CORO1A"
"CPC001 PC3 24H-sarmentogenin-10.0","2/129",0.00357063194062634,0.0528505088684766,0,0,26.0616797900262,146.857896200728,"GFPT1;PLS1"
"LJP006 A375 24H-GSK-2126458-10","2/129",0.00357063194062634,0.0528505088684766,0,0,26.0616797900262,146.857896200728,"PLAC8;SORL1"
"CPC017 SKB 24H-digitoxin-10.0","2/129",0.00357063194062634,0.0528505088684766,0,0,26.0616797900262,146.857896200728,"GFPT1;CORO1A"
"CPC006 PL21 6H-cyt997-1.0","2/130",0.00362497505818109,0.0532702427904748,0,0,25.8567708333333,145.312669930089,"LAT2;PLS1"
"LJP009 MCF7 24H-PF-3758309-0.12","2/130",0.00362497505818109,0.0532702427904748,0,0,25.8567708333333,145.312669930089,"PRKCB;SORL1"
"LJP006 A549 24H-radicicol-10","2/131",0.00367970636984923,0.0536896658945973,0,0,25.6550387596899,143.794499384831,"SELL;SORL1"
"LJP006 LNCAP 24H-BI-2536-10","2/131",0.00367970636984923,0.0536896658945973,0,0,25.6550387596899,143.794499384831,"PLAC8;DDAH1"
"LJP006 MCF10A 24H-AZD-8055-3.33","2/132",0.00373482538577275,0.0543006527718733,0,0,25.4564102564103,142.302713383561,"PLAC8;PLS1"
"CPC015 A549 24H-mitomycin c-10.0","2/133",0.00379033161588672,0.0547195761448435,0,0,25.2608142493639,140.836662298109,"CORO1A;PLS1"
"LJP006 HME1 24H-KIN001-043-3.33","2/133",0.00379033161588672,0.0547195761448435,0,0,25.2608142493639,140.836662298109,"SORL1;PLS1"
"CPC015 ASC 24H-proscillaridin a-10.0","2/134",0.00384622456996177,0.055331651708222,0,0,25.0681818181818,139.395717205067,"CORO1A;PLS1"
"CPC014 SKB 24H-BRD-A60245366-10.0","2/137",0.0040162188900473,0.0573745555721042,0,0,24.5074074074074,135.217522379061,"CORO1A;PLS1"
"LJP005 SKBR3 24H-withaferin-a-1.11","2/137",0.0040162188900473,0.0573745555721042,0,0,24.5074074074074,135.217522379061,"CORO1A;SORL1"
"CPC006 VCAP 6H-parthenolide-20.0","2/139",0.0041314731025434,0.0584754801858781,0,0,24.147201946472,132.546919385087,"GFPT1;ARHGEF18"
"LJP006 HT29 24H-AZD-5438-1.11","2/139",0.0041314731025434,0.0584754801858781,0,0,24.147201946472,132.546919385087,"PLAC8;SORL1"
"CPC005 HT29 24H-digitoxigenin-10.0","2/140",0.0041896761463583,0.0584754801858781,0,0,23.9710144927536,131.244464688147,"GFPT1;CORO1A"
"LJP006 HCC515 24H-AZD-5438-1.11","2/140",0.0041896761463583,0.0584754801858781,0,0,23.9710144927536,131.244464688147,"PLAC8;PRKCB"
"LJP008 A549 24H-garcinol-10","1/6",0.00419311979869468,0.0584754801858781,0,0,307.4,1682.80296780194,"SORL1"
"CPC001 VCAP 24H-selinidin-10.0","1/6",0.00419311979869468,0.0584754801858781,0,0,307.4,1682.80296780194,"CORO1A"
"CPC013 PC3 6H-BRD-K58347372-10.0","1/6",0.00419311979869468,0.0584754801858781,0,0,307.4,1682.80296780194,"GFPT1"
"LJP008 MCF7 24H-I-BET-10","2/141",0.00424826249939448,0.0586460479714389,0,0,23.7973621103118,129.963229676345,"DDAH1;SORL1"
"LJP006 HCC515 24H-BI-2536-10","2/141",0.00424826249939448,0.0586460479714389,0,0,23.7973621103118,129.963229676345,"PLAC8;ELF3"
"LJP006 SKBR3 24H-KIN001-043-10","2/141",0.00424826249939448,0.0586460479714389,0,0,23.7973621103118,129.963229676345,"CORO1A;SORL1"
"CPC016 NEU 24H-brefeldin a-10.0","2/142",0.00430723167559448,0.0590623741469477,0,0,23.6261904761905,128.702724827896,"GFPT1;PLS1"
"LJP006 SKBR3 24H-BI-2536-1.11","2/142",0.00430723167559448,0.0590623741469477,0,0,23.6261904761905,128.702724827896,"PLAC8;SORL1"
"CPC017 A549 6H-homoharringtonine-10.0","2/143",0.00436658318834649,0.0594783756552179,0,0,23.4574468085106,127.462475242878,"GFPT1;CORO1A"
"LJP006 HME1 24H-AZD-8055-0.12","2/143",0.00436658318834649,0.0594783756552179,0,0,23.4574468085106,127.462475242878,"PLAC8;PLS1"
"CPC014 SKB 24H-ei-293-10.0","2/144",0.0044263165528163,0.0595013044804814,0,0,23.2910798122066,126.242020095498,"CORO1A;PLS1"
"LJP005 SKBR3 24H-pelitinib-10","2/144",0.0044263165528163,0.0595013044804814,0,0,23.2910798122066,126.242020095498,"CORO1A;SORL1"
"CPC017 SKB 24H-mg-132-10.0","2/144",0.0044263165528163,0.0595013044804814,0,0,23.2910798122066,126.242020095498,"DDAH1;CORO1A"
"LJP006 SKBR3 24H-QL-X-138-3.33","2/144",0.0044263165528163,0.0595013044804814,0,0,23.2910798122066,126.242020095498,"PLAC8;CORO1A"
"LJP005 MCF7 24H-torin-2-10","2/145",0.00448643128451259,0.0599165090114059,0,0,23.1270396270396,125.040912130463,"LAT2;SORL1"
"CPC018 ASC 24H-strophanthidin-10.0","2/145",0.00448643128451259,0.0599165090114059,0,0,23.1270396270396,125.040912130463,"CORO1A;PLS1"
"CPC006 HCC515 24H-importazole-60.0","2/146",0.00454692689841307,0.0605272736477064,0,0,22.9652777777778,123.858717177555,"DDAH1;GFPT1"
"CPC008 A375 24H-ncgc00242557-01-10.0","2/147",0.00460780290975972,0.0611391324595949,0,0,22.8057471264368,122.695013678312,"ARHGEF18;CORO1A"
"CPC014 VCAP 24H-hy-11001-10.0","2/148",0.00466905883506323,0.0615535087580684,0,0,22.648401826484,121.549392232076,"CORO1A;PLS1"
"CPC017 A549 24H-BRD-K23478508 (digoxin)-10.0","2/148",0.00466905883506323,0.0615535087580684,0,0,22.648401826484,121.549392232076,"GFPT1;PLS1"
"LJP005 MCF7 24H-XMD16-144-10","2/149",0.00473069419166175,0.0615741148755974,0,0,22.4931972789116,120.421455168402,"PLAC8;SORL1"
"CPC004 HCC515 24H-sb 218078-10.0","2/149",0.00473069419166175,0.0615741148755974,0,0,22.4931972789116,120.421455168402,"DDAH1;ARHGEF18"
"CPC004 VCAP 24H-dorsomorphin dihydrochloride-10.0","2/149",0.00473069419166175,0.0615741148755974,0,0,22.4931972789116,120.421455168402,"CORO1A;PLS1"
"LJP005 BT20 24H-radicicol-10","2/149",0.00473069419166175,0.0615741148755974,0,0,22.4931972789116,120.421455168402,"EPB41L4B;SORL1"
"LJP006 LNCAP 24H-celastrol-1.11","2/150",0.00479270849545579,0.0621838760486352,0,0,22.3400900900901,119.310816145676,"PLAC8;DDAH1"
"LJP006 HS578T 24H-torin-1-0.37","2/151",0.00485510126500317,0.0627946851309558,0,0,22.1890380313199,118.217099736525,"PLAC8;PLS1"
"CPC004 VCAP 24H-dioxybenzone-10.0","1/7",0.0048903875335644,0.0628545106194797,0,0,256.153846153846,1362.86237043318,"PLS1"
"CPC012 ASC 24H-BRD-K94991378-10.0","1/7",0.0048903875335644,0.0628545106194797,0,0,256.153846153846,1362.86237043318,"CORO1A"
"CPC016 NEU 24H-BRD-K80348542-10.0","2/153",0.0049810202706738,0.0636205081301014,0,0,21.89293598234,116.078985449974,"GFPT1;PLS1"
"CPC018 ASC 24H-bufalin-10.0","2/153",0.0049810202706738,0.0636205081301014,0,0,21.89293598234,116.078985449974,"CORO1A;PLS1"
"LJP006 MCF7 24H-celastrol-3.33","2/154",0.00504454554390405,0.064231791086977,0,0,21.7478070175439,115.033888020571,"SORL1;PLS1"
"CPC017 A549 24H-cinobufagin-10.0","2/157",0.00523737867684902,0.0662754709107438,0,0,21.3236559139785,111.990436875034,"GFPT1;PLS1"
"LJP006 HME1 24H-QL-XII-47-0.37","2/157",0.00523737867684902,0.0662754709107438,0,0,21.3236559139785,111.990436875034,"PLAC8;PRKCB"
"CPC008 A375 24H-ncgc00187898-02-10.0","2/158",0.00530240722468209,0.0666867166294373,0,0,21.1858974358974,111.005508890442,"ARHGEF18;CORO1A"
"LJP006 MCF10A 24H-WYE-125132-1.11","2/158",0.00530240722468209,0.0666867166294373,0,0,21.1858974358974,111.005508890442,"PRKCB;PLS1"
"CPC006 NCIH1694 6H-narciclasine-10.0","2/159",0.00536781039231302,0.0673028214326709,0,0,21.0498938428875,110.034851078781,"GFPT1;PLS1"
"LJP006 A375 24H-GSK-2126458-3.33","2/160",0.00543358769934511,0.0679198462418139,0,0,20.915611814346,109.078171024369,"PLAC8;PRKCB"
"LJP006 BT20 24H-BI-2536-10","2/162",0.00556626282241027,0.0687913794701782,0,0,20.6520833333333,107.205613011903,"PLAC8;ELF3"
"LJP007 HCC515 24H-XMD-885-10","2/162",0.00556626282241027,0.0687913794701782,0,0,20.6520833333333,107.205613011903,"PLAC8;ELF3"
"CPC014 SKB 24H-stock2s-79598-10.0","1/8",0.0055872022837974,0.0687913794701782,0,0,219.549450549451,1138.86372803752,"GFPT1"
"CPC005 VCAP 24H-ro 90-7501-10.0","1/8",0.0055872022837974,0.0687913794701782,0,0,219.549450549451,1138.86372803752,"CORO1A"
"CPC011 VCAP 6H-oligomycin c-10.0","1/8",0.0055872022837974,0.0687913794701782,0,0,219.549450549451,1138.86372803752,"PLS1"
"CPC008 A375 24H-2-chloro-7-methoxyphenothiazine-10.0","2/163",0.00563315968198496,0.0689431483466816,0,0,20.5227743271222,106.289187994318,"ARHGEF18;CORO1A"
"LJP006 HT29 24H-BI-2536-10","2/163",0.00563315968198496,0.0689431483466816,0,0,20.5227743271222,106.289187994318,"PLAC8;SORL1"
"LJP006 HME1 24H-WYE-125132-10","2/166",0.00583608172662611,0.071214092497521,0,0,20.1443089430894,103.616194172891,"PLAC8;PLS1"
"LJP008 A549 24H-azacitidine-10","2/167",0.00590446464257312,0.0716222042442302,0,0,20.0212121212121,102.749791495478,"ELF3;PRKCB"
"CPC016 ASC 24H-strophantine octahydrate-10.0","2/167",0.00590446464257312,0.0716222042442302,0,0,20.0212121212121,102.749791495478,"CORO1A;PLS1"
"CPC014 A549 24H-ei-156-10.0","2/168",0.00597321788178741,0.0718187487253032,0,0,19.8995983935743,101.89528640006,"CORO1A;PLS1"
"LJP005 HCC515 24H-NU-7441-10","2/168",0.00597321788178741,0.0718187487253032,0,0,19.8995983935743,101.89528640006,"PLAC8;DDAH1"
"CPC006 HCC515 24H-mln2238-10.0","2/168",0.00597321788178741,0.0718187487253032,0,0,19.8995983935743,101.89528640006,"DDAH1;CORO1A"
"LJP005 HCC515 24H-LDN-193189-10","2/169",0.00604234096906725,0.072437420974198,0,0,19.7794411177645,101.05244795201,"SORL1;PLS1"
"CPC015 ASC 24H-ouabain-10.0","2/170",0.00611183342975262,0.0730569010553521,0,0,19.6607142857143,100.221051017906,"CORO1A;PLS1"
"LJP006 SKBR3 24H-celastrol-1.11","2/171",0.00618169479069498,0.073677176284446,0,0,19.543392504931,99.4008760837693,"PLAC8;SORL1"
"CPC005 VCAP 24H-helveticoside-10.0","1/9",0.00628356425809312,0.0742438428189677,0,0,192.096153846154,973.89251976686,"CORO1A"
"CPC012 VCAP 24H-BRD-A67438293-10.0","1/9",0.00628356425809312,0.0742438428189677,0,0,192.096153846154,973.89251976686,"ARHGEF18"
"CPC012 VCAP 24H-BRD-K90430314-10.0","1/9",0.00628356425809312,0.0742438428189677,0,0,192.096153846154,973.89251976686,"ARHGEF18"
"CPC006 MCF7 24H-chr 2797-80.0","2/173",0.00632252231266935,0.0744894870170814,0,0,19.312865497076,97.793341279164,"EPB41L4B;GFPT1"
"LJP006 PC3 24H-A443654-1.11","2/175",0.00646481974855581,0.075947739166415,0,0,19.0876685934489,96.228193523723,"ELF3;SORL1"
"LJP005 SKBR3 24H-torin-2-3.33","2/177",0.0066085833162116,0.0774148331327645,0,0,18.867619047619,94.703862380476,"PLAC8;CORO1A"
"LJP006 SKBR3 24H-BI-2536-10","2/179",0.00675380924072156,0.0788906492505937,0,0,18.6525423728814,93.2188523007871,"PLAC8;SORL1"
"LJP006 LNCAP 24H-XMD-1150-10","2/182",0.00697438180559324,0.0799325198013259,0,0,18.3388888888889,91.0619652379328,"PLAC8;DDAH1"
"CPC001 VCAP 6H-arachidonamide-10.0","1/10",0.00697947368021334,0.0799325198013259,0,0,170.74358974359,847.704661538015,"CORO1A"
"CPC004 PC3 6H-diloxanide furoate-10.0","1/10",0.00697947368021334,0.0799325198013259,0,0,170.74358974359,847.704661538015,"CORO1A"
"CPC007 VCAP 6H-ncgc00011940-02-10.0","1/10",0.00697947368021334,0.0799325198013259,0,0,170.74358974359,847.704661538015,"PLS1"
"CPC018 HT29 6H-ch 55-10.0","1/10",0.00697947368021334,0.0799325198013259,0,0,170.74358974359,847.704661538015,"GFPT1"
"CPC013 ASC 24H-BRD-A10523515-10.0","1/10",0.00697947368021334,0.0799325198013259,0,0,170.74358974359,847.704661538015,"CORO1A"
"CPC006 MCF7 6H-BRD-A31107743-0.09","1/10",0.00697947368021334,0.0799325198013259,0,0,170.74358974359,847.704661538015,"GFPT1"
"CPC016 NEU 24H-anisomycin-10.0","2/184",0.00712324715039582,0.0813518476786152,0,0,18.1355311355311,89.6691677549824,"GFPT1;PLS1"
"CPC014 PHH 24H-BRD-A60245366-10.0","2/189",0.00750174255099869,0.085436512386374,0,0,17.6461675579323,86.3359913519305,"LAT2;PLS1"
"LJP009 A549 24H-BI-2536-0.04","1/11",0.00767493078754114,0.0864483962332931,0,0,153.661538461538,748.300345885436,"SELL"
"CPC006 VCAP 6H-nicardipine hydrochloride-10.0","1/11",0.00767493078754114,0.0864483962332931,0,0,153.661538461538,748.300345885436,"CORO1A"
"CPC007 VCAP 6H-ncgc00183247-01-10.0","1/11",0.00767493078754114,0.0864483962332931,0,0,153.661538461538,748.300345885436,"PLS1"
"CPC020 PC3 24H-rythmol-10.0","1/11",0.00767493078754114,0.0864483962332931,0,0,153.661538461538,748.300345885436,"ARHGEF18"
"CPC012 NPC 24H-s1030-10.0","2/192",0.00773316305808705,0.0866283293392265,0,0,17.3649122807018,84.4323243339294,"GFPT1;CORO1A"
"CPC013 NPC 24H-s1085-10.0","2/192",0.00773316305808705,0.0866283293392265,0,0,17.3649122807018,84.4323243339294,"DDAH1;GFPT1"
"CPC014 PHH 24H-hy-10518-10.0","2/193",0.00781102097273379,0.0872620871613312,0,0,17.2731239092496,83.8129903396069,"CORO1A;PLS1"
"CPC017 ASC 24H-cinobufagin-10.0","2/195",0.00796781062905635,0.0887718032041605,0,0,17.0924006908463,82.5963859970277,"CORO1A;PLS1"
"CPC017 ASC 24H-digoxin-10.0","2/199",0.0082856722427309,0.0915112983089683,0,0,16.7419627749577,80.2480362372266,"CORO1A;PLS1"
"CPC020 VCAP 24H-BRD-K06666320-10.0","2/199",0.0082856722427309,0.0915112983089683,0,0,16.7419627749577,80.2480362372266,"CORO1A;PLS1"
"CPC001 VCAP 6H-BRD-K85318537 (obaa)-10.0","1/12",0.00836993582094223,0.0915112983089683,0,0,139.685314685315,668.130094535827,"CORO1A"
"CPC007 VCAP 6H-BRD-K70229243-10.0","1/12",0.00836993582094223,0.0915112983089683,0,0,139.685314685315,668.130094535827,"PLS1"
"CPC004 VCAP 24H-fluvastatin-10.0","1/12",0.00836993582094223,0.0915112983089683,0,0,139.685314685315,668.130094535827,"PLS1"
"CPC010 VCAP 24H-BRD-K93229693-10.0","1/12",0.00836993582094223,0.0915112983089683,0,0,139.685314685315,668.130094535827,"CORO1A"
"CPC010 VCAP 6H-BRD-K78385490-10.0","1/12",0.00836993582094223,0.0915112983089683,0,0,139.685314685315,668.130094535827,"PLS1"
"CPC006 HCC515 24H-salermide-120.0","2/203",0.00860921888450673,0.0929117932771257,0,0,16.4054726368159,78.0067376189043,"DDAH1;CORO1A"
"CPC017 ASC 24H-BRD-K23478508 (digoxin)-10.0","2/204",0.00869099036289328,0.0929117932771257,0,0,16.3234323432343,77.4623320442203,"CORO1A;PLS1"
"LJP006 A549 24H-BI-2536-10","2/208",0.00902160172768615,0.0929117932771257,0,0,16.0032362459547,75.3453708462743,"PLAC8;ELF3"
"LJP008 A549 24H-VE821-3.33","1/13",0.00906448902789392,0.0929117932771257,0,0,128.038461538462,602.214922551049,"SORL1"
"CPC003 PC3 24H-c-1-10.0","1/13",0.00906448902789392,0.0929117932771257,0,0,128.038461538462,602.214922551049,"ARHGEF18"
"CPC007 VCAP 6H-BRD-A55554369-10.0","1/13",0.00906448902789392,0.0929117932771257,0,0,128.038461538462,602.214922551049,"PLS1"
"CPC007 VCAP 6H-BRD-K45031696-10.0","1/13",0.00906448902789392,0.0929117932771257,0,0,128.038461538462,602.214922551049,"PLS1"
"CPC004 VCAP 24H-betamethasone 17,21-dipropionate-10.0","1/13",0.00906448902789392,0.0929117932771257,0,0,128.038461538462,602.214922551049,"CORO1A"
"CPC007 VCAP 6H-BRD-K93875449-10.0","1/13",0.00906448902789392,0.0929117932771257,0,0,128.038461538462,602.214922551049,"PLS1"
"LJP006 BT20 3H-AZD-5438-1.11","1/13",0.00906448902789392,0.0929117932771257,0,0,128.038461538462,602.214922551049,"SORL1"
"CPC010 HT29 6H-BRD-K06765193-10.0","1/13",0.00906448902789392,0.0929117932771257,0,0,128.038461538462,602.214922551049,"GFPT1"
"CPC017 ASC 24H-digitoxin-10.0","2/210",0.00918901623885945,0.0929117932771257,0,0,15.8477564102564,74.3219584979359,"CORO1A;PLS1"
"CPC001 HCC515 24H-sarmentogenin-10.0","2/211",0.00927324909653392,0.0929117932771257,0,0,15.7711323763955,73.8187007277333,"GFPT1;PLS1"
"CPC001 HCC515 24H-strophanthidin-10.0","2/214",0.00952804457493119,0.0929117932771257,0,0,15.5455974842767,72.3416830258685,"GFPT1;PLS1"
"LJP006 MCF7 24H-radicicol-10","2/216",0.00969965107518856,0.0929117932771257,0,0,15.398753894081,71.3834701024968,"SORL1;PLS1"
"LJP008 A549 24H-mocetinostat-0.12","1/14",0.00975859065995107,0.0929117932771257,0,0,118.183431952663,547.14287795732,"PLAC8"
"CPC007 VCAP 6H-BRD-K44878494-10.0","1/14",0.00975859065995107,0.0929117932771257,0,0,118.183431952663,547.14287795732,"PLS1"
"CPC007 VCAP 6H-BRD-K86456986-10.0","1/14",0.00975859065995107,0.0929117932771257,0,0,118.183431952663,547.14287795732,"PLS1"
"LJP006 BT20 3H-OSI-027-1.11","1/14",0.00975859065995107,0.0929117932771257,0,0,118.183431952663,547.14287795732,"SORL1"
"LJP006 BT20 3H-mitoxantrone-0.37","1/14",0.00975859065995107,0.0929117932771257,0,0,118.183431952663,547.14287795732,"PLAC8"
"CPC009 VCAP 24H-BRD-A43640821-10.0","1/14",0.00975859065995107,0.0929117932771257,0,0,118.183431952663,547.14287795732,"CORO1A"
"CPC011 VCAP 6H-indatraline-10.0","1/14",0.00975859065995107,0.0929117932771257,0,0,118.183431952663,547.14287795732,"PLS1"
"CPC020 HT29 6H-BRD-A25088322-10.0","1/14",0.00975859065995107,0.0929117932771257,0,0,118.183431952663,547.14287795732,"CORO1A"
"LJP005 MCF7 24H-radicicol-10","2/219",0.0099596659718239,0.0929117932771257,0,0,15.1835637480799,69.9842603572923,"SORL1;PLS1"
"CPC006 HCC515 24H-cot-10b-44.4","2/223",0.0103111963154033,0.0929117932771257,0,0,14.9057315233786,68.1866407995895,"DDAH1;CORO1A"
"CPC014 MCF7 6H-BRD-A77467113-10.0","1/15",0.0104522409709381,0.0929117932771257,0,0,109.736263736264,500.500391445588,"GFPT1"
"CPC007 VCAP 6H-ncgc00183406-01-10.0","1/15",0.0104522409709381,0.0929117932771257,0,0,109.736263736264,500.500391445588,"PLS1"
"LJP006 BT20 3H-MK-2206-10","1/15",0.0104522409709381,0.0929117932771257,0,0,109.736263736264,500.500391445588,"PRKCB"
"CPC018 HT29 6H-t 0070907-10.0","1/15",0.0104522409709381,0.0929117932771257,0,0,109.736263736264,500.500391445588,"GFPT1"
"CPC019 A549 24H-BRD-K84450674-10.0","1/15",0.0104522409709381,0.0929117932771257,0,0,109.736263736264,500.500391445588,"CORO1A"
"LJP006 LNCAP 3H-radicicol-0.12","1/15",0.0104522409709381,0.0929117932771257,0,0,109.736263736264,500.500391445588,"SELL"
"CPC011 VCAP 24H-cinanserin-10.0","1/15",0.0104522409709381,0.0929117932771257,0,0,109.736263736264,500.500391445588,"PLS1"
"CPC020 PC3 24H-glyburide-10.0","1/15",0.0104522409709381,0.0929117932771257,0,0,109.736263736264,500.500391445588,"ARHGEF18"
"LJP006 MDAMB231 24H-saracatinib-0.37","1/15",0.0104522409709381,0.0929117932771257,0,0,109.736263736264,500.500391445588,"PLAC8"
"CPC012 VCAP 6H-vu0418946-2-10.0","1/15",0.0104522409709381,0.0929117932771257,0,0,109.736263736264,500.500391445588,"CORO1A"
"CPC013 MCF7 24H-h-5832-10.0","1/15",0.0104522409709381,0.0929117932771257,0,0,109.736263736264,500.500391445588,"CORO1A"
"CPC006 PC3 6H-tl hras26 brd-k01877528-10.0","1/15",0.0104522409709381,0.0929117932771257,0,0,109.736263736264,500.500391445588,"GFPT1"
"CPC014 SKB 24H-BRD-A20697603-10.0","2/226",0.0105784610436964,0.0929117932771257,0,0,14.703869047619,66.8869492828364,"EPB41L4B;DDAH1"
"CPC004 HCC515 24H-digitoxin-10.0","2/231",0.0110307555087285,0.0929117932771257,0,0,14.3791848617176,64.8079632698338,"GFPT1;PLS1"
"CPC014 HCC515 6H-wortmannin-10.0","1/16",0.011145440218903,0.0929117932771257,0,0,102.415384615385,460.533801304194,"CORO1A"
"CPC003 PC3 24H-flumethasone-10.0","1/16",0.011145440218903,0.0929117932771257,0,0,102.415384615385,460.533801304194,"PLS1"
"CPC007 VCAP 6H-ncgc00183696-01-10.0","1/16",0.011145440218903,0.0929117932771257,0,0,102.415384615385,460.533801304194,"PLS1"
"CPC007 VCAP 6H-ncgc00183222-01-10.0","1/16",0.011145440218903,0.0929117932771257,0,0,102.415384615385,460.533801304194,"PLS1"
"CPC007 VCAP 6H-BRD-K60202068-10.0","1/16",0.011145440218903,0.0929117932771257,0,0,102.415384615385,460.533801304194,"PLS1"
"CPC017 MCF7 6H-bd 1008 dihydrobromide-10.0","1/16",0.011145440218903,0.0929117932771257,0,0,102.415384615385,460.533801304194,"CORO1A"
"CPC005 MCF7 6H-piribedil dihydrochloride-10.0","1/16",0.011145440218903,0.0929117932771257,0,0,102.415384615385,460.533801304194,"ARHGEF18"
"LJP006 HS578T 3H-OSI-027-0.37","1/16",0.011145440218903,0.0929117932771257,0,0,102.415384615385,460.533801304194,"PLAC8"
"CPC011 VCAP 6H-diphenylcyclopropenone-10.0","1/16",0.011145440218903,0.0929117932771257,0,0,102.415384615385,460.533801304194,"PLS1"
"LJP006 SKBR3 3H-WYE-125132-0.04","1/16",0.011145440218903,0.0929117932771257,0,0,102.415384615385,460.533801304194,"PLAC8"
"CPC006 VCAP 24H-mln2238-10.0","2/234",0.0113062242892312,0.0929117932771257,0,0,14.191091954023,63.6101772944778,"EPB41L4B;CORO1A"
"LJP006 LNCAP 24H-alvocidib-0.04","2/238",0.0116782649281312,0.0929117932771257,0,0,13.9477401129943,62.0678042372792,"DDAH1;PLS1"
"LJP008 PC3 24H-rocilinostat-1.11","1/17",0.0118381886593293,0.0929117932771257,0,0,96.0096153846154,425.939423953315,"SORL1"
"CPC006 VCAP 24H-l-sulforophane-10.0","1/17",0.0118381886593293,0.0929117932771257,0,0,96.0096153846154,425.939423953315,"PLS1"
"LJP005 MCF7 24H-torin-2-0.04","1/17",0.0118381886593293,0.0929117932771257,0,0,96.0096153846154,425.939423953315,"LAT2"
"CPC007 MCF7 24H-ncgc00183247-01-10.0","1/17",0.0118381886593293,0.0929117932771257,0,0,96.0096153846154,425.939423953315,"PLS1"
"CPC007 VCAP 6H-BRD-K22215695-10.0","1/17",0.0118381886593293,0.0929117932771257,0,0,96.0096153846154,425.939423953315,"PLS1"
"CPC004 VCAP 24H-oxfendazole-10.0","1/17",0.0118381886593293,0.0929117932771257,0,0,96.0096153846154,425.939423953315,"CORO1A"
"CPC007 VCAP 6H-mls-0315926 mls-0315926-10.0","1/17",0.0118381886593293,0.0929117932771257,0,0,96.0096153846154,425.939423953315,"PLS1"
"CPC017 HT29 6H-jte 907-10.0","1/17",0.0118381886593293,0.0929117932771257,0,0,96.0096153846154,425.939423953315,"CORO1A"
"CPC017 HT29 6H-rs 17053 hydrochloride-10.0","1/17",0.0118381886593293,0.0929117932771257,0,0,96.0096153846154,425.939423953315,"CORO1A"
"LJP006 BT20 3H-PHA-793887-0.04","1/17",0.0118381886593293,0.0929117932771257,0,0,96.0096153846154,425.939423953315,"PLAC8"
"CPC017 MCF7 6H-fccp-10.0","1/17",0.0118381886593293,0.0929117932771257,0,0,96.0096153846154,425.939423953315,"CORO1A"
"CPC010 VCAP 6H-BRD-A18725729-10.0","1/17",0.0118381886593293,0.0929117932771257,0,0,96.0096153846154,425.939423953315,"PLS1"
"CPC010 VCAP 6H-BRD-K28916077-10.0","1/17",0.0118381886593293,0.0929117932771257,0,0,96.0096153846154,425.939423953315,"PLS1"
"CPC011 PC3 6H-nitazoxanide-10.0","1/17",0.0118381886593293,0.0929117932771257,0,0,96.0096153846154,425.939423953315,"GFPT1"
"CPC011 VCAP 24H-latanoprost-10.0","1/17",0.0118381886593293,0.0929117932771257,0,0,96.0096153846154,425.939423953315,"PLS1"
"CPC006 HA1E 6H-BRD-K59962020-10.0","1/17",0.0118381886593293,0.0929117932771257,0,0,96.0096153846154,425.939423953315,"CORO1A"
"CPC012 ASC 24H-BRD-K56596360-10.0","1/17",0.0118381886593293,0.0929117932771257,0,0,96.0096153846154,425.939423953315,"ARHGEF18"
"LJP005 BT20 3H-YM-201636-0.12","1/17",0.0118381886593293,0.0929117932771257,0,0,96.0096153846154,425.939423953315,"PLAC8"
"CPC014 VCAP 6H-BRD-U04166717-10.0","1/18",0.0125304865571367,0.0929117932771257,0,0,90.3574660633484,395.728716189981,"PLS1"
"CPC007 VCAP 6H-ncgc00183412-01-10.0","1/18",0.0125304865571367,0.0929117932771257,0,0,90.3574660633484,395.728716189981,"PLS1"
"CPC008 HT29 6H-vu0365117-1-10.0","1/18",0.0125304865571367,0.0929117932771257,0,0,90.3574660633484,395.728716189981,"GFPT1"
"LJP006 BT20 3H-celastrol-3.33","1/18",0.0125304865571367,0.0929117932771257,0,0,90.3574660633484,395.728716189981,"SORL1"
"LJP006 BT20 3H-MK-2206-1.11","1/18",0.0125304865571367,0.0929117932771257,0,0,90.3574660633484,395.728716189981,"PLAC8"
"CPC006 HA1E 6H-valdecoxib-177.6","1/18",0.0125304865571367,0.0929117932771257,0,0,90.3574660633484,395.728716189981,"CORO1A"
"CPC020 HT29 6H-metformin hydrochloride-10.0","1/18",0.0125304865571367,0.0929117932771257,0,0,90.3574660633484,395.728716189981,"CORO1A"
"CPC006 HCC515 24H-BRD-K12762134-11.1","1/18",0.0125304865571367,0.0929117932771257,0,0,90.3574660633484,395.728716189981,"CORO1A"
"LJP005 BT20 3H-PF-477736-10","1/18",0.0125304865571367,0.0929117932771257,0,0,90.3574660633484,395.728716189981,"PLAC8"
"CPC013 PC3 24H-s1297-10.0","1/18",0.0125304865571367,0.0929117932771257,0,0,90.3574660633484,395.728716189981,"ARHGEF18"
"CPC006 HCC515 24H-narciclasine-10.0","2/249",0.0127291399306861,0.0929117932771257,0,0,13.3191632928475,58.1229829880772,"GFPT1;PLS1"
"CPC006 HT29 24H-emetine dihydrochloride hydrate (74)-0.63","2/252",0.0130227530777656,0.0929117932771257,0,0,13.1573333333333,57.1167367922071,"GFPT1;CORO1A"
"LJP005 HS578T 3H-GSK-690693-3.33","1/19",0.0132223341712321,0.0929117932771257,0,0,85.3333333333333,369.139020502258,"PLAC8"
"LJP005 MCF7 24H-PHA-665752-10","1/19",0.0132223341712321,0.0929117932771257,0,0,85.3333333333333,369.139020502258,"PLAC8"
"CPC007 VCAP 6H-ncgc00182110-02-10.0","1/19",0.0132223341712321,0.0929117932771257,0,0,85.3333333333333,369.139020502258,"PLS1"
"CPC004 VCAP 24H-nocodazole-10.0","1/19",0.0132223341712321,0.0929117932771257,0,0,85.3333333333333,369.139020502258,"GFPT1"
"CPC004 VCAP 24H-triclosan-10.0","1/19",0.0132223341712321,0.0929117932771257,0,0,85.3333333333333,369.139020502258,"PLS1"
"CPC017 A549 24H-ag 556-10.0","1/19",0.0132223341712321,0.0929117932771257,0,0,85.3333333333333,369.139020502258,"CORO1A"
"CPC009 VCAP 6H-lovastatin-10.0","1/19",0.0132223341712321,0.0929117932771257,0,0,85.3333333333333,369.139020502258,"CORO1A"
"CPC010 VCAP 24H-t0516-4420-10.0","1/19",0.0132223341712321,0.0929117932771257,0,0,85.3333333333333,369.139020502258,"PLS1"
"CPC010 VCAP 6H-k784-3188-10.0","1/19",0.0132223341712321,0.0929117932771257,0,0,85.3333333333333,369.139020502258,"PLS1"
"CPC019 VCAP 24H-BRD-K74155249-10.0","1/19",0.0132223341712321,0.0929117932771257,0,0,85.3333333333333,369.139020502258,"ARHGEF18"
"CPC011 VCAP 24H-crotamiton-10.0","1/19",0.0132223341712321,0.0929117932771257,0,0,85.3333333333333,369.139020502258,"PLS1"
"CPC011 VCAP 6H-latanoprost-10.0","1/19",0.0132223341712321,0.0929117932771257,0,0,85.3333333333333,369.139020502258,"PLS1"
"CPC011 VCAP 6H-BRD-K52080565-10.0","1/19",0.0132223341712321,0.0929117932771257,0,0,85.3333333333333,369.139020502258,"GFPT1"
"CPC006 HCC515 24H-lenalidomide-177.6","1/19",0.0132223341712321,0.0929117932771257,0,0,85.3333333333333,369.139020502258,"CORO1A"
"CPC012 ASC 24H-np-004527-10.0","1/19",0.0132223341712321,0.0929117932771257,0,0,85.3333333333333,369.139020502258,"ARHGEF18"
"CPC020 PC3 24H-BRD-A87848830-10.0","1/19",0.0132223341712321,0.0929117932771257,0,0,85.3333333333333,369.139020502258,"ARHGEF18"
"CPD001 MCF7 6H-proglumide-10.0","1/19",0.0132223341712321,0.0929117932771257,0,0,85.3333333333333,369.139020502258,"ARHGEF18"
"CPC012 MCF7 24H-BRD-K75329208-10.0","1/19",0.0132223341712321,0.0929117932771257,0,0,85.3333333333333,369.139020502258,"CORO1A"
"CPC013 HT29 6H-s1362-10.0","1/19",0.0132223341712321,0.0929117932771257,0,0,85.3333333333333,369.139020502258,"GFPT1"
"LJP008 A549 24H-VE821-10","1/20",0.01391373176082,0.0929117932771257,0,0,80.8380566801619,345.572913330578,"SELL"
"LJP008 A549 24H-dasatinib-3.33","1/20",0.01391373176082,0.0929117932771257,0,0,80.8380566801619,345.572913330578,"PLAC8"
"CPC014 VCAP 24H-BRD-A06929388-10.0","1/20",0.01391373176082,0.0929117932771257,0,0,80.8380566801619,345.572913330578,"PLS1"
"CPC007 VCAP 6H-BRD-K13665914-10.0","1/20",0.01391373176082,0.0929117932771257,0,0,80.8380566801619,345.572913330578,"PLS1"
"CPC005 VCAP 24H-mk 212-10.0","1/20",0.01391373176082,0.0929117932771257,0,0,80.8380566801619,345.572913330578,"ARHGEF18"
"CPC009 A549 6H-BRD-K38634661-10.0","1/20",0.01391373176082,0.0929117932771257,0,0,80.8380566801619,345.572913330578,"GFPT1"
"CPC010 VCAP 6H-BRD-K53932786-10.0","1/20",0.01391373176082,0.0929117932771257,0,0,80.8380566801619,345.572913330578,"PLS1"
"CPC010 VCAP 6H-BRD-K65955264-10.0","1/20",0.01391373176082,0.0929117932771257,0,0,80.8380566801619,345.572913330578,"PLS1"
"CPC011 PC3 24H-idebenone-10.0","1/20",0.01391373176082,0.0929117932771257,0,0,80.8380566801619,345.572913330578,"ARHGEF18"
"LJP006 MCF7 3H-HG-5-88-01-10","1/20",0.01391373176082,0.0929117932771257,0,0,80.8380566801619,345.572913330578,"PLAC8"
"LJP007 A375 24H-everolimus-0.12","1/20",0.01391373176082,0.0929117932771257,0,0,80.8380566801619,345.572913330578,"EPB41L4B"
"CPC013 HT29 6H-geldanamycin-10.0","1/20",0.01391373176082,0.0929117932771257,0,0,80.8380566801619,345.572913330578,"ARHGEF18"
"LJP005 HEPG2 24H-neratinib-0.12","1/21",0.0146046795939877,0.0929117932771257,0,0,76.7923076923077,324.556029146829,"SELL"
"LJP005 MDAMB231 24H-dasatinib-0.12","1/21",0.0146046795939877,0.0929117932771257,0,0,76.7923076923077,324.556029146829,"PLAC8"
"LJP005 SKBR3 3H-BX-912-3.33","1/21",0.0146046795939877,0.0929117932771257,0,0,76.7923076923077,324.556029146829,"PLAC8"
"CPC011 VCAP 24H-honokiol-10.0","1/21",0.0146046795939877,0.0929117932771257,0,0,76.7923076923077,324.556029146829,"PLS1"
"CPC012 ASC 24H-BRD-K71935468-10.0","1/21",0.0146046795939877,0.0929117932771257,0,0,76.7923076923077,324.556029146829,"CORO1A"
"CPC020 PC3 24H-BRD-K74767048-10.0","1/21",0.0146046795939877,0.0929117932771257,0,0,76.7923076923077,324.556029146829,"ARHGEF18"
"LJP009 MCF7 24H-XMD-1499-3.33","1/21",0.0146046795939877,0.0929117932771257,0,0,76.7923076923077,324.556029146829,"PRKCB"
"LJP005 BT20 3H-CP466722-10","1/21",0.0146046795939877,0.0929117932771257,0,0,76.7923076923077,324.556029146829,"PLAC8"
"LJP008 MCF7 24H-PFI-1-1.11","1/22",0.0152951779293368,0.0929117932771257,0,0,73.1318681318681,305.707127278926,"PLAC8"
"CPC001 VCAP 6H-dibutyrylcyclic amp-10.0","1/22",0.0152951779293368,0.0929117932771257,0,0,73.1318681318681,305.707127278926,"ARHGEF18"
"CPC003 VCAP 6H-cefixime-10.0","1/22",0.0152951779293368,0.0929117932771257,0,0,73.1318681318681,305.707127278926,"CORO1A"
"LJP005 SKBR3 3H-buparlisib-0.37","1/22",0.0152951779293368,0.0929117932771257,0,0,73.1318681318681,305.707127278926,"PLAC8"
"CPC007 VCAP 6H-mls-0315852.0002-10.0","1/22",0.0152951779293368,0.0929117932771257,0,0,73.1318681318681,305.707127278926,"PLS1"
"CPC004 VCAP 6H-rhamnetin-10.0","1/22",0.0152951779293368,0.0929117932771257,0,0,73.1318681318681,305.707127278926,"GFPT1"
"LJP006 BT20 3H-sorafenib-10","1/22",0.0152951779293368,0.0929117932771257,0,0,73.1318681318681,305.707127278926,"PLAC8"
"LJP006 BT20 3H-Y-39983-3.33","1/22",0.0152951779293368,0.0929117932771257,0,0,73.1318681318681,305.707127278926,"PLAC8"
"LJP006 HS578T 3H-radicicol-0.12","1/22",0.0152951779293368,0.0929117932771257,0,0,73.1318681318681,305.707127278926,"PLAC8"
"CPC010 VCAP 6H-BRD-U86222656-10.0","1/22",0.0152951779293368,0.0929117932771257,0,0,73.1318681318681,305.707127278926,"PLS1"
"CPC011 VCAP 24H-halometasone-10.0","1/22",0.0152951779293368,0.0929117932771257,0,0,73.1318681318681,305.707127278926,"GFPT1"
"CPD001 MCF7 6H-maprotiline hydrochloride-10.0","1/22",0.0152951779293368,0.0929117932771257,0,0,73.1318681318681,305.707127278926,"ARHGEF18"
"LJP006 MDAMB231 24H-AT-7519-0.12","1/22",0.0152951779293368,0.0929117932771257,0,0,73.1318681318681,305.707127278926,"PLS1"
"LJP006 MDAMB231 24H-GDC-0941-3.33","1/22",0.0152951779293368,0.0929117932771257,0,0,73.1318681318681,305.707127278926,"PLAC8"
"CPC013 HT29 6H-BRD-K80786583-10.0","1/22",0.0152951779293368,0.0929117932771257,0,0,73.1318681318681,305.707127278926,"GFPT1"
"LJP008 MCF7 24H-dasatinib-0.37","1/23",0.015985227036696,0.0929117932771257,0,0,69.8041958041958,288.716456708675,"PLAC8"
"LJP005 HS578T 24H-TGX-221-0.12","1/23",0.015985227036696,0.0929117932771257,0,0,69.8041958041958,288.716456708675,"PLAC8"
"LJP005 HS578T 24H-PF-431396-0.37","1/23",0.015985227036696,0.0929117932771257,0,0,69.8041958041958,288.716456708675,"DDAH1"
"CPC006 SW620 6H-BRD-K66792149-11.1","1/23",0.015985227036696,0.0929117932771257,0,0,69.8041958041958,288.716456708675,"GFPT1"
"LJP005 HS578T 3H-GDC-0980-0.04","1/23",0.015985227036696,0.0929117932771257,0,0,69.8041958041958,288.716456708675,"PLAC8"
"CPC015 NPC 24H-fluvastatin-10.0","1/23",0.015985227036696,0.0929117932771257,0,0,69.8041958041958,288.716456708675,"CORO1A"
"CPC007 VCAP 6H-mls-0390979-10.0","1/23",0.015985227036696,0.0929117932771257,0,0,69.8041958041958,288.716456708675,"PLS1"
"CPC008 A375 6H-thiophene-2-carboxylic acid benzothiazol-2-ylamide mls-0446110.0001-10.0","1/23",0.015985227036696,0.0929117932771257,0,0,69.8041958041958,288.716456708675,"CORO1A"
"CPC017 A549 6H-cyclosporin a-10.0","1/23",0.015985227036696,0.0929117932771257,0,0,69.8041958041958,288.716456708675,"CORO1A"
"CPC017 NPC 24H-pdgf receptor tyrosine kinase inhibitor i-10.0","1/23",0.015985227036696,0.0929117932771257,0,0,69.8041958041958,288.716456708675,"CORO1A"
"CPC017 NPC 24H-clobenpropit dihydrobromide-10.0","1/23",0.015985227036696,0.0929117932771257,0,0,69.8041958041958,288.716456708675,"CORO1A"
"CPC012 ASC 24H-BRD-K27170250-10.0","1/23",0.015985227036696,0.0929117932771257,0,0,69.8041958041958,288.716456708675,"CORO1A"
"CPC020 PC3 24H-BRD-A82307304-10.0","1/23",0.015985227036696,0.0929117932771257,0,0,69.8041958041958,288.716456708675,"DDAH1"
"CPC012 HA1E 6H-BRD-K00486725-10.0","1/23",0.015985227036696,0.0929117932771257,0,0,69.8041958041958,288.716456708675,"CORO1A"
"CPC006 HCC515 6H-elesclomol-10.0","1/23",0.015985227036696,0.0929117932771257,0,0,69.8041958041958,288.716456708675,"ARHGEF18"
"LJP006 PC3 24H-NVP-TAE684-3.33","1/23",0.015985227036696,0.0929117932771257,0,0,69.8041958041958,288.716456708675,"CORO1A"
"LJP006 PC3 24H-QL-X-138-0.12","1/23",0.015985227036696,0.0929117932771257,0,0,69.8041958041958,288.716456708675,"PRKCB"
"LJP005 BT20 3H-NVP-BEZ235-10","1/23",0.015985227036696,0.0929117932771257,0,0,69.8041958041958,288.716456708675,"PLAC8"
"CPC014 HCC515 6H-b3063-10.0","1/24",0.0166748271779813,0.0929117932771257,0,0,66.7658862876254,273.329860838005,"GFPT1"
"CPC014 HT29 6H-m9948-10.0","1/24",0.0166748271779813,0.0929117932771257,0,0,66.7658862876254,273.329860838005,"GFPT1"
"LJP008 HT29 24H-UNC0638-1.11","1/24",0.0166748271779813,0.0929117932771257,0,0,66.7658862876254,273.329860838005,"SORL1"
"LJP005 HS578T 3H-withaferin-a-10","1/24",0.0166748271779813,0.0929117932771257,0,0,66.7658862876254,273.329860838005,"PLAC8"
"CPC014 VCAP 24H-sl-231-10.0","1/24",0.0166748271779813,0.0929117932771257,0,0,66.7658862876254,273.329860838005,"CORO1A"
"LJP005 MDAMB231 24H-WH-4-025-0.37","1/24",0.0166748271779813,0.0929117932771257,0,0,66.7658862876254,273.329860838005,"PLAC8"
"CPC015 MCF7 24H-colforsin-10.0","1/24",0.0166748271779813,0.0929117932771257,0,0,66.7658862876254,273.329860838005,"GFPT1"
"CPC007 VCAP 6H-4-fluoro-n-pyridin-3-yl-benzamide-10.0","1/24",0.0166748271779813,0.0929117932771257,0,0,66.7658862876254,273.329860838005,"PLS1"
"CPC008 HT29 6H-mls-0437633.0003-10.0","1/24",0.0166748271779813,0.0929117932771257,0,0,66.7658862876254,273.329860838005,"ARHGEF18"
"LJP006 HEPG2 24H-XMD11-85H-10","1/24",0.0166748271779813,0.0929117932771257,0,0,66.7658862876254,273.329860838005,"PLAC8"
"CPC009 VCAP 24H-vu0365118-1-10.0","1/24",0.0166748271779813,0.0929117932771257,0,0,66.7658862876254,273.329860838005,"CORO1A"
"CPC009 VCAP 6H-BRD-K84762162-10.0","1/24",0.0166748271779813,0.0929117932771257,0,0,66.7658862876254,273.329860838005,"CORO1A"
"CPC010 VCAP 6H-BRD-A37735495-10.0","1/24",0.0166748271779813,0.0929117932771257,0,0,66.7658862876254,273.329860838005,"PLS1"
"CPC010 VCAP 6H-BRD-A68065211-10.0","1/24",0.0166748271779813,0.0929117932771257,0,0,66.7658862876254,273.329860838005,"PLS1"
"LJP006 LNCAP 3H-MK-2206-10","1/24",0.0166748271779813,0.0929117932771257,0,0,66.7658862876254,273.329860838005,"PLAC8"
"CPC020 PC3 24H-warfarin-10.0","1/24",0.0166748271779813,0.0929117932771257,0,0,66.7658862876254,273.329860838005,"ARHGEF18"
"LJP009 PC3 24H-rondual-kinase-inhibitor-10","1/24",0.0166748271779813,0.0929117932771257,0,0,66.7658862876254,273.329860838005,"PLAC8"
"LJP006 SKBR3 3H-A443654-0.04","1/24",0.0166748271779813,0.0929117932771257,0,0,66.7658862876254,273.329860838005,"ELF3"
"CPC013 HT29 6H-BRD-K09854848-10.0","1/24",0.0166748271779813,0.0929117932771257,0,0,66.7658862876254,273.329860838005,"GFPT1"
"CPC013 HT29 6H-btb06091sc-10.0","1/24",0.0166748271779813,0.0929117932771257,0,0,66.7658862876254,273.329860838005,"GFPT1"
"CPC006 HCC515 24H-BRD-K04853698-10.0","2/291",0.0171067804037607,0.0929117932771257,0,0,11.3592848904268,46.2127558417496,"DDAH1;PLS1"
"LJP009 A375 24H-KIN001-055-10","1/25",0.0173639786153884,0.0929117932771257,0,0,63.9807692307692,259.336925257011,"SORL1"
"CPC001 VCAP 6H-ikk 16-10.0","1/25",0.0173639786153884,0.0929117932771257,0,0,63.9807692307692,259.336925257011,"PLS1"
"CPC014 PC3 24H-x0379-10.0","1/25",0.0173639786153884,0.0929117932771257,0,0,63.9807692307692,259.336925257011,"GFPT1"
"LJP008 HCC515 24H-CTB-0.37","1/25",0.0173639786153884,0.0929117932771257,0,0,63.9807692307692,259.336925257011,"SORL1"
"CPC007 A375 6H-fu jmbii227b-10.0","1/25",0.0173639786153884,0.0929117932771257,0,0,63.9807692307692,259.336925257011,"DDAH1"
"CPC004 HCC515 6H-thalidomide-10.0","1/25",0.0173639786153884,0.0929117932771257,0,0,63.9807692307692,259.336925257011,"CORO1A"
"CPC007 VCAP 6H-stock4s-72743-10.0","1/25",0.0173639786153884,0.0929117932771257,0,0,63.9807692307692,259.336925257011,"PLS1"
"LJP006 BT20 3H-celastrol-10","1/25",0.0173639786153884,0.0929117932771257,0,0,63.9807692307692,259.336925257011,"SORL1"
"LJP006 HCC515 24H-canertinib-0.04","1/25",0.0173639786153884,0.0929117932771257,0,0,63.9807692307692,259.336925257011,"PLAC8"
"LJP006 HEPG2 24H-QL-X-138-1.11","1/25",0.0173639786153884,0.0929117932771257,0,0,63.9807692307692,259.336925257011,"SORL1"
"CPC018 HT29 6H-fenbendazole-10.0","1/25",0.0173639786153884,0.0929117932771257,0,0,63.9807692307692,259.336925257011,"GFPT1"
"CPC006 HCC515 24H-parthenolide-20.0","1/25",0.0173639786153884,0.0929117932771257,0,0,63.9807692307692,259.336925257011,"DDAH1"
"LJP006 SKBR3 3H-withaferin-a-10","1/25",0.0173639786153884,0.0929117932771257,0,0,63.9807692307692,259.336925257011,"PLAC8"
"LJP009 MCF7 24H-D-4476-10","1/25",0.0173639786153884,0.0929117932771257,0,0,63.9807692307692,259.336925257011,"PLAC8"
"LJP007 A375 24H-masitinib-10","1/25",0.0173639786153884,0.0929117932771257,0,0,63.9807692307692,259.336925257011,"SORL1"
"LJP005 BT20 3H-dovitinib-0.04","1/25",0.0173639786153884,0.0929117932771257,0,0,63.9807692307692,259.336925257011,"PLAC8"
"CPC013 SKB 24H-BRD-K59556282-10.0","1/25",0.0173639786153884,0.0929117932771257,0,0,63.9807692307692,259.336925257011,"GFPT1"
"LJP007 MCF7 24H-amuvatinib-10","1/25",0.0173639786153884,0.0929117932771257,0,0,63.9807692307692,259.336925257011,"SORL1"
"CPC014 HCC515 6H-t5323840-10.0","1/26",0.0180526816175867,0.0929117932771257,0,0,61.4184615384615,246.562020931719,"GFPT1"
"LJP008 MCF7 24H-azacitidine-1.11","1/26",0.0180526816175867,0.0929117932771257,0,0,61.4184615384615,246.562020931719,"PRKCB"
"CPC014 MCF7 6H-hy-10044-10.0","1/26",0.0180526816175867,0.0929117932771257,0,0,61.4184615384615,246.562020931719,"GFPT1"
"CPC006 VCAP 6H-pimozide-10.0","1/26",0.0180526816175867,0.0929117932771257,0,0,61.4184615384615,246.562020931719,"GFPT1"
"CPC006 VCAP 6H-dg-041-40.0","1/26",0.0180526816175867,0.0929117932771257,0,0,61.4184615384615,246.562020931719,"CORO1A"
"CPC006 VCAP 6H-ikk-3 inhibitor ix-6.0","1/26",0.0180526816175867,0.0929117932771257,0,0,61.4184615384615,246.562020931719,"CORO1A"
"CPC007 A549 6H-mls-0390979-10.0","1/26",0.0180526816175867,0.0929117932771257,0,0,61.4184615384615,246.562020931719,"GFPT1"
"CPC010 VCAP 24H-BRD-K00028814-10.0","1/26",0.0180526816175867,0.0929117932771257,0,0,61.4184615384615,246.562020931719,"PLS1"
"LJP006 MCF7 3H-JW-7-24-1-1.11","1/26",0.0180526816175867,0.0929117932771257,0,0,61.4184615384615,246.562020931719,"PLAC8"
"CPC006 HEPG2 6H-BRD-K68548958-20.0","1/26",0.0180526816175867,0.0929117932771257,0,0,61.4184615384615,246.562020931719,"GFPT1"
"CPC013 A549 24H-BRD-K43581698-10.0","1/26",0.0180526816175867,0.0929117932771257,0,0,61.4184615384615,246.562020931719,"CORO1A"
"CPC013 ASC 24H-s1455-10.0","1/26",0.0180526816175867,0.0929117932771257,0,0,61.4184615384615,246.562020931719,"CORO1A"
"LJP006 SKBR3 3H-NVP-TAE684-0.37","1/26",0.0180526816175867,0.0929117932771257,0,0,61.4184615384615,246.562020931719,"PLAC8"
"LJP006 SKBR3 3H-KIN001-043-1.11","1/26",0.0180526816175867,0.0929117932771257,0,0,61.4184615384615,246.562020931719,"SORL1"
"CPC013 MCF7 24H-st019365-10.0","1/26",0.0180526816175867,0.0929117932771257,0,0,61.4184615384615,246.562020931719,"CORO1A"
"LJP007 MCF7 24H-DCC-2036-0.37","1/26",0.0180526816175867,0.0929117932771257,0,0,61.4184615384615,246.562020931719,"PLS1"
"LJP005 HCC515 24H-YM-201636-0.37","1/27",0.0187409364492419,0.0929117932771257,0,0,59.0532544378698,234.857452233383,"PLAC8"
"LJP005 HS578T 3H-NVP-AUY922-0.37","1/27",0.0187409364492419,0.0929117932771257,0,0,59.0532544378698,234.857452233383,"PLS1"
"CPC006 VCAP 6H-n-oxalylphenylalanine-160.0","1/27",0.0187409364492419,0.0929117932771257,0,0,59.0532544378698,234.857452233383,"CORO1A"
"LJP005 MDAMB231 24H-CYT387-3.33","1/27",0.0187409364492419,0.0929117932771257,0,0,59.0532544378698,234.857452233383,"PLAC8"
"LJP005 PC3 24H-WH-4-025-3.33","1/27",0.0187409364492419,0.0929117932771257,0,0,59.0532544378698,234.857452233383,"PLAC8"
"CPC007 PC3 6H-stock1s-53863-10.0","1/27",0.0187409364492419,0.0929117932771257,0,0,59.0532544378698,234.857452233383,"DDAH1"
"CPC008 A375 6H-ncgc00184716-01-10.0","1/27",0.0187409364492419,0.0929117932771257,0,0,59.0532544378698,234.857452233383,"CORO1A"
"CPC008 A375 6H-ncgc00183589-01-10.0","1/27",0.0187409364492419,0.0929117932771257,0,0,59.0532544378698,234.857452233383,"ARHGEF18"
"CPC019 MCF7 24H-BRD-K33116223-10.0","1/27",0.0187409364492419,0.0929117932771257,0,0,59.0532544378698,234.857452233383,"CORO1A"
"CPC019 MCF7 24H-BRD-K45232279-10.0","1/27",0.0187409364492419,0.0929117932771257,0,0,59.0532544378698,234.857452233383,"ARHGEF18"
"CPC012 ASC 24H-pd 00735-10.0","1/27",0.0187409364492419,0.0929117932771257,0,0,59.0532544378698,234.857452233383,"CORO1A"
"CPD001 MCF7 6H-betaxolol hydrochloride-10.0","1/27",0.0187409364492419,0.0929117932771257,0,0,59.0532544378698,234.857452233383,"ARHGEF18"
"LJP009 PC3 24H-serdemetan-10","1/27",0.0187409364492419,0.0929117932771257,0,0,59.0532544378698,234.857452233383,"PLAC8"
"LJP009 MCF7 24H-D-4476-3.33","1/27",0.0187409364492419,0.0929117932771257,0,0,59.0532544378698,234.857452233383,"SORL1"
"LJP006 SKBR3 3H-OSI-027-1.11","1/27",0.0187409364492419,0.0929117932771257,0,0,59.0532544378698,234.857452233383,"PLAC8"
"CPC014 HT29 6H-v2264-10.0","1/28",0.0194287433776429,0.0929117932771257,0,0,56.8632478632479,224.098156042853,"GFPT1"
"LJP005 HS578T 3H-GDC-0980-0.37","1/28",0.0194287433776429,0.0929117932771257,0,0,56.8632478632479,224.098156042853,"PLAC8"
"LJP005 HS578T 3H-TGX-221-10","1/28",0.0194287433776429,0.0929117932771257,0,0,56.8632478632479,224.098156042853,"PLAC8"
"LJP005 MDAMB231 24H-WZ-3105-1.11","1/28",0.0194287433776429,0.0929117932771257,0,0,56.8632478632479,224.098156042853,"PLAC8"
"LJP005 MDAMB231 3H-radicicol-1.11","1/28",0.0194287433776429,0.0929117932771257,0,0,56.8632478632479,224.098156042853,"SORL1"
"CPC015 NPC 24H-lovastatin-10.0","1/28",0.0194287433776429,0.0929117932771257,0,0,56.8632478632479,224.098156042853,"CORO1A"
"CPC004 PC3 6H-proscillaridin a-10.0","1/28",0.0194287433776429,0.0929117932771257,0,0,56.8632478632479,224.098156042853,"PLS1"
"CPC005 A549 6H-bisindolylmaleimide iv-10.0","1/28",0.0194287433776429,0.0929117932771257,0,0,56.8632478632479,224.098156042853,"GFPT1"
"CPC008 VCAP 6H-tl hras26 brd-k01877528-10.0","1/28",0.0194287433776429,0.0929117932771257,0,0,56.8632478632479,224.098156042853,"PLS1"
"LJP006 HME1 3H-palbociclib-10","1/28",0.0194287433776429,0.0929117932771257,0,0,56.8632478632479,224.098156042853,"PLS1"
"CPC010 VCAP 6H-stock1n-27488-10.0","1/28",0.0194287433776429,0.0929117932771257,0,0,56.8632478632479,224.098156042853,"PLS1"
"CPC011 VCAP 6H-flubendazole-10.0","1/28",0.0194287433776429,0.0929117932771257,0,0,56.8632478632479,224.098156042853,"GFPT1"
"LJP006 MCF10A 3H-sirolimus-10","1/28",0.0194287433776429,0.0929117932771257,0,0,56.8632478632479,224.098156042853,"PRKCB"
"LJP006 MCF7 3H-ZSTK-474-3.33","1/28",0.0194287433776429,0.0929117932771257,0,0,56.8632478632479,224.098156042853,"PLAC8"
"LJP006 MCF7 3H-GSK-1059615-3.33","1/28",0.0194287433776429,0.0929117932771257,0,0,56.8632478632479,224.098156042853,"PLAC8"
"LJP006 SKBR3 3H-withaferin-a-0.37","1/28",0.0194287433776429,0.0929117932771257,0,0,56.8632478632479,224.098156042853,"SORL1"
"LJP007 A375 24H-quizartinib-10","1/28",0.0194287433776429,0.0929117932771257,0,0,56.8632478632479,224.098156042853,"SORL1"
"LJP005 HCC515 24H-YM-201636-1.11","1/29",0.0201161026648451,0.0929117932771257,0,0,54.8296703296703,214.177558476072,"PLAC8"
"CPC014 HT29 6H-stock1n-27488-10.0","1/29",0.0201161026648451,0.0929117932771257,0,0,54.8296703296703,214.177558476072,"GFPT1"
"LJP008 HEPG2 24H-UNC669-0.04","1/29",0.0201161026648451,0.0929117932771257,0,0,54.8296703296703,214.177558476072,"CORO1A"
"CPC002 VCAP 24H-isorotenone-10.0","1/29",0.0201161026648451,0.0929117932771257,0,0,54.8296703296703,214.177558476072,"ARHGEF18"
"LJP005 MDAMB231 3H-GDC-0980-3.33","1/29",0.0201161026648451,0.0929117932771257,0,0,54.8296703296703,214.177558476072,"SORL1"
"CPC007 VCAP 6H-mls-0390943.0002-10.0","1/29",0.0201161026648451,0.0929117932771257,0,0,54.8296703296703,214.177558476072,"PLS1"
"CPC016 HEPG2 6H-sb 218078-10.0","1/29",0.0201161026648451,0.0929117932771257,0,0,54.8296703296703,214.177558476072,"CORO1A"
"CPC005 MCF7 6H-ethacrynic acid-10.0","1/29",0.0201161026648451,0.0929117932771257,0,0,54.8296703296703,214.177558476072,"GFPT1"
"CPC018 HT29 6H-mebendazole-10.0","1/29",0.0201161026648451,0.0929117932771257,0,0,54.8296703296703,214.177558476072,"GFPT1"
"CPC006 A673 6H-pf 750-80.0","1/29",0.0201161026648451,0.0929117932771257,0,0,54.8296703296703,214.177558476072,"CORO1A"
"LJP006 HS578T 3H-Y-39983-0.04","1/29",0.0201161026648451,0.0929117932771257,0,0,54.8296703296703,214.177558476072,"SORL1"
"CPC011 VCAP 6H-itraconazole-10.0","1/29",0.0201161026648451,0.0929117932771257,0,0,54.8296703296703,214.177558476072,"GFPT1"
"CPC012 ASC 24H-BRD-K83355732-10.0","1/29",0.0201161026648451,0.0929117932771257,0,0,54.8296703296703,214.177558476072,"CORO1A"
"CPC020 PC3 24H-BRD-K32737443-10.0","1/29",0.0201161026648451,0.0929117932771257,0,0,54.8296703296703,214.177558476072,"ARHGEF18"
"CPC012 HT29 6H-geldanamycin-10.0","1/29",0.0201161026648451,0.0929117932771257,0,0,54.8296703296703,214.177558476072,"ARHGEF18"
"LJP006 MCF7 3H-JNK-9L-0.37","1/29",0.0201161026648451,0.0929117932771257,0,0,54.8296703296703,214.177558476072,"PLAC8"
"CPD001 MCF7 6H-methyldopa (l,-)-10.0","1/29",0.0201161026648451,0.0929117932771257,0,0,54.8296703296703,214.177558476072,"ARHGEF18"
"CPC014 ASC 24H-hy-11005-10.0","1/30",0.02080301457834,0.0929117932771257,0,0,52.9363395225464,205.00430545239,"CORO1A"
"LJP009 A375 24H-saracatinib-1.11","1/30",0.02080301457834,0.0929117932771257,0,0,52.9363395225464,205.00430545239,"CORO1A"
"CPC006 RMUGS 6H-mln4924-11.1","1/30",0.02080301457834,0.0929117932771257,0,0,52.9363395225464,205.00430545239,"CORO1A"
"LJP008 MCF7 24H-dasatinib-3.33","1/30",0.02080301457834,0.0929117932771257,0,0,52.9363395225464,205.00430545239,"PLAC8"
"CPC002 VCAP 6H-wortmannin-10.0","1/30",0.02080301457834,0.0929117932771257,0,0,52.9363395225464,205.00430545239,"CORO1A"
"LJP005 HT29 24H-CYT387-10","1/30",0.02080301457834,0.0929117932771257,0,0,52.9363395225464,205.00430545239,"SORL1"
"LJP005 HT29 24H-AKT-inhibitor-1-2-10","1/30",0.02080301457834,0.0929117932771257,0,0,52.9363395225464,205.00430545239,"PRKCB"
"CPC002 VCAP 6H-aloisine a-10.0","1/30",0.02080301457834,0.0929117932771257,0,0,52.9363395225464,205.00430545239,"PLS1"
"CPC003 PC3 6H-cgk 733-10.0","1/30",0.02080301457834,0.0929117932771257,0,0,52.9363395225464,205.00430545239,"CORO1A"
"CPC006 VCAP 6H-(s)-(-)-bay k 8644-10.0","1/30",0.02080301457834,0.0929117932771257,0,0,52.9363395225464,205.00430545239,"CORO1A"
"CPC004 HA1E 24H-tacrolimus-10.0","1/30",0.02080301457834,0.0929117932771257,0,0,52.9363395225464,205.00430545239,"GFPT1"
"CPC015 NPC 24H-perphenazine-10.0","1/30",0.02080301457834,0.0929117932771257,0,0,52.9363395225464,205.00430545239,"CORO1A"
"LJP005 SKBR3 3H-NVP-BEZ235-0.12","1/30",0.02080301457834,0.0929117932771257,0,0,52.9363395225464,205.00430545239,"PRKCB"
"CPC016 NPC 24H-fpl 55712-10.0","1/30",0.02080301457834,0.0929117932771257,0,0,52.9363395225464,205.00430545239,"CORO1A"
"CPC017 A549 24H-t 98475-10.0","1/30",0.02080301457834,0.0929117932771257,0,0,52.9363395225464,205.00430545239,"CORO1A"
"CPC017 HEPG2 6H-BRD-K23478508 (digoxin)-10.0","1/30",0.02080301457834,0.0929117932771257,0,0,52.9363395225464,205.00430545239,"CORO1A"
"CPC009 A549 6H-mls-0435541.0001-10.0","1/30",0.02080301457834,0.0929117932771257,0,0,52.9363395225464,205.00430545239,"CORO1A"
"CPC009 HA1E 6H-BRD-K94390040-10.0","1/30",0.02080301457834,0.0929117932771257,0,0,52.9363395225464,205.00430545239,"CORO1A"
"CPC009 VCAP 24H-BRD-A94570195-10.0","1/30",0.02080301457834,0.0929117932771257,0,0,52.9363395225464,205.00430545239,"CORO1A"
"CPC019 HA1E 6H-BRD-K48803730-10.0","1/30",0.02080301457834,0.0929117932771257,0,0,52.9363395225464,205.00430545239,"CORO1A"
"CPC006 HCC515 6H-pifithrin- ?-10.0","1/30",0.02080301457834,0.0929117932771257,0,0,52.9363395225464,205.00430545239,"ARHGEF18"
"CPD001 MCF7 6H-practolol-10.0","1/30",0.02080301457834,0.0929117932771257,0,0,52.9363395225464,205.00430545239,"ARHGEF18"
"CPC012 NEU 24H-BRD-K08307026-10.0","1/30",0.02080301457834,0.0929117932771257,0,0,52.9363395225464,205.00430545239,"PLS1"
"CPC006 HEPG2 6H-BRD-K73319509-40.0","1/30",0.02080301457834,0.0929117932771257,0,0,52.9363395225464,205.00430545239,"CORO1A"
"CPC012 NPC 24H-BRD-K73418978-10.0","1/30",0.02080301457834,0.0929117932771257,0,0,52.9363395225464,205.00430545239,"GFPT1"
"CPC006 HT29 6H-mln4924-11.1","1/30",0.02080301457834,0.0929117932771257,0,0,52.9363395225464,205.00430545239,"GFPT1"
"LJP009 PC3 24H-GSK-1059615-0.12","1/30",0.02080301457834,0.0929117932771257,0,0,52.9363395225464,205.00430545239,"PRKCB"
"LJP006 SKBR3 3H-BMS-345541-3.33","1/30",0.02080301457834,0.0929117932771257,0,0,52.9363395225464,205.00430545239,"PLAC8"
"LJP005 BT20 24H-TG-101348-3.33","1/30",0.02080301457834,0.0929117932771257,0,0,52.9363395225464,205.00430545239,"PLAC8"
"LJP009 HCC515 24H-ALW-II-38-3-3.33","1/30",0.02080301457834,0.0929117932771257,0,0,52.9363395225464,205.00430545239,"CORO1A"
"LJP009 HA1E 24H-GSK1059615-3.33","1/30",0.02080301457834,0.0929117932771257,0,0,52.9363395225464,205.00430545239,"SORL1"
"LJP007 PC3 24H-HG-9-91-01-10","1/30",0.02080301457834,0.0929117932771257,0,0,52.9363395225464,205.00430545239,"SORL1"
"CPC006 PC3 6H-l-690,488-10.0","1/30",0.02080301457834,0.0929117932771257,0,0,52.9363395225464,205.00430545239,"CORO1A"
"LJP008 A375 24H-CTB-0.37","1/31",0.0214894793855566,0.0929117932771257,0,0,51.1692307692308,196.499660131609,"SORL1"
"CPC006 RMUGS 6H-15-deoxy-?12,14-prostaglandin j2-10.0","1/31",0.0214894793855566,0.0929117932771257,0,0,51.1692307692308,196.499660131609,"CORO1A"
"LJP005 HEPG2 24H-BYL719-10","1/31",0.0214894793855566,0.0929117932771257,0,0,51.1692307692308,196.499660131609,"SELL"
"LJP008 MCF7 24H-(-)-JQ1-10","1/31",0.0214894793855566,0.0929117932771257,0,0,51.1692307692308,196.499660131609,"PLAC8"
"LJP005 HS578T 3H-crizotinib-3.33","1/31",0.0214894793855566,0.0929117932771257,0,0,51.1692307692308,196.499660131609,"PLS1"
"LJP005 MCF10A 3H-NVP-AEW541-1.11","1/31",0.0214894793855566,0.0929117932771257,0,0,51.1692307692308,196.499660131609,"PRKCB"
"CPC006 VCAP 6H-as605240-10.0","1/31",0.0214894793855566,0.0929117932771257,0,0,51.1692307692308,196.499660131609,"CORO1A"
"CPC006 VCAP 6H-ursolic acid-70.07","1/31",0.0214894793855566,0.0929117932771257,0,0,51.1692307692308,196.499660131609,"GFPT1"
"CPC006 VCAP 6H-BRD-K92301463-10.0","1/31",0.0214894793855566,0.0929117932771257,0,0,51.1692307692308,196.499660131609,"CORO1A"
"CPC015 A549 24H-suloctidil-10.0","1/31",0.0214894793855566,0.0929117932771257,0,0,51.1692307692308,196.499660131609,"CORO1A"
"LJP005 PC3 24H-erlotinib-1.11","1/31",0.0214894793855566,0.0929117932771257,0,0,51.1692307692308,196.499660131609,"SELL"
"CPC008 A549 6H-ncgc00182371-01-10.0","1/31",0.0214894793855566,0.0929117932771257,0,0,51.1692307692308,196.499660131609,"GFPT1"
"CPC017 A549 24H-skf 81297 hydrobromide-10.0","1/31",0.0214894793855566,0.0929117932771257,0,0,51.1692307692308,196.499660131609,"CORO1A"
"LJP006 A549 24H-THZ-2-98-01-0.04","1/31",0.0214894793855566,0.0929117932771257,0,0,51.1692307692308,196.499660131609,"SELL"
"CPC017 MCF7 6H-naproxen-10.0","1/31",0.0214894793855566,0.0929117932771257,0,0,51.1692307692308,196.499660131609,"CORO1A"
"CPC017 NPC 24H-ag 538-10.0","1/31",0.0214894793855566,0.0929117932771257,0,0,51.1692307692308,196.499660131609,"CORO1A"
"CPC017 NPC 24H-ic 261-10.0","1/31",0.0214894793855566,0.0929117932771257,0,0,51.1692307692308,196.499660131609,"GFPT1"
"CPC005 VCAP 6H-manumycin a-10.0","1/31",0.0214894793855566,0.0929117932771257,0,0,51.1692307692308,196.499660131609,"GFPT1"
"LJP006 HEPG2 24H-NVP-TAE684-0.04","1/31",0.0214894793855566,0.0929117932771257,0,0,51.1692307692308,196.499660131609,"EPB41L4B"
"CPC009 HEPG2 6H-BRD-K49094915-10.0","1/31",0.0214894793855566,0.0929117932771257,0,0,51.1692307692308,196.499660131609,"DDAH1"
"CPC006 A549 6H-tl hras26 brd-k01877528-10.0","1/31",0.0214894793855566,0.0929117932771257,0,0,51.1692307692308,196.499660131609,"GFPT1"
"CPC011 VCAP 24H-miglitol-10.0","1/31",0.0214894793855566,0.0929117932771257,0,0,51.1692307692308,196.499660131609,"GFPT1"
"CPC006 HCC515 24H-BRD-K52075040-44.4","1/31",0.0214894793855566,0.0929117932771257,0,0,51.1692307692308,196.499660131609,"DDAH1"
"LJP006 MCF10A 3H-celastrol-0.37","1/31",0.0214894793855566,0.0929117932771257,0,0,51.1692307692308,196.499660131609,"SELL"
"CPC020 PC3 24H-diflunisal-10.0","1/31",0.0214894793855566,0.0929117932771257,0,0,51.1692307692308,196.499660131609,"ARHGEF18"
"CPC020 PC3 6H-5-azacytidine-10.0","1/31",0.0214894793855566,0.0929117932771257,0,0,51.1692307692308,196.499660131609,"GFPT1"
"LJP006 MCF7 24H-GSK-1904529A-0.37","1/31",0.0214894793855566,0.0929117932771257,0,0,51.1692307692308,196.499660131609,"PLAC8"
"CPD001 MCF7 6H-chlormezanone-10.0","1/31",0.0214894793855566,0.0929117932771257,0,0,51.1692307692308,196.499660131609,"ARHGEF18"
"LJP006 MCF7 3H-GDC-0941-3.33","1/31",0.0214894793855566,0.0929117932771257,0,0,51.1692307692308,196.499660131609,"PLAC8"
"LJP006 MDAMB231 24H-celastrol-10","1/31",0.0214894793855566,0.0929117932771257,0,0,51.1692307692308,196.499660131609,"PLAC8"
"CPC013 A549 24H-BRD-K74133369-10.0","1/31",0.0214894793855566,0.0929117932771257,0,0,51.1692307692308,196.499660131609,"GFPT1"
"LJP006 SKBR3 3H-MK-2206-10","1/31",0.0214894793855566,0.0929117932771257,0,0,51.1692307692308,196.499660131609,"PLAC8"
"LJP007 A375 24H-NVP-BGJ398-0.04","1/31",0.0214894793855566,0.0929117932771257,0,0,51.1692307692308,196.499660131609,"SORL1"
"LJP005 BT20 24H-WZ-3105-0.04","1/31",0.0214894793855566,0.0929117932771257,0,0,51.1692307692308,196.499660131609,"PLAC8"
"LJP009 HEPG2 24H-HY-11007-10","1/31",0.0214894793855566,0.0929117932771257,0,0,51.1692307692308,196.499660131609,"SORL1"
"CPC013 PC3 24H-BRD-K50140147-10.0","1/31",0.0214894793855566,0.0929117932771257,0,0,51.1692307692308,196.499660131609,"ARHGEF18"
"LJP007 MCF7 24H-OSI-930-0.37","1/31",0.0214894793855566,0.0929117932771257,0,0,51.1692307692308,196.499660131609,"DDAH1"
"LJP008 PC3 24H-entinostat-0.04","1/32",0.0221754973519546,0.0929117932771257,0,0,49.5161290322581,188.595414196714,"SORL1"
"LJP008 HT29 24H-CX-5461-1.11","1/32",0.0221754973519546,0.0929117932771257,0,0,49.5161290322581,188.595414196714,"PRKCB"
"CPC007 VCAP 6H-cid 755673-10.0","1/32",0.0221754973519546,0.0929117932771257,0,0,49.5161290322581,188.595414196714,"PLS1"
"CPC008 HCC515 6H-BRD-K45278408-10.0","1/32",0.0221754973519546,0.0929117932771257,0,0,49.5161290322581,188.595414196714,"CORO1A"
"CPC008 MCF7 6H-ncgc00182357-01-10.0","1/32",0.0221754973519546,0.0929117932771257,0,0,49.5161290322581,188.595414196714,"ARHGEF18"
"CPC005 HCC515 6H-manumycin a-10.0","1/32",0.0221754973519546,0.0929117932771257,0,0,49.5161290322581,188.595414196714,"ARHGEF18"
"CPC018 A375 6H-mycophenolic acid-10.0","1/32",0.0221754973519546,0.0929117932771257,0,0,49.5161290322581,188.595414196714,"ARHGEF18"
"LJP006 HME1 24H-sirolimus-0.04","1/32",0.0221754973519546,0.0929117932771257,0,0,49.5161290322581,188.595414196714,"PLAC8"
"CPC006 A549 6H-BRD-K37865504-10.0","1/32",0.0221754973519546,0.0929117932771257,0,0,49.5161290322581,188.595414196714,"GFPT1"
"LJP006 HT29 24H-HG-5-88-01-0.04","1/32",0.0221754973519546,0.0929117932771257,0,0,49.5161290322581,188.595414196714,"SORL1"
"CPC020 PC3 24H-piperacillin-10.0","1/32",0.0221754973519546,0.0929117932771257,0,0,49.5161290322581,188.595414196714,"ARHGEF18"
"LJP006 MCF7 3H-PI-103-0.37","1/32",0.0221754973519546,0.0929117932771257,0,0,49.5161290322581,188.595414196714,"SORL1"
"LJP006 MDAMB231 3H-torin-1-3.33","1/32",0.0221754973519546,0.0929117932771257,0,0,49.5161290322581,188.595414196714,"SORL1"
"CPC012 VCAP 6H-k784-3131-10.0","1/32",0.0221754973519546,0.0929117932771257,0,0,49.5161290322581,188.595414196714,"PLS1"
"LJP009 MCF7 24H-SB-239063-10","1/32",0.0221754973519546,0.0929117932771257,0,0,49.5161290322581,188.595414196714,"CORO1A"
"LJP005 BT20 3H-AZD-8330-0.04","1/32",0.0221754973519546,0.0929117932771257,0,0,49.5161290322581,188.595414196714,"ELF3"
"LJP007 HT29 24H-BS-181-10","1/32",0.0221754973519546,0.0929117932771257,0,0,49.5161290322581,188.595414196714,"SORL1"
"CPC006 PL21 6H-l-sulforophane-10.0","1/33",0.022861068741375,0.0929117932771257,0,0,47.9663461538462,181.232198769991,"GFPT1"
"CPC014 A549 24H-dm-100-10.0","1/33",0.022861068741375,0.0929117932771257,0,0,47.9663461538462,181.232198769991,"CORO1A"
"CPC006 RMUGS 6H-chemistry 2804-10.0","1/33",0.022861068741375,0.0929117932771257,0,0,47.9663461538462,181.232198769991,"CORO1A"
"LJP008 MCF7 24H-PD-0325901-0.12","1/33",0.022861068741375,0.0929117932771257,0,0,47.9663461538462,181.232198769991,"SORL1"
"CPC002 HCC515 6H-ag 825-10.0","1/33",0.022861068741375,0.0929117932771257,0,0,47.9663461538462,181.232198769991,"GFPT1"
"CPC002 VCAP 6H-pp 1-10.0","1/33",0.022861068741375,0.0929117932771257,0,0,47.9663461538462,181.232198769991,"PLS1"
"LJP005 MDAMB231 24H-AZD-8330-0.04","1/33",0.022861068741375,0.0929117932771257,0,0,47.9663461538462,181.232198769991,"PLAC8"
"CPC004 HCC515 6H-triciribine-10.0","1/33",0.022861068741375,0.0929117932771257,0,0,47.9663461538462,181.232198769991,"CORO1A"
"LJP005 SKBR3 24H-CP466722-1.11","1/33",0.022861068741375,0.0929117932771257,0,0,47.9663461538462,181.232198769991,"DDAH1"
"LJP005 SKBR3 3H-nilotinib-3.33","1/33",0.022861068741375,0.0929117932771257,0,0,47.9663461538462,181.232198769991,"SORL1"
"LJP005 SKBR3 3H-PIK-93-10","1/33",0.022861068741375,0.0929117932771257,0,0,47.9663461538462,181.232198769991,"PRKCB"
"CPC016 HT29 6H-vincristine sulfate-10.0","1/33",0.022861068741375,0.0929117932771257,0,0,47.9663461538462,181.232198769991,"GFPT1"
"CPC016 NPC 24H-nnc 05-2090 hydrochloride-10.0","1/33",0.022861068741375,0.0929117932771257,0,0,47.9663461538462,181.232198769991,"CORO1A"
"LJP006 A549 24H-gefitinib-10","1/33",0.022861068741375,0.0929117932771257,0,0,47.9663461538462,181.232198769991,"SELL"
"CPC005 A549 6H-ki 8751-10.0","1/33",0.022861068741375,0.0929117932771257,0,0,47.9663461538462,181.232198769991,"CORO1A"
"CPC017 HEPG2 6H-mibefradil dihydrochloride-10.0","1/33",0.022861068741375,0.0929117932771257,0,0,47.9663461538462,181.232198769991,"CORO1A"
"CPC005 HA1E 6H-gsk-3 inhibitor ii-10.0","1/33",0.022861068741375,0.0929117932771257,0,0,47.9663461538462,181.232198769991,"CORO1A"
"CPC017 HT29 6H-kf 38789-10.0","1/33",0.022861068741375,0.0929117932771257,0,0,47.9663461538462,181.232198769991,"GFPT1"
"CPC017 NPC 24H-dy131-10.0","1/33",0.022861068741375,0.0929117932771257,0,0,47.9663461538462,181.232198769991,"CORO1A"
"CPC018 HEPG2 6H-strophanthidin-10.0","1/33",0.022861068741375,0.0929117932771257,0,0,47.9663461538462,181.232198769991,"CORO1A"
"CPC018 MCF7 6H-quercetin-10.0","1/33",0.022861068741375,0.0929117932771257,0,0,47.9663461538462,181.232198769991,"CORO1A"
"CPC009 VCAP 6H-BRD-K00313977-10.0","1/33",0.022861068741375,0.0929117932771257,0,0,47.9663461538462,181.232198769991,"CORO1A"
"CPC019 HA1E 6H-BRD-K99380810-10.0","1/33",0.022861068741375,0.0929117932771257,0,0,47.9663461538462,181.232198769991,"CORO1A"
"CPC010 MCF7 24H-BRD-K86492010-10.0","1/33",0.022861068741375,0.0929117932771257,0,0,47.9663461538462,181.232198769991,"CORO1A"
"CPC011 PC3 24H-halometasone-10.0","1/33",0.022861068741375,0.0929117932771257,0,0,47.9663461538462,181.232198769991,"PLS1"
"CPC011 PC3 24H-tropisetron hcl-10.0","1/33",0.022861068741375,0.0929117932771257,0,0,47.9663461538462,181.232198769991,"PLS1"
"LJP006 LNCAP 3H-AZD-7762-1.11","1/33",0.022861068741375,0.0929117932771257,0,0,47.9663461538462,181.232198769991,"EPB41L4B"
"CPD001 MCF7 6H-trimethobenzamide hydrochloride-10.0","1/33",0.022861068741375,0.0929117932771257,0,0,47.9663461538462,181.232198769991,"ARHGEF18"
"CPD001 MCF7 6H-methapyrilene hydrochloride-10.0","1/33",0.022861068741375,0.0929117932771257,0,0,47.9663461538462,181.232198769991,"ARHGEF18"
"CPC006 HEPG2 6H-temsirolimus [ci779]-10.0","1/33",0.022861068741375,0.0929117932771257,0,0,47.9663461538462,181.232198769991,"CORO1A"
"CPC006 HEPG2 6H-BRD-K01868942-160.0","1/33",0.022861068741375,0.0929117932771257,0,0,47.9663461538462,181.232198769991,"CORO1A"
"CPD001 MCF7 6H-adenosine 5'-monophosphate monohydrate-10.0","1/33",0.022861068741375,0.0929117932771257,0,0,47.9663461538462,181.232198769991,"ARHGEF18"
"LJP006 MDAMB231 24H-PD-173074-10","1/33",0.022861068741375,0.0929117932771257,0,0,47.9663461538462,181.232198769991,"PLAC8"
"CPC013 A549 24H-s1154-10.0","1/33",0.022861068741375,0.0929117932771257,0,0,47.9663461538462,181.232198769991,"CORO1A"
"LJP006 SKBR3 3H-GSK-1059615-3.33","1/33",0.022861068741375,0.0929117932771257,0,0,47.9663461538462,181.232198769991,"PRKCB"
"LJP005 HEPG2 24H-LDN-193189-1.11","1/34",0.0235461938251205,0.0929117932771257,0,0,46.5104895104895,174.358108789193,"SORL1"
"LJP008 MCF7 24H-pracinostat-0.04","1/34",0.0235461938251205,0.0929117932771257,0,0,46.5104895104895,174.358108789193,"PLAC8"
"CPC001 VCAP 6H-norethindrone-10.0","1/34",0.0235461938251205,0.0929117932771257,0,0,46.5104895104895,174.358108789193,"GFPT1"
"LJP008 HT29 24H-LY2603618-10","1/34",0.0235461938251205,0.0929117932771257,0,0,46.5104895104895,174.358108789193,"ELF3"
"LJP005 HT29 24H-WH-4-025-0.37","1/34",0.0235461938251205,0.0929117932771257,0,0,46.5104895104895,174.358108789193,"SELL"
"CPC006 VCAP 6H-hli 373-10.0","1/34",0.0235461938251205,0.0929117932771257,0,0,46.5104895104895,174.358108789193,"CORO1A"
"CPC004 HA1E 6H-gr 113808-10.0","1/34",0.0235461938251205,0.0929117932771257,0,0,46.5104895104895,174.358108789193,"ARHGEF18"
"LJP005 SKBR3 3H-PIK-93-3.33","1/34",0.0235461938251205,0.0929117932771257,0,0,46.5104895104895,174.358108789193,"EPB41L4B"
"LJP006 HEPG2 24H-withaferin-a-10","1/34",0.0235461938251205,0.0929117932771257,0,0,46.5104895104895,174.358108789193,"SORL1"
"LJP006 HME1 3H-OSI-027-0.12","1/34",0.0235461938251205,0.0929117932771257,0,0,46.5104895104895,174.358108789193,"PLS1"
"LJP006 HS578T 3H-AZD-8055-0.04","1/34",0.0235461938251205,0.0929117932771257,0,0,46.5104895104895,174.358108789193,"PRKCB"
"LJP006 HT29 24H-WYE-125132-0.37","1/34",0.0235461938251205,0.0929117932771257,0,0,46.5104895104895,174.358108789193,"PLAC8"
"CPC011 PC3 6H-diphenylcyclopropenone-10.0","1/34",0.0235461938251205,0.0929117932771257,0,0,46.5104895104895,174.358108789193,"GFPT1"
"CPC020 PC3 6H-BRD-A50774520-10.0","1/34",0.0235461938251205,0.0929117932771257,0,0,46.5104895104895,174.358108789193,"GFPT1"
"LJP006 MDAMB231 24H-AZD-8055-0.04","1/34",0.0235461938251205,0.0929117932771257,0,0,46.5104895104895,174.358108789193,"PRKCB"
"LJP006 MDAMB231 3H-KIN001-043-3.33","1/34",0.0235461938251205,0.0929117932771257,0,0,46.5104895104895,174.358108789193,"PLAC8"
"LJP005 A375 24H-NU-7441-3.33","1/34",0.0235461938251205,0.0929117932771257,0,0,46.5104895104895,174.358108789193,"PLAC8"
"LJP009 PC3 24H-RAF 265-10","1/34",0.0235461938251205,0.0929117932771257,0,0,46.5104895104895,174.358108789193,"PLAC8"
"CPC013 ASC 24H-BRD-K89558221-10.0","1/34",0.0235461938251205,0.0929117932771257,0,0,46.5104895104895,174.358108789193,"CORO1A"
"LJP009 MCF7 24H-KIN001-055-1.11","1/34",0.0235461938251205,0.0929117932771257,0,0,46.5104895104895,174.358108789193,"SORL1"
"LJP007 A375 24H-OSI-930-10","1/34",0.0235461938251205,0.0929117932771257,0,0,46.5104895104895,174.358108789193,"SORL1"
"LJP007 A375 24H-AZD4547-3.33","1/34",0.0235461938251205,0.0929117932771257,0,0,46.5104895104895,174.358108789193,"PLAC8"
"LJP009 HT29 24H-XMD-892-3.33","1/34",0.0235461938251205,0.0929117932771257,0,0,46.5104895104895,174.358108789193,"SORL1"
"LJP009 HEPG2 24H-JNK-IN-5A-0.37","1/34",0.0235461938251205,0.0929117932771257,0,0,46.5104895104895,174.358108789193,"PLAC8"
"LJP009 HEPG2 24H-ALW-II-38-3-0.12","1/34",0.0235461938251205,0.0929117932771257,0,0,46.5104895104895,174.358108789193,"SORL1"
"LJP007 HA1E 24H-tivozanib-3.33","1/34",0.0235461938251205,0.0929117932771257,0,0,46.5104895104895,174.358108789193,"LAT2"
"LJP007 HEPG2 24H-pazopanib-3.33","1/34",0.0235461938251205,0.0929117932771257,0,0,46.5104895104895,174.358108789193,"CORO1A"
"LJP009 HCC515 24H-JNK-IN-5A-3.33","1/34",0.0235461938251205,0.0929117932771257,0,0,46.5104895104895,174.358108789193,"ELF3"
"CPC013 SKB 24H-BRD-K07395346-10.0","1/34",0.0235461938251205,0.0929117932771257,0,0,46.5104895104895,174.358108789193,"CORO1A"
"LJP009 HA1E 24H-PD-0325901-10","1/34",0.0235461938251205,0.0929117932771257,0,0,46.5104895104895,174.358108789193,"CORO1A"
"CPC006 RMUGS 6H-nsc 95397-10.0","1/35",0.0242308728650599,0.0929117932771257,0,0,45.1402714932127,167.927575299859,"CORO1A"
"CPC014 HT29 6H-s1527-10.0","1/35",0.0242308728650599,0.0929117932771257,0,0,45.1402714932127,167.927575299859,"GFPT1"
"CPC002 VCAP 6H-medrysone-10.0","1/35",0.0242308728650599,0.0929117932771257,0,0,45.1402714932127,167.927575299859,"CORO1A"
"CPC002 VCAP 6H-mefexamide hydrochloride-10.0","1/35",0.0242308728650599,0.0929117932771257,0,0,45.1402714932127,167.927575299859,"GFPT1"
"CPC006 VCAP 6H-BRD-K02113016-44.4","1/35",0.0242308728650599,0.0929117932771257,0,0,45.1402714932127,167.927575299859,"CORO1A"
"LJP005 MCF10A 3H-BX-912-10","1/35",0.0242308728650599,0.0929117932771257,0,0,45.1402714932127,167.927575299859,"EPB41L4B"
"CPC015 ASC 24H-oxibendazole-10.0","1/35",0.0242308728650599,0.0929117932771257,0,0,45.1402714932127,167.927575299859,"ARHGEF18"
"LJP005 MDAMB231 3H-TG-101348-0.37","1/35",0.0242308728650599,0.0929117932771257,0,0,45.1402714932127,167.927575299859,"SORL1"
"LJP005 SKBR3 3H-NVP-AEW541-10","1/35",0.0242308728650599,0.0929117932771257,0,0,45.1402714932127,167.927575299859,"PLAC8"
"CPC004 VCAP 6H-chlormadinone acetate-10.0","1/35",0.0242308728650599,0.0929117932771257,0,0,45.1402714932127,167.927575299859,"GFPT1"
"CPC005 A549 24H-hydrocortisone phosphate triethylamine-10.0","1/35",0.0242308728650599,0.0929117932771257,0,0,45.1402714932127,167.927575299859,"CORO1A"
"LJP006 BT20 3H-JW-7-24-1-0.04","1/35",0.0242308728650599,0.0929117932771257,0,0,45.1402714932127,167.927575299859,"PLAC8"
"CPC017 NPC 24H-w-9 hydrochloride-10.0","1/35",0.0242308728650599,0.0929117932771257,0,0,45.1402714932127,167.927575299859,"CORO1A"
"CPC017 PHH 24H-BRD-K23478508 (digoxin)-10.0","1/35",0.0242308728650599,0.0929117932771257,0,0,45.1402714932127,167.927575299859,"PLS1"
"LJP006 HCC515 24H-canertinib-0.12","1/35",0.0242308728650599,0.0929117932771257,0,0,45.1402714932127,167.927575299859,"PLAC8"
"CPC018 HEPG2 6H-cymarin-10.0","1/35",0.0242308728650599,0.0929117932771257,0,0,45.1402714932127,167.927575299859,"CORO1A"
"CPC009 PC3 24H-vu0365118-1-10.0","1/35",0.0242308728650599,0.0929117932771257,0,0,45.1402714932127,167.927575299859,"GFPT1"
"CPC010 VCAP 24H-BRD-K41845021-10.0","1/35",0.0242308728650599,0.0929117932771257,0,0,45.1402714932127,167.927575299859,"PLS1"
"LJP006 MCF7 3H-XMD-1150-3.33","1/35",0.0242308728650599,0.0929117932771257,0,0,45.1402714932127,167.927575299859,"PLAC8"
"CPD001 MCF7 6H-priscoline-10.0","1/35",0.0242308728650599,0.0929117932771257,0,0,45.1402714932127,167.927575299859,"ARHGEF18"
"LJP006 MDAMB231 3H-nintedanib-3.33","1/35",0.0242308728650599,0.0929117932771257,0,0,45.1402714932127,167.927575299859,"PLAC8"
"LJP006 PC3 24H-AS-605240-0.37","1/35",0.0242308728650599,0.0929117932771257,0,0,45.1402714932127,167.927575299859,"SORL1"
"CPC013 A549 24H-s1040-10.0","1/35",0.0242308728650599,0.0929117932771257,0,0,45.1402714932127,167.927575299859,"CORO1A"
"LJP009 PC3 24H-dabrafenib-1.11","1/35",0.0242308728650599,0.0929117932771257,0,0,45.1402714932127,167.927575299859,"PLAC8"
"LJP009 MCF7 24H-D-4476-0.12","1/35",0.0242308728650599,0.0929117932771257,0,0,45.1402714932127,167.927575299859,"SORL1"
"CPC006 PC3 6H-dg-041-40.0","1/35",0.0242308728650599,0.0929117932771257,0,0,45.1402714932127,167.927575299859,"CORO1A"
"CPC006 PL21 6H-tl hras26 brd-k01877528-10.0","1/36",0.0249151061269709,0.0929117932771257,0,0,43.8483516483516,161.900435133039,"PLS1"
"LJP008 A375 24H-MK-1775-1.11","1/36",0.0249151061269709,0.0929117932771257,0,0,43.8483516483516,161.900435133039,"SORL1"
"LJP008 HA1E 24H-RG-108-0.37","1/36",0.0249151061269709,0.0929117932771257,0,0,43.8483516483516,161.900435133039,"SORL1"
"LJP008 HA1E 24H-decitabine-0.37","1/36",0.0249151061269709,0.0929117932771257,0,0,43.8483516483516,161.900435133039,"SORL1"
"CPC014 PC3 24H-rp1782780025-10.0","1/36",0.0249151061269709,0.0929117932771257,0,0,43.8483516483516,161.900435133039,"ARHGEF18"
"CPC006 VCAP 24H-BRD-K04853698-10.0","1/36",0.0249151061269709,0.0929117932771257,0,0,43.8483516483516,161.900435133039,"PLS1"
"LJP005 MCF10A 3H-nilotinib-10","1/36",0.0249151061269709,0.0929117932771257,0,0,43.8483516483516,161.900435133039,"PLAC8"
"LJP005 MCF10A 3H-PIK-93-10","1/36",0.0249151061269709,0.0929117932771257,0,0,43.8483516483516,161.900435133039,"SELL"
"CPC015 A549 24H-ro 04-6790-10.0","1/36",0.0249151061269709,0.0929117932771257,0,0,43.8483516483516,161.900435133039,"CORO1A"
"LJP005 MDAMB231 3H-PD-184352-0.12","1/36",0.0249151061269709,0.0929117932771257,0,0,43.8483516483516,161.900435133039,"SORL1"
"LJP005 MDAMB231 3H-radicicol-0.37","1/36",0.0249151061269709,0.0929117932771257,0,0,43.8483516483516,161.900435133039,"SORL1"
"LJP005 SKBR3 3H-NVP-BEZ235-1.11","1/36",0.0249151061269709,0.0929117932771257,0,0,43.8483516483516,161.900435133039,"PRKCB"
"CPC016 NPC 24H-wiskostatin-10.0","1/36",0.0249151061269709,0.0929117932771257,0,0,43.8483516483516,161.900435133039,"CORO1A"
"CPC017 NPC 24H-syk inhibitor-10.0","1/36",0.0249151061269709,0.0929117932771257,0,0,43.8483516483516,161.900435133039,"CORO1A"
"CPC005 PC3 6H-fluorometholone-10.0","1/36",0.0249151061269709,0.0929117932771257,0,0,43.8483516483516,161.900435133039,"ARHGEF18"
"CPC005 VCAP 6H-norethindrone acetate-10.0","1/36",0.0249151061269709,0.0929117932771257,0,0,43.8483516483516,161.900435133039,"GFPT1"
"LJP006 HME1 3H-torin-1-0.37","1/36",0.0249151061269709,0.0929117932771257,0,0,43.8483516483516,161.900435133039,"PLAC8"
"LJP006 HS578T 3H-MK-2206-10","1/36",0.0249151061269709,0.0929117932771257,0,0,43.8483516483516,161.900435133039,"SELL"
"CPC006 EFO27 6H-(-)-gallocatechin gallate-88.8","1/36",0.0249151061269709,0.0929117932771257,0,0,43.8483516483516,161.900435133039,"GFPT1"
"CPC010 VCAP 24H-BRD-K43913647-10.0","1/36",0.0249151061269709,0.0929117932771257,0,0,43.8483516483516,161.900435133039,"PLS1"
"CPC011 VCAP 24H-oligomycin c-10.0","1/36",0.0249151061269709,0.0929117932771257,0,0,43.8483516483516,161.900435133039,"PLS1"
"CPC012 HA1E 6H-BRD-K95976153-10.0","1/36",0.0249151061269709,0.0929117932771257,0,0,43.8483516483516,161.900435133039,"GFPT1"
"CPD001 MCF7 6H-lomefloxacin hydrochloride-10.0","1/36",0.0249151061269709,0.0929117932771257,0,0,43.8483516483516,161.900435133039,"ARHGEF18"
"LJP009 PC3 24H-ponatinib-1.11","1/36",0.0249151061269709,0.0929117932771257,0,0,43.8483516483516,161.900435133039,"SORL1"
"LJP006 SKBR3 3H-OSI-027-10","1/36",0.0249151061269709,0.0929117932771257,0,0,43.8483516483516,161.900435133039,"PLAC8"
"LJP007 HCC515 24H-idelalisib-10","1/36",0.0249151061269709,0.0929117932771257,0,0,43.8483516483516,161.900435133039,"CORO1A"
"CPC013 PC3 24H-BRD-K83336168-10.0","1/36",0.0249151061269709,0.0929117932771257,0,0,43.8483516483516,161.900435133039,"GFPT1"
"LJP005 BT20 3H-crizotinib-0.04","1/36",0.0249151061269709,0.0929117932771257,0,0,43.8483516483516,161.900435133039,"PLAC8"
"LJP007 MCF7 24H-SB-525334-0.04","1/36",0.0249151061269709,0.0929117932771257,0,0,43.8483516483516,161.900435133039,"PLAC8"
"LJP005 HCC515 24H-crizotinib-10","1/37",0.0255988938754671,0.0929117932771257,0,0,42.6282051282051,156.241159020454,"SORL1"
"CPC001 PC3 24H-sb 225002-10.0","1/37",0.0255988938754671,0.0929117932771257,0,0,42.6282051282051,156.241159020454,"GFPT1"
"CPC014 HEPG2 6H-BRD-K39944607-10.0","1/37",0.0255988938754671,0.0929117932771257,0,0,42.6282051282051,156.241159020454,"CORO1A"
"LJP008 PC3 24H-decitabine-0.12","1/37",0.0255988938754671,0.0929117932771257,0,0,42.6282051282051,156.241159020454,"PLAC8"
"CPC001 VCAP 6H-aloisine-10.0","1/37",0.0255988938754671,0.0929117932771257,0,0,42.6282051282051,156.241159020454,"PLS1"
"CPC014 HT29 6H-s1176-10.0","1/37",0.0255988938754671,0.0929117932771257,0,0,42.6282051282051,156.241159020454,"GFPT1"
"LJP005 HS578T 3H-AZD-8330-10","1/37",0.0255988938754671,0.0929117932771257,0,0,42.6282051282051,156.241159020454,"PLAC8"
"CPC014 VCAP 24H-s1176-10.0","1/37",0.0255988938754671,0.0929117932771257,0,0,42.6282051282051,156.241159020454,"GFPT1"
"CPC007 HT29 24H-stock4s-72743-10.0","1/37",0.0255988938754671,0.0929117932771257,0,0,42.6282051282051,156.241159020454,"CORO1A"
"LJP005 SKBR3 24H-TG-101348-3.33","1/37",0.0255988938754671,0.0929117932771257,0,0,42.6282051282051,156.241159020454,"PLAC8"
"CPC004 MCF7 6H-pifithrin- ?-10.0","1/37",0.0255988938754671,0.0929117932771257,0,0,42.6282051282051,156.241159020454,"CORO1A"
"LJP005 SKBR3 3H-XMD16-144-1.11","1/37",0.0255988938754671,0.0929117932771257,0,0,42.6282051282051,156.241159020454,"SORL1"
"LJP005 SKBR3 3H-pelitinib-1.11","1/37",0.0255988938754671,0.0929117932771257,0,0,42.6282051282051,156.241159020454,"SELL"
"CPC016 SKB 24H-methyl 2,5-dihydroxycinnamate-10.0","1/37",0.0255988938754671,0.0929117932771257,0,0,42.6282051282051,156.241159020454,"GFPT1"
"LJP006 A549 24H-sirolimus-3.33","1/37",0.0255988938754671,0.0929117932771257,0,0,42.6282051282051,156.241159020454,"SELL"
"CPC017 A549 6H-syrosingopine-10.0","1/37",0.0255988938754671,0.0929117932771257,0,0,42.6282051282051,156.241159020454,"CORO1A"
"CPC008 HT29 6H-ncgc00182390-01-10.0","1/37",0.0255988938754671,0.0929117932771257,0,0,42.6282051282051,156.241159020454,"GFPT1"
"LJP006 BT20 3H-JNK-9L-1.11","1/37",0.0255988938754671,0.0929117932771257,0,0,42.6282051282051,156.241159020454,"ELF3"
"CPC017 NPC 24H-chlorpromazine-10.0","1/37",0.0255988938754671,0.0929117932771257,0,0,42.6282051282051,156.241159020454,"CORO1A"
"CPC019 HT29 6H-BRD-K91145395-10.0","1/37",0.0255988938754671,0.0929117932771257,0,0,42.6282051282051,156.241159020454,"GFPT1"
"LJP006 HS578T 3H-BMS-345541-0.37","1/37",0.0255988938754671,0.0929117932771257,0,0,42.6282051282051,156.241159020454,"PLAC8"
"LJP006 HT29 24H-WZ-4-145-1.11","1/37",0.0255988938754671,0.0929117932771257,0,0,42.6282051282051,156.241159020454,"CORO1A"
"CPC011 HT29 6H-vincristine-10.0","1/37",0.0255988938754671,0.0929117932771257,0,0,42.6282051282051,156.241159020454,"GFPT1"
"LJP006 LNCAP 3H-WYE-125132-1.11","1/37",0.0255988938754671,0.0929117932771257,0,0,42.6282051282051,156.241159020454,"PLAC8"
"LJP006 MCF10A 3H-NVP-TAE684-0.12","1/37",0.0255988938754671,0.0929117932771257,0,0,42.6282051282051,156.241159020454,"SORL1"
"CPC006 HCC515 6H-chaetocin-0.08","1/37",0.0255988938754671,0.0929117932771257,0,0,42.6282051282051,156.241159020454,"GFPT1"
"LJP006 MCF7 3H-torin-1-3.33","1/37",0.0255988938754671,0.0929117932771257,0,0,42.6282051282051,156.241159020454,"PRKCB"
"CPD001 MCF7 6H-clofazimine-10.0","1/37",0.0255988938754671,0.0929117932771257,0,0,42.6282051282051,156.241159020454,"ARHGEF18"
"LJP006 MDAMB231 3H-GDC-0941-10","1/37",0.0255988938754671,0.0929117932771257,0,0,42.6282051282051,156.241159020454,"SORL1"
"LJP006 PC3 24H-GW-843682X-1.11","1/37",0.0255988938754671,0.0929117932771257,0,0,42.6282051282051,156.241159020454,"SORL1"
"LJP007 A375 24H-NVP-TAE226-0.37","1/37",0.0255988938754671,0.0929117932771257,0,0,42.6282051282051,156.241159020454,"SORL1"
"LJP007 HA1E 24H-WZ-7043-1.11","1/37",0.0255988938754671,0.0929117932771257,0,0,42.6282051282051,156.241159020454,"SORL1"
"LJP009 HCC515 24H-ON-01910-0.12","1/37",0.0255988938754671,0.0929117932771257,0,0,42.6282051282051,156.241159020454,"PLS1"
"CPC006 PL21 6H-BRD-K08316444-0.63","1/38",0.0262822363843274,0.0929117932771257,0,0,41.4740124740125,150.918207591353,"GFPT1"
"LJP005 HEPG2 24H-WH-4-025-3.33","1/38",0.0262822363843274,0.0929117932771257,0,0,41.4740124740125,150.918207591353,"DDAH1"
"CPC014 HCC515 6H-st4062971-10.0","1/38",0.0262822363843274,0.0929117932771257,0,0,41.4740124740125,150.918207591353,"GFPT1"
"LJP008 HEPG2 24H-I-BET151-0.04","1/38",0.0262822363843274,0.0929117932771257,0,0,41.4740124740125,150.918207591353,"SORL1"
"CPC006 VCAP 24H-phorbol-12-myristate-13-acetate (pma)-10.0","1/38",0.0262822363843274,0.0929117932771257,0,0,41.4740124740125,150.918207591353,"CORO1A"
"CPC014 SKB 24H-s1018-10.0","1/38",0.0262822363843274,0.0929117932771257,0,0,41.4740124740125,150.918207591353,"CORO1A"
"CPC014 VCAP 6H-BRD-K68174511-10.0","1/38",0.0262822363843274,0.0929117932771257,0,0,41.4740124740125,150.918207591353,"CORO1A"
"CPC007 A375 24H-BRD-K79235952-10.0","1/38",0.0262822363843274,0.0929117932771257,0,0,41.4740124740125,150.918207591353,"GFPT1"
"CPC007 A375 6H-ncgc00183696-01-10.0","1/38",0.0262822363843274,0.0929117932771257,0,0,41.4740124740125,150.918207591353,"ARHGEF18"
"CPC007 A549 6H-ncgc00188700-01-10.0","1/38",0.0262822363843274,0.0929117932771257,0,0,41.4740124740125,150.918207591353,"DDAH1"
"LJP005 PC3 24H-XMD16-144-3.33","1/38",0.0262822363843274,0.0929117932771257,0,0,41.4740124740125,150.918207591353,"SORL1"
"LJP005 SKBR3 24H-WH-4-025-0.37","1/38",0.0262822363843274,0.0929117932771257,0,0,41.4740124740125,150.918207591353,"PLAC8"
"LJP005 SKBR3 24H-AZD-6482-1.11","1/38",0.0262822363843274,0.0929117932771257,0,0,41.4740124740125,150.918207591353,"SORL1"
"LJP005 SKBR3 3H-radicicol-10","1/38",0.0262822363843274,0.0929117932771257,0,0,41.4740124740125,150.918207591353,"SORL1"
"CPC005 A549 24H-lomatin-10.0","1/38",0.0262822363843274,0.0929117932771257,0,0,41.4740124740125,150.918207591353,"ARHGEF18"
"CPC005 A549 24H-fgin-1-27-10.0","1/38",0.0262822363843274,0.0929117932771257,0,0,41.4740124740125,150.918207591353,"CORO1A"
"CPC017 A549 6H-ag-879-10.0","1/38",0.0262822363843274,0.0929117932771257,0,0,41.4740124740125,150.918207591353,"CORO1A"
"LJP006 BT20 3H-gefitinib-0.04","1/38",0.0262822363843274,0.0929117932771257,0,0,41.4740124740125,150.918207591353,"SORL1"
"CPC005 PC3 6H-ala-ala-phe-cmk-10.0","1/38",0.0262822363843274,0.0929117932771257,0,0,41.4740124740125,150.918207591353,"ARHGEF18"
"LJP006 HCC515 24H-NVP-TAE684-0.12","1/38",0.0262822363843274,0.0929117932771257,0,0,41.4740124740125,150.918207591353,"PLAC8"
"CPC018 ASC 24H-ch 55-10.0","1/38",0.0262822363843274,0.0929117932771257,0,0,41.4740124740125,150.918207591353,"CORO1A"
"LJP006 HME1 3H-ZSTK-474-1.11","1/38",0.0262822363843274,0.0929117932771257,0,0,41.4740124740125,150.918207591353,"DDAH1"
"LJP006 HME1 3H-HG-5-88-01-0.37","1/38",0.0262822363843274,0.0929117932771257,0,0,41.4740124740125,150.918207591353,"SORL1"
"LJP006 HME1 3H-OSI-027-3.33","1/38",0.0262822363843274,0.0929117932771257,0,0,41.4740124740125,150.918207591353,"PLAC8"
"CPC006 A673 6H-BRD-K17140735-11.1","1/38",0.0262822363843274,0.0929117932771257,0,0,41.4740124740125,150.918207591353,"GFPT1"
"CPC006 CORL23 6H-BRD-K43620258-80.0","1/38",0.0262822363843274,0.0929117932771257,0,0,41.4740124740125,150.918207591353,"GFPT1"
"CPC020 HT29 6H-podofilox-10.0","1/38",0.0262822363843274,0.0929117932771257,0,0,41.4740124740125,150.918207591353,"GFPT1"
"LJP006 MCF10A 3H-JNK-9L-0.37","1/38",0.0262822363843274,0.0929117932771257,0,0,41.4740124740125,150.918207591353,"SORL1"
"CPC012 ASC 24H-BRD-K68588778-10.0","1/38",0.0262822363843274,0.0929117932771257,0,0,41.4740124740125,150.918207591353,"ARHGEF18"
"CPC012 HT29 6H-vu0418946-2-10.0","1/38",0.0262822363843274,0.0929117932771257,0,0,41.4740124740125,150.918207591353,"CORO1A"
"CPC006 HEPG2 6H-verapamil hydrochloride-10.0","1/38",0.0262822363843274,0.0929117932771257,0,0,41.4740124740125,150.918207591353,"CORO1A"
"LJP006 MCF7 3H-withaferin-a-3.33","1/38",0.0262822363843274,0.0929117932771257,0,0,41.4740124740125,150.918207591353,"SORL1"
"CPD001 MCF7 6H-oxantel pamoate-10.0","1/38",0.0262822363843274,0.0929117932771257,0,0,41.4740124740125,150.918207591353,"ARHGEF18"
"LJP006 MDAMB231 3H-QL-XII-47-0.37","1/38",0.0262822363843274,0.0929117932771257,0,0,41.4740124740125,150.918207591353,"PLS1"
"LJP006 SKBR3 3H-PI-103-1.11","1/38",0.0262822363843274,0.0929117932771257,0,0,41.4740124740125,150.918207591353,"PLAC8"
"LJP005 BT20 24H-AS-601245-3.33","1/38",0.0262822363843274,0.0929117932771257,0,0,41.4740124740125,150.918207591353,"ELF3"
"LJP007 HCC515 24H-tivozanib-1.11","1/38",0.0262822363843274,0.0929117932771257,0,0,41.4740124740125,150.918207591353,"CORO1A"
"LJP007 HCC515 24H-masitinib-10","1/38",0.0262822363843274,0.0929117932771257,0,0,41.4740124740125,150.918207591353,"PLAC8"
"LJP008 PC3 24H-pracinostat-0.37","1/39",0.0269651339122193,0.0929117932771257,0,0,40.3805668016194,145.903491357786,"SORL1"
"LJP005 MCF7 24H-dasatinib-3.33","1/39",0.0269651339122193,0.0929117932771257,0,0,40.3805668016194,145.903491357786,"PLAC8"
"CPC015 A549 24H-mitotane-10.0","1/39",0.0269651339122193,0.0929117932771257,0,0,40.3805668016194,145.903491357786,"ARHGEF18"
"LJP006 A549 24H-GSK-1904529A-10","1/39",0.0269651339122193,0.0929117932771257,0,0,40.3805668016194,145.903491357786,"PLAC8"
"LJP006 A549 24H-JW-7-24-1-1.11","1/39",0.0269651339122193,0.0929117932771257,0,0,40.3805668016194,145.903491357786,"PLAC8"
"CPC018 A549 6H-imd 0354-10.0","1/39",0.0269651339122193,0.0929117932771257,0,0,40.3805668016194,145.903491357786,"GFPT1"
"LJP006 HS578T 3H-dasatinib-0.37","1/39",0.0269651339122193,0.0929117932771257,0,0,40.3805668016194,145.903491357786,"DDAH1"
"CPC010 MCF7 6H-cyproheptadine hydrochloride-10.0","1/39",0.0269651339122193,0.0929117932771257,0,0,40.3805668016194,145.903491357786,"GFPT1"
"LJP006 LNCAP 24H-GW-843682X-10","1/39",0.0269651339122193,0.0929117932771257,0,0,40.3805668016194,145.903491357786,"SORL1"
"CPC006 HA1E 6H-wortmannin-10.0","1/39",0.0269651339122193,0.0929117932771257,0,0,40.3805668016194,145.903491357786,"CORO1A"
"LJP006 MCF10A 24H-OSI-027-0.12","1/39",0.0269651339122193,0.0929117932771257,0,0,40.3805668016194,145.903491357786,"PLAC8"
"LJP006 MCF10A 3H-XMD-1150-1.11","1/39",0.0269651339122193,0.0929117932771257,0,0,40.3805668016194,145.903491357786,"EPB41L4B"
"LJP006 MCF10A 3H-PF-562271-0.37","1/39",0.0269651339122193,0.0929117932771257,0,0,40.3805668016194,145.903491357786,"SORL1"
"CPC006 HCC515 6H-salermide-120.0","1/39",0.0269651339122193,0.0929117932771257,0,0,40.3805668016194,145.903491357786,"GFPT1"
"CPC012 HT29 6H-BRD-K86472598-10.0","1/39",0.0269651339122193,0.0929117932771257,0,0,40.3805668016194,145.903491357786,"GFPT1"
"CPD001 MCF7 6H-sulfinpyrazone-10.0","1/39",0.0269651339122193,0.0929117932771257,0,0,40.3805668016194,145.903491357786,"ARHGEF18"
"LJP006 MDAMB231 24H-BI-2536-0.12","1/39",0.0269651339122193,0.0929117932771257,0,0,40.3805668016194,145.903491357786,"PLAC8"
"LJP006 MDAMB231 3H-nintedanib-10","1/39",0.0269651339122193,0.0929117932771257,0,0,40.3805668016194,145.903491357786,"PLAC8"
"CPC006 HT29 6H-chaetocin-0.08","1/39",0.0269651339122193,0.0929117932771257,0,0,40.3805668016194,145.903491357786,"GFPT1"
"LJP006 PC3 24H-torin-1-0.12","1/39",0.0269651339122193,0.0929117932771257,0,0,40.3805668016194,145.903491357786,"PRKCB"
"LJP006 PC3 24H-radicicol-0.12","1/39",0.0269651339122193,0.0929117932771257,0,0,40.3805668016194,145.903491357786,"PLAC8"
"LJP009 MCF7 24H-ALW-II-38-3-1.11","1/39",0.0269651339122193,0.0929117932771257,0,0,40.3805668016194,145.903491357786,"SLCO2B1"
"LJP005 BT20 24H-brivanib-10","1/39",0.0269651339122193,0.0929117932771257,0,0,40.3805668016194,145.903491357786,"SORL1"
"CPC013 PC3 24H-BRD-K66254772-10.0","1/39",0.0269651339122193,0.0929117932771257,0,0,40.3805668016194,145.903491357786,"GFPT1"
"CPC013 VCAP 24H-BRD-K96167523-10.0","1/39",0.0269651339122193,0.0929117932771257,0,0,40.3805668016194,145.903491357786,"ARHGEF18"
"LJP005 HCC515 24H-GSK-1059615-10","1/40",0.0276475867285055,0.0929117932771257,0,0,39.3431952662722,141.171915560983,"SORL1"
"CPC014 HCC515 6H-s1018-10.0","1/40",0.0276475867285055,0.0929117932771257,0,0,39.3431952662722,141.171915560983,"GFPT1"
"CPC014 HCC515 6H-e3380-10.0","1/40",0.0276475867285055,0.0929117932771257,0,0,39.3431952662722,141.171915560983,"GFPT1"
"CPC006 SKM1 6H-BRD-K73261812-10.0","1/40",0.0276475867285055,0.0929117932771257,0,0,39.3431952662722,141.171915560983,"CORO1A"
"LJP005 HS578T 24H-radicicol-0.37","1/40",0.0276475867285055,0.0929117932771257,0,0,39.3431952662722,141.171915560983,"PLS1"
"LJP005 HS578T 3H-WH-4-025-0.12","1/40",0.0276475867285055,0.0929117932771257,0,0,39.3431952662722,141.171915560983,"PLAC8"
"LJP005 MCF7 3H-GDC-0980-10","1/40",0.0276475867285055,0.0929117932771257,0,0,39.3431952662722,141.171915560983,"EPB41L4B"
"LJP005 MDAMB231 3H-AS-601245-1.11","1/40",0.0276475867285055,0.0929117932771257,0,0,39.3431952662722,141.171915560983,"PLAC8"
"CPC007 A549 6H-ncgc00183255-01-10.0","1/40",0.0276475867285055,0.0929117932771257,0,0,39.3431952662722,141.171915560983,"GFPT1"
"CPC015 NPC 24H-oxibendazole-10.0","1/40",0.0276475867285055,0.0929117932771257,0,0,39.3431952662722,141.171915560983,"GFPT1"
"LJP005 SKBR3 24H-PF-431396-1.11","1/40",0.0276475867285055,0.0929117932771257,0,0,39.3431952662722,141.171915560983,"CORO1A"
"CPC016 NEU 24H-su 5416-10.0","1/40",0.0276475867285055,0.0929117932771257,0,0,39.3431952662722,141.171915560983,"ARHGEF18"
"LJP006 A549 24H-PD-0325901-0.04","1/40",0.0276475867285055,0.0929117932771257,0,0,39.3431952662722,141.171915560983,"DDAH1"
"LJP006 HEPG2 24H-KIN001-043-0.04","1/40",0.0276475867285055,0.0929117932771257,0,0,39.3431952662722,141.171915560983,"SORL1"
"CPC019 HCC515 6H-BRD-K44510578-10.0","1/40",0.0276475867285055,0.0929117932771257,0,0,39.3431952662722,141.171915560983,"CORO1A"
"LJP006 HS578T 3H-GDC-0941-3.33","1/40",0.0276475867285055,0.0929117932771257,0,0,39.3431952662722,141.171915560983,"PLAC8"
"CPC020 HT29 6H-BRD-A83124583-10.0","1/40",0.0276475867285055,0.0929117932771257,0,0,39.3431952662722,141.171915560983,"GFPT1"
"CPC012 ASC 24H-BRD-K41924482-10.0","1/40",0.0276475867285055,0.0929117932771257,0,0,39.3431952662722,141.171915560983,"CORO1A"
"CPC012 HCC515 6H-BRD-A51777634-10.0","1/40",0.0276475867285055,0.0929117932771257,0,0,39.3431952662722,141.171915560983,"CORO1A"
"CPC006 HCC515 6H-trifluoperazine dihydrochloride-10.0","1/40",0.0276475867285055,0.0929117932771257,0,0,39.3431952662722,141.171915560983,"CORO1A"
"CPC006 HEPG2 6H-np-001236-40.0","1/40",0.0276475867285055,0.0929117932771257,0,0,39.3431952662722,141.171915560983,"CORO1A"
"LJP006 MDAMB231 3H-PD-0325901-0.04","1/40",0.0276475867285055,0.0929117932771257,0,0,39.3431952662722,141.171915560983,"SORL1"
"LJP006 PC3 24H-HG-6-64-01-0.12","1/40",0.0276475867285055,0.0929117932771257,0,0,39.3431952662722,141.171915560983,"PLAC8"
"LJP009 PC3 24H-KIN001-220-10","1/40",0.0276475867285055,0.0929117932771257,0,0,39.3431952662722,141.171915560983,"CORO1A"
"LJP009 PC3 24H-VX-745-1.11","1/40",0.0276475867285055,0.0929117932771257,0,0,39.3431952662722,141.171915560983,"ELF3"
"LJP009 PC3 24H-MLN-8054-0.12","1/40",0.0276475867285055,0.0929117932771257,0,0,39.3431952662722,141.171915560983,"PLS1"
"LJP005 BT20 24H-AS-601245-1.11","1/40",0.0276475867285055,0.0929117932771257,0,0,39.3431952662722,141.171915560983,"PLAC8"
"LJP007 HCC515 24H-NVP-TAE226-0.12","1/40",0.0276475867285055,0.0929117932771257,0,0,39.3431952662722,141.171915560983,"CORO1A"
"CPC013 NPC 24H-s1148-10.0","1/40",0.0276475867285055,0.0929117932771257,0,0,39.3431952662722,141.171915560983,"CORO1A"
"CPC006 NCIH2073 6H-imd 0354-10.0","1/40",0.0276475867285055,0.0929117932771257,0,0,39.3431952662722,141.171915560983,"CORO1A"
"CPC006 NCIH596 6H-ku-0063794-10.0","1/40",0.0276475867285055,0.0929117932771257,0,0,39.3431952662722,141.171915560983,"CORO1A"
"CPC013 SKB 24H-s1107-10.0","1/40",0.0276475867285055,0.0929117932771257,0,0,39.3431952662722,141.171915560983,"CORO1A"
"LJP007 MCF7 24H-PHA-767491-0.37","1/40",0.0276475867285055,0.0929117932771257,0,0,39.3431952662722,141.171915560983,"SORL1"
"CPC014 A549 6H-t5323840-10.0","1/41",0.0283295950973345,0.0929117932771257,0,0,38.3576923076923,136.700994896542,"CORO1A"
"LJP005 HCC515 24H-NU-7441-3.33","1/41",0.0283295950973345,0.0929117932771257,0,0,38.3576923076923,136.700994896542,"PLAC8"
"CPC001 HA1E 6H-cosmosiin-10.0","1/41",0.0283295950973345,0.0929117932771257,0,0,38.3576923076923,136.700994896542,"GFPT1"
"CPC006 RMUGS 6H-chaetocin-0.08","1/41",0.0283295950973345,0.0929117932771257,0,0,38.3576923076923,136.700994896542,"GFPT1"
"LJP008 HA1E 24H-IOX2-0.37","1/41",0.0283295950973345,0.0929117932771257,0,0,38.3576923076923,136.700994896542,"SELL"
"LJP008 HT29 24H-azacitidine-3.33","1/41",0.0283295950973345,0.0929117932771257,0,0,38.3576923076923,136.700994896542,"CORO1A"
"CPC006 SW620 6H-arachidonyl trifluoro-methyl ketone-80.0","1/41",0.0283295950973345,0.0929117932771257,0,0,38.3576923076923,136.700994896542,"EPB41L4B"
"LJP005 HS578T 3H-HG-5-113-01-10","1/41",0.0283295950973345,0.0929117932771257,0,0,38.3576923076923,136.700994896542,"SELL"
"LJP008 HEPG2 24H-GSK-1059615-0.37","1/41",0.0283295950973345,0.0929117932771257,0,0,38.3576923076923,136.700994896542,"PLAC8"
"LJP008 HCC515 24H-sirolimus-10","1/41",0.0283295950973345,0.0929117932771257,0,0,38.3576923076923,136.700994896542,"PLS1"
"CPC014 VCAP 6H-bl-095-10.0","1/41",0.0283295950973345,0.0929117932771257,0,0,38.3576923076923,136.700994896542,"GFPT1"
"CPC004 HA1E 6H-meloxicam sodium-10.0","1/41",0.0283295950973345,0.0929117932771257,0,0,38.3576923076923,136.700994896542,"ARHGEF18"
"LJP005 MDAMB231 24H-PF-477736-10","1/41",0.0283295950973345,0.0929117932771257,0,0,38.3576923076923,136.700994896542,"PLAC8"
"LJP005 PC3 24H-enzastaurin-10","1/41",0.0283295950973345,0.0929117932771257,0,0,38.3576923076923,136.700994896542,"SORL1"
"LJP005 SKBR3 3H-TWS-119-10","1/41",0.0283295950973345,0.0929117932771257,0,0,38.3576923076923,136.700994896542,"EPB41L4B"
"LJP005 SKBR3 3H-linsitinib-10","1/41",0.0283295950973345,0.0929117932771257,0,0,38.3576923076923,136.700994896542,"SORL1"
"LJP006 HCC515 24H-OSI-027-3.33","1/41",0.0283295950973345,0.0929117932771257,0,0,38.3576923076923,136.700994896542,"PLAC8"
"CPC006 AGS 6H-dorsomorphin dihydrochloride-10.0","1/41",0.0283295950973345,0.0929117932771257,0,0,38.3576923076923,136.700994896542,"CORO1A"
"LJP006 HT29 24H-PHA-793887-0.37","1/41",0.0283295950973345,0.0929117932771257,0,0,38.3576923076923,136.700994896542,"SORL1"
"CPD001 MCF7 6H-debrisoquin sulfate-10.0","1/41",0.0283295950973345,0.0929117932771257,0,0,38.3576923076923,136.700994896542,"ARHGEF18"
"CPC012 NEU 24H-t7765-10.0","1/41",0.0283295950973345,0.0929117932771257,0,0,38.3576923076923,136.700994896542,"PLS1"
"LJP006 PC3 24H-HG-6-64-01-1.11","1/41",0.0283295950973345,0.0929117932771257,0,0,38.3576923076923,136.700994896542,"SORL1"
"LJP006 PC3 24H-CGP-60474-3.33","1/41",0.0283295950973345,0.0929117932771257,0,0,38.3576923076923,136.700994896542,"SORL1"
"LJP006 PC3 24H-sirolimus-3.33","1/41",0.0283295950973345,0.0929117932771257,0,0,38.3576923076923,136.700994896542,"PRKCB"
"LJP006 SKBR3 3H-linifanib-3.33","1/41",0.0283295950973345,0.0929117932771257,0,0,38.3576923076923,136.700994896542,"CD37"
"LJP009 MCF7 24H-PD-0325901-0.12","1/41",0.0283295950973345,0.0929117932771257,0,0,38.3576923076923,136.700994896542,"DDAH1"
"LJP006 SKBR3 3H-OSI-027-0.37","1/41",0.0283295950973345,0.0929117932771257,0,0,38.3576923076923,136.700994896542,"PLAC8"
"LJP006 SKBR3 3H-dasatinib-10","1/41",0.0283295950973345,0.0929117932771257,0,0,38.3576923076923,136.700994896542,"SORL1"
"LJP007 HA1E 24H-DCC-2036-3.33","1/41",0.0283295950973345,0.0929117932771257,0,0,38.3576923076923,136.700994896542,"CORO1A"
"CPC006 NCIH2073 6H-pac 1-10.0","1/41",0.0283295950973345,0.0929117932771257,0,0,38.3576923076923,136.700994896542,"CORO1A"
"CPC006 NCIH596 6H-phorbol-12-myristate-13-acetate (pma)-10.0","1/41",0.0283295950973345,0.0929117932771257,0,0,38.3576923076923,136.700994896542,"GFPT1"
"CPC013 VCAP 24H-BRD-A10523515-10.0","1/41",0.0283295950973345,0.0929117932771257,0,0,38.3576923076923,136.700994896542,"ARHGEF18"
"CPC001 HA1E 24H-zuclopenthixol hydrochloride-10.0","1/42",0.0290111592858413,0.0929117932771257,0,0,37.4202626641651,132.470525875165,"GFPT1"
"LJP005 HCC515 24H-PD-0325901-3.33","1/42",0.0290111592858413,0.0929117932771257,0,0,37.4202626641651,132.470525875165,"SORL1"
"CPC006 RMUGS 6H-BRD-K43620258-80.0","1/42",0.0290111592858413,0.0929117932771257,0,0,37.4202626641651,132.470525875165,"CORO1A"
"LJP008 PC3 24H-GSK-1059615-0.37","1/42",0.0290111592858413,0.0929117932771257,0,0,37.4202626641651,132.470525875165,"CORO1A"
"CPC002 PC3 24H-d-64131-10.0","1/42",0.0290111592858413,0.0929117932771257,0,0,37.4202626641651,132.470525875165,"GFPT1"
"CPC014 SKB 24H-BRD-K05104363-10.0","1/42",0.0290111592858413,0.0929117932771257,0,0,37.4202626641651,132.470525875165,"PLS1"
"LJP005 MCF10A 24H-WH-4-025-1.11","1/42",0.0290111592858413,0.0929117932771257,0,0,37.4202626641651,132.470525875165,"DDAH1"
"CPC007 A549 6H-psh 025-10.0","1/42",0.0290111592858413,0.0929117932771257,0,0,37.4202626641651,132.470525875165,"GFPT1"
"CPC004 HEPG2 6H-paroxetine hydrochloride-10.0","1/42",0.0290111592858413,0.0929117932771257,0,0,37.4202626641651,132.470525875165,"CORO1A"
"CPC004 HEPG2 6H-cgp 57380-10.0","1/42",0.0290111592858413,0.0929117932771257,0,0,37.4202626641651,132.470525875165,"CORO1A"
"CPC005 A549 6H-paxilline-10.0","1/42",0.0290111592858413,0.0929117932771257,0,0,37.4202626641651,132.470525875165,"ARHGEF18"
"LJP006 HCC515 24H-canertinib-1.11","1/42",0.0290111592858413,0.0929117932771257,0,0,37.4202626641651,132.470525875165,"SORL1"
"LJP006 HEPG2 24H-JW-7-24-1-1.11","1/42",0.0290111592858413,0.0929117932771257,0,0,37.4202626641651,132.470525875165,"SORL1"
"CPC019 A549 24H-BRD-K62818989-10.0","1/42",0.0290111592858413,0.0929117932771257,0,0,37.4202626641651,132.470525875165,"CORO1A"
"CPC006 A673 6H-tipifarnib-p2-10.0","1/42",0.0290111592858413,0.0929117932771257,0,0,37.4202626641651,132.470525875165,"CORO1A"
"CPC010 VCAP 6H-BRD-A18411371-10.0","1/42",0.0290111592858413,0.0929117932771257,0,0,37.4202626641651,132.470525875165,"PLS1"
"CPC011 A549 6H-mosapride-10.0","1/42",0.0290111592858413,0.0929117932771257,0,0,37.4202626641651,132.470525875165,"GFPT1"
"LJP006 LNCAP 3H-withaferin-a-10","1/42",0.0290111592858413,0.0929117932771257,0,0,37.4202626641651,132.470525875165,"SORL1"
"CPC012 A549 6H-k784-3131-10.0","1/42",0.0290111592858413,0.0929117932771257,0,0,37.4202626641651,132.470525875165,"GFPT1"
"LJP006 MCF7 3H-JNK-9L-1.11","1/42",0.0290111592858413,0.0929117932771257,0,0,37.4202626641651,132.470525875165,"PLAC8"
"CPD001 MCF7 6H-isoxsuprine hydrochloride-10.0","1/42",0.0290111592858413,0.0929117932771257,0,0,37.4202626641651,132.470525875165,"ARHGEF18"
"LJP006 MDAMB231 24H-GSK-1059615-10","1/42",0.0290111592858413,0.0929117932771257,0,0,37.4202626641651,132.470525875165,"PLAC8"
"LJP006 MDAMB231 3H-GSK-1059615-10","1/42",0.0290111592858413,0.0929117932771257,0,0,37.4202626641651,132.470525875165,"PLAC8"
"LJP005 A375 24H-neratinib-1.11","1/42",0.0290111592858413,0.0929117932771257,0,0,37.4202626641651,132.470525875165,"PLAC8"
"LJP009 MCF7 24H-dasatinib-0.37","1/42",0.0290111592858413,0.0929117932771257,0,0,37.4202626641651,132.470525875165,"PLAC8"
"CPC013 NPC 24H-BRD-K47764688-10.0","1/42",0.0290111592858413,0.0929117932771257,0,0,37.4202626641651,132.470525875165,"ARHGEF18"
"LJP009 HA1E 24H-PF 573228-10","1/42",0.0290111592858413,0.0929117932771257,0,0,37.4202626641651,132.470525875165,"SORL1"
"LJP009 HA1E 24H-ON-01910-0.37","1/42",0.0290111592858413,0.0929117932771257,0,0,37.4202626641651,132.470525875165,"ELF3"
"LJP009 A549 24H-tanespimycin-10","1/42",0.0290111592858413,0.0929117932771257,0,0,37.4202626641651,132.470525875165,"SELL"
"CPC014 HA1E 6H-BRD-U31801276-10.0","1/43",0.029692279563516,0.0929117932771257,0,0,36.5274725274725,128.462307081389,"PLS1"
"LJP008 MCF7 24H-MK-1775-10","1/43",0.029692279563516,0.0929117932771257,0,0,36.5274725274725,128.462307081389,"PLAC8"
"CPC014 MCF7 24H-BRD-K79404599-10.0","1/43",0.029692279563516,0.0929117932771257,0,0,36.5274725274725,128.462307081389,"PLS1"
"LJP008 HT29 24H-I-BET151-0.12","1/43",0.029692279563516,0.0929117932771257,0,0,36.5274725274725,128.462307081389,"SORL1"
"CPC002 HA1E 6H-nsc 632839 hydrochloride-10.0","1/43",0.029692279563516,0.0929117932771257,0,0,36.5274725274725,128.462307081389,"EPB41L4B"
"CPC006 SW620 6H-sb 225002-11.1","1/43",0.029692279563516,0.0929117932771257,0,0,36.5274725274725,128.462307081389,"GFPT1"
"CPC006 U937 6H-azd-7545-a-22.2","1/43",0.029692279563516,0.0929117932771257,0,0,36.5274725274725,128.462307081389,"CORO1A"
"CPC003 HCC515 24H-d 4476-10.0","1/43",0.029692279563516,0.0929117932771257,0,0,36.5274725274725,128.462307081389,"CORO1A"
"CPC014 VCAP 6H-t5212475-10.0","1/43",0.029692279563516,0.0929117932771257,0,0,36.5274725274725,128.462307081389,"PLS1"
"CPC014 VCAP 6H-t5323840-10.0","1/43",0.029692279563516,0.0929117932771257,0,0,36.5274725274725,128.462307081389,"PLS1"
"CPC004 HA1E 24H-clobetasol propionate-10.0","1/43",0.029692279563516,0.0929117932771257,0,0,36.5274725274725,128.462307081389,"CORO1A"
"LJP005 MDAMB231 24H-WH-4-025-3.33","1/43",0.029692279563516,0.0929117932771257,0,0,36.5274725274725,128.462307081389,"PLAC8"
"CPC007 VCAP 6H-BRD-K05326558-10.0","1/43",0.029692279563516,0.0929117932771257,0,0,36.5274725274725,128.462307081389,"PLS1"
"LJP005 SKBR3 3H-NU-7441-10","1/43",0.029692279563516,0.0929117932771257,0,0,36.5274725274725,128.462307081389,"PLAC8"
"LJP006 A375 24H-fostamatinib-10","1/43",0.029692279563516,0.0929117932771257,0,0,36.5274725274725,128.462307081389,"PLAC8"
"LJP006 BT20 24H-AZD-7762-0.37","1/43",0.029692279563516,0.0929117932771257,0,0,36.5274725274725,128.462307081389,"ELF3"
"CPC017 NPC 24H-kirromycin-10.0","1/43",0.029692279563516,0.0929117932771257,0,0,36.5274725274725,128.462307081389,"ARHGEF18"
"CPC018 NPC 24H-butein-10.0","1/43",0.029692279563516,0.0929117932771257,0,0,36.5274725274725,128.462307081389,"CORO1A"
"LJP006 HME1 3H-WYE-125132-0.37","1/43",0.029692279563516,0.0929117932771257,0,0,36.5274725274725,128.462307081389,"SELL"
"LJP006 HME1 3H-withaferin-a-1.11","1/43",0.029692279563516,0.0929117932771257,0,0,36.5274725274725,128.462307081389,"SORL1"
"CPC019 A549 24H-bjm-csc-19 brd-k92817986-10.0","1/43",0.029692279563516,0.0929117932771257,0,0,36.5274725274725,128.462307081389,"CORO1A"
"CPC010 HT29 6H-BRD-A18411371-10.0","1/43",0.029692279563516,0.0929117932771257,0,0,36.5274725274725,128.462307081389,"GFPT1"
"CPC019 MCF7 6H-BRD-K33045404-10.0","1/43",0.029692279563516,0.0929117932771257,0,0,36.5274725274725,128.462307081389,"CORO1A"
"CPC006 HA1E 6H-BRD-K94325918-10.0","1/43",0.029692279563516,0.0929117932771257,0,0,36.5274725274725,128.462307081389,"DDAH1"
"CPC012 HT29 6H-st056792-10.0","1/43",0.029692279563516,0.0929117932771257,0,0,36.5274725274725,128.462307081389,"GFPT1"
"LJP006 MDAMB231 3H-saracatinib-10","1/43",0.029692279563516,0.0929117932771257,0,0,36.5274725274725,128.462307081389,"PLAC8"
"LJP006 MDAMB231 3H-BI-2536-0.37","1/43",0.029692279563516,0.0929117932771257,0,0,36.5274725274725,128.462307081389,"PLAC8"
"CPC006 LOVO 6H-amiodarone hydrochloride-10.0","1/43",0.029692279563516,0.0929117932771257,0,0,36.5274725274725,128.462307081389,"GFPT1"
"LJP009 PC3 24H-MLN-8054-0.04","1/43",0.029692279563516,0.0929117932771257,0,0,36.5274725274725,128.462307081389,"CORO1A"
"LJP006 SKBR3 3H-mitoxantrone-0.37","1/43",0.029692279563516,0.0929117932771257,0,0,36.5274725274725,128.462307081389,"SORL1"
"LJP007 A375 24H-AT7867-0.37","1/43",0.029692279563516,0.0929117932771257,0,0,36.5274725274725,128.462307081389,"SORL1"
"LJP009 HEPG2 24H-dasatinib-3.33","1/43",0.029692279563516,0.0929117932771257,0,0,36.5274725274725,128.462307081389,"EPB41L4B"
"CPC006 NCIH596 6H-BRD-K56343971-10.0","1/43",0.029692279563516,0.0929117932771257,0,0,36.5274725274725,128.462307081389,"CORO1A"
"LJP007 HEPG2 24H-SB-216763-10","1/43",0.029692279563516,0.0929117932771257,0,0,36.5274725274725,128.462307081389,"SORL1"
"LJP007 MCF7 24H-GSK-1059615-0.04","1/43",0.029692279563516,0.0929117932771257,0,0,36.5274725274725,128.462307081389,"CORO1A"
"CPC014 A549 6H-s1266-10.0","1/44",0.0303729561855169,0.0929117932771257,0,0,35.6762075134168,124.659899393976,"CORO1A"
"CPC006 RMUGS 6H-BRD-K56411643-10.0","1/44",0.0303729561855169,0.0929117932771257,0,0,35.6762075134168,124.659899393976,"GFPT1"
"CPC014 HEPG2 6H-e3380-10.0","1/44",0.0303729561855169,0.0929117932771257,0,0,35.6762075134168,124.659899393976,"CORO1A"
"LJP008 MCF7 24H-GSK-1059615-1.11","1/44",0.0303729561855169,0.0929117932771257,0,0,35.6762075134168,124.659899393976,"CORO1A"
"CPC002 HA1E 6H-deoxycorticosterone-10.0","1/44",0.0303729561855169,0.0929117932771257,0,0,35.6762075134168,124.659899393976,"CORO1A"
"CPC014 NPC 24H-bl-079-10.0","1/44",0.0303729561855169,0.0929117932771257,0,0,35.6762075134168,124.659899393976,"CORO1A"
"LJP005 MCF10A 3H-NVP-AUY922-10","1/44",0.0303729561855169,0.0929117932771257,0,0,35.6762075134168,124.659899393976,"EPB41L4B"
"LJP005 MCF7 24H-GSK-1059615-1.11","1/44",0.0303729561855169,0.0929117932771257,0,0,35.6762075134168,124.659899393976,"PLAC8"
"CPC007 A549 6H-mls-0390982-10.0","1/44",0.0303729561855169,0.0929117932771257,0,0,35.6762075134168,124.659899393976,"GFPT1"
"CPC004 HCC515 24H-evista-10.0","1/44",0.0303729561855169,0.0929117932771257,0,0,35.6762075134168,124.659899393976,"CORO1A"
"LJP005 MDAMB231 3H-PD-184352-0.04","1/44",0.0303729561855169,0.0929117932771257,0,0,35.6762075134168,124.659899393976,"SORL1"
"LJP005 SKBR3 24H-nilotinib-10","1/44",0.0303729561855169,0.0929117932771257,0,0,35.6762075134168,124.659899393976,"CORO1A"
"CPC016 A549 24H-ag 957-10.0","1/44",0.0303729561855169,0.0929117932771257,0,0,35.6762075134168,124.659899393976,"CORO1A"
"LJP005 SKBR3 3H-SB590885-10","1/44",0.0303729561855169,0.0929117932771257,0,0,35.6762075134168,124.659899393976,"LAT2"
"LJP006 A549 24H-PHA-793887-1.11","1/44",0.0303729561855169,0.0929117932771257,0,0,35.6762075134168,124.659899393976,"SORL1"
"CPC008 HEPG2 6H-ncgc00242337-01-10.0","1/44",0.0303729561855169,0.0929117932771257,0,0,35.6762075134168,124.659899393976,"ARHGEF18"
"LJP006 A549 24H-JW-7-24-1-3.33","1/44",0.0303729561855169,0.0929117932771257,0,0,35.6762075134168,124.659899393976,"PLAC8"
"CPC017 HT29 6H-tyrphostin 47-10.0","1/44",0.0303729561855169,0.0929117932771257,0,0,35.6762075134168,124.659899393976,"GFPT1"
"LJP006 HCC515 24H-lapatinib-3.33","1/44",0.0303729561855169,0.0929117932771257,0,0,35.6762075134168,124.659899393976,"PLAC8"
"LJP006 HEPG2 24H-OSI-027-0.12","1/44",0.0303729561855169,0.0929117932771257,0,0,35.6762075134168,124.659899393976,"SORL1"
"LJP006 HME1 3H-geldanamycin-0.37","1/44",0.0303729561855169,0.0929117932771257,0,0,35.6762075134168,124.659899393976,"EPB41L4B"
"CPC006 A549 6H-bo2 (inhibits rad51)-40.0","1/44",0.0303729561855169,0.0929117932771257,0,0,35.6762075134168,124.659899393976,"GFPT1"
"LJP006 HME1 3H-BI-2536-3.33","1/44",0.0303729561855169,0.0929117932771257,0,0,35.6762075134168,124.659899393976,"PLAC8"
"CPC019 HCC515 6H-BRD-K74486276-10.0","1/44",0.0303729561855169,0.0929117932771257,0,0,35.6762075134168,124.659899393976,"CORO1A"
"CPC010 HT29 6H-mw-ras12-10.0","1/44",0.0303729561855169,0.0929117932771257,0,0,35.6762075134168,124.659899393976,"GFPT1"
"CPC010 HT29 6H-k784-3188-10.0","1/44",0.0303729561855169,0.0929117932771257,0,0,35.6762075134168,124.659899393976,"GFPT1"
"CPC011 PC3 6H-2-chloroadenosine-10.0","1/44",0.0303729561855169,0.0929117932771257,0,0,35.6762075134168,124.659899393976,"GFPT1"
"LJP006 MCF10A 3H-XMD11-85H-10","1/44",0.0303729561855169,0.0929117932771257,0,0,35.6762075134168,124.659899393976,"PLAC8"
"LJP006 MDAMB231 24H-QL-XII-47-1.11","1/44",0.0303729561855169,0.0929117932771257,0,0,35.6762075134168,124.659899393976,"PLAC8"
"LJP005 A549 24H-PHA-665752-10","1/44",0.0303729561855169,0.0929117932771257,0,0,35.6762075134168,124.659899393976,"ELF3"
"LJP006 SKBR3 24H-lapatinib-0.12","1/44",0.0303729561855169,0.0929117932771257,0,0,35.6762075134168,124.659899393976,"CORO1A"
"LJP006 SKBR3 3H-AZD-5438-1.11","1/44",0.0303729561855169,0.0929117932771257,0,0,35.6762075134168,124.659899393976,"DDAH1"
"LJP009 MCF7 24H-ZM-447439-1.11","1/44",0.0303729561855169,0.0929117932771257,0,0,35.6762075134168,124.659899393976,"CORO1A"
"LJP007 HT29 24H-DCC-2036-3.33","1/44",0.0303729561855169,0.0929117932771257,0,0,35.6762075134168,124.659899393976,"CORO1A"
"CPC014 A549 24H-s1035-10.0","1/45",0.031053189424305,0.0929117932771257,0,0,34.8636363636364,121.048419615512,"CORO1A"
"LJP005 HCC515 24H-tozasertib-10","1/45",0.031053189424305,0.0929117932771257,0,0,34.8636363636364,121.048419615512,"PLAC8"
"CPC014 HA1E 6H-axon1408-10.0","1/45",0.031053189424305,0.0929117932771257,0,0,34.8636363636364,121.048419615512,"PLS1"
"LJP008 HA1E 24H-belinostat-0.12","1/45",0.031053189424305,0.0929117932771257,0,0,34.8636363636364,121.048419615512,"DDAH1"
"CPC014 HCC515 6H-b4313-10.0","1/45",0.031053189424305,0.0929117932771257,0,0,34.8636363636364,121.048419615512,"GFPT1"
"LJP008 PC3 24H-(-)-JQ1-10","1/45",0.031053189424305,0.0929117932771257,0,0,34.8636363636364,121.048419615512,"SORL1"
"LJP008 MCF7 24H-LY2603618-1.11","1/45",0.031053189424305,0.0929117932771257,0,0,34.8636363636364,121.048419615512,"ELF3"
"CPC006 SNUC4 6H-arachidonyl trifluoro-methyl ketone-80.0","1/45",0.031053189424305,0.0929117932771257,0,0,34.8636363636364,121.048419615512,"GFPT1"
"CPC014 NPC 24H-s1035-10.0","1/45",0.031053189424305,0.0929117932771257,0,0,34.8636363636364,121.048419615512,"CORO1A"
"CPC002 PC3 24H-pp 2-10.0","1/45",0.031053189424305,0.0929117932771257,0,0,34.8636363636364,121.048419615512,"ARHGEF18"
"CPC002 VCAP 24H-t 0070907-10.0","1/45",0.031053189424305,0.0929117932771257,0,0,34.8636363636364,121.048419615512,"PLS1"
"CPC015 A375 6H-crotamiton-10.0","1/45",0.031053189424305,0.0929117932771257,0,0,34.8636363636364,121.048419615512,"ARHGEF18"
"LJP005 MCF7 3H-geldanamycin-10","1/45",0.031053189424305,0.0929117932771257,0,0,34.8636363636364,121.048419615512,"SORL1"
"LJP005 MDAMB231 24H-NVP-AUY922-3.33","1/45",0.031053189424305,0.0929117932771257,0,0,34.8636363636364,121.048419615512,"PLAC8"
"CPC008 A549 6H-ncgc00188773-01-10.0","1/45",0.031053189424305,0.0929117932771257,0,0,34.8636363636364,121.048419615512,"GFPT1"
"CPC005 A375 6H-dipropyldopamine-10.0","1/45",0.031053189424305,0.0929117932771257,0,0,34.8636363636364,121.048419615512,"GFPT1"
"CPC017 NPC 24H-flunarizine dihydrochloride-10.0","1/45",0.031053189424305,0.0929117932771257,0,0,34.8636363636364,121.048419615512,"GFPT1"
"LJP006 HCC515 24H-PF-562271-3.33","1/45",0.031053189424305,0.0929117932771257,0,0,34.8636363636364,121.048419615512,"SORL1"
"LJP006 HEPG2 24H-palbociclib-0.37","1/45",0.031053189424305,0.0929117932771257,0,0,34.8636363636364,121.048419615512,"SORL1"
"CPC006 A673 6H-ski ii-40.0","1/45",0.031053189424305,0.0929117932771257,0,0,34.8636363636364,121.048419615512,"GFPT1"
"LJP006 HS578T 3H-JW-7-24-1-3.33","1/45",0.031053189424305,0.0929117932771257,0,0,34.8636363636364,121.048419615512,"PRKCB"
"CPC010 VCAP 6H-mw-ras12-10.0","1/45",0.031053189424305,0.0929117932771257,0,0,34.8636363636364,121.048419615512,"PLS1"
"CPC019 PC3 24H-BRD-K98824517-10.0","1/45",0.031053189424305,0.0929117932771257,0,0,34.8636363636364,121.048419615512,"PLS1"
"CPC006 HEPG2 6H-rg 108-80.0","1/45",0.031053189424305,0.0929117932771257,0,0,34.8636363636364,121.048419615512,"GFPT1"
"LJP006 MDAMB231 24H-XMD-1150-0.37","1/45",0.031053189424305,0.0929117932771257,0,0,34.8636363636364,121.048419615512,"SORL1"
"LJP006 MDAMB231 3H-afatinib-10","1/45",0.031053189424305,0.0929117932771257,0,0,34.8636363636364,121.048419615512,"SORL1"
"LJP006 SKBR3 3H-QL-X-138-3.33","1/45",0.031053189424305,0.0929117932771257,0,0,34.8636363636364,121.048419615512,"PLAC8"
"LJP009 MCF7 24H-MLN-8054-1.11","1/45",0.031053189424305,0.0929117932771257,0,0,34.8636363636364,121.048419615512,"SORL1"
"LJP007 HA1E 24H-everolimus-0.04","1/45",0.031053189424305,0.0929117932771257,0,0,34.8636363636364,121.048419615512,"SORL1"
"LJP007 HEPG2 24H-PD-0325901-10","1/45",0.031053189424305,0.0929117932771257,0,0,34.8636363636364,121.048419615512,"SORL1"
"LJP007 HEPG2 24H-INK-128-0.12","1/45",0.031053189424305,0.0929117932771257,0,0,34.8636363636364,121.048419615512,"PRKCB"
"LJP007 HEPG2 24H-HG-9-91-01-10","1/45",0.031053189424305,0.0929117932771257,0,0,34.8636363636364,121.048419615512,"SORL1"
"LJP009 HCC515 24H-KIN001-055-3.33","1/45",0.031053189424305,0.0929117932771257,0,0,34.8636363636364,121.048419615512,"EPB41L4B"
"LJP009 HA1E 24H-sunitinib-0.37","1/45",0.031053189424305,0.0929117932771257,0,0,34.8636363636364,121.048419615512,"CORO1A"
"LJP005 HCC515 24H-erlotinib-0.37","1/46",0.0317329795488299,0.0929117932771257,0,0,34.0871794871795,117.614362331671,"PLAC8"
"CPC014 HA1E 6H-BRD-K07061353-10.0","1/46",0.0317329795488299,0.0929117932771257,0,0,34.0871794871795,117.614362331671,"ARHGEF18"
"LJP005 HEPG2 24H-WZ-3105-0.37","1/46",0.0317329795488299,0.0929117932771257,0,0,34.0871794871795,117.614362331671,"SORL1"
"LJP008 PC3 24H-KU-55933-10","1/46",0.0317329795488299,0.0929117932771257,0,0,34.0871794871795,117.614362331671,"PLAC8"
"LJP005 HS578T 3H-NVP-BEZ235-1.11","1/46",0.0317329795488299,0.0929117932771257,0,0,34.0871794871795,117.614362331671,"PLAC8"
"CPC014 NPC 24H-BRD-U32365159-10.0","1/46",0.0317329795488299,0.0929117932771257,0,0,34.0871794871795,117.614362331671,"CORO1A"
"LJP008 HCC515 24H-MK-1775-0.37","1/46",0.0317329795488299,0.0929117932771257,0,0,34.0871794871795,117.614362331671,"SORL1"
"CPC014 SKB 24H-s1475-10.0","1/46",0.0317329795488299,0.0929117932771257,0,0,34.0871794871795,117.614362331671,"PLS1"
"LJP005 MCF10A 3H-NVP-AEW541-0.37","1/46",0.0317329795488299,0.0929117932771257,0,0,34.0871794871795,117.614362331671,"PLAC8"
"CPC006 VCAP 6H-r406-10.0","1/46",0.0317329795488299,0.0929117932771257,0,0,34.0871794871795,117.614362331671,"CORO1A"
"CPC003 VCAP 24H-boldine-10.0","1/46",0.0317329795488299,0.0929117932771257,0,0,34.0871794871795,117.614362331671,"CORO1A"
"CPC015 A549 24H-mdl 29951-10.0","1/46",0.0317329795488299,0.0929117932771257,0,0,34.0871794871795,117.614362331671,"CORO1A"
"LJP005 MDAMB231 3H-NVP-BEZ235-0.37","1/46",0.0317329795488299,0.0929117932771257,0,0,34.0871794871795,117.614362331671,"PRKCB"
"CPC007 PC3 24H-t5323840-10.0","1/46",0.0317329795488299,0.0929117932771257,0,0,34.0871794871795,117.614362331671,"PLS1"
"LJP006 A375 24H-gefitinib-0.37","1/46",0.0317329795488299,0.0929117932771257,0,0,34.0871794871795,117.614362331671,"SORL1"
"CPC004 VCAP 6H-nsc 663284-10.0","1/46",0.0317329795488299,0.0929117932771257,0,0,34.0871794871795,117.614362331671,"GFPT1"
"CPC005 A375 6H-dihydroergocristine-10.0","1/46",0.0317329795488299,0.0929117932771257,0,0,34.0871794871795,117.614362331671,"GFPT1"
"LJP006 BT20 24H-PHA-793887-0.37","1/46",0.0317329795488299,0.0929117932771257,0,0,34.0871794871795,117.614362331671,"SORL1"
"LJP006 HA1E 24H-NVP-TAE684-1.11","1/46",0.0317329795488299,0.0929117932771257,0,0,34.0871794871795,117.614362331671,"SORL1"
"LJP006 HEPG2 24H-gefitinib-3.33","1/46",0.0317329795488299,0.0929117932771257,0,0,34.0871794871795,117.614362331671,"DDAH1"
"CPC019 A549 24H-BRD-K53610452-10.0","1/46",0.0317329795488299,0.0929117932771257,0,0,34.0871794871795,117.614362331671,"PLS1"
"CPC010 HT29 6H-BRD-A37735495-10.0","1/46",0.0317329795488299,0.0929117932771257,0,0,34.0871794871795,117.614362331671,"GFPT1"
"LJP006 HS578T 3H-PI-103-3.33","1/46",0.0317329795488299,0.0929117932771257,0,0,34.0871794871795,117.614362331671,"PLAC8"
"CPC019 PC3 6H-BRD-K91145395-10.0","1/46",0.0317329795488299,0.0929117932771257,0,0,34.0871794871795,117.614362331671,"GFPT1"
"LJP006 MCF10A 3H-canertinib-10","1/46",0.0317329795488299,0.0929117932771257,0,0,34.0871794871795,117.614362331671,"ELF3"
"LJP006 MCF10A 3H-celastrol-1.11","1/46",0.0317329795488299,0.0929117932771257,0,0,34.0871794871795,117.614362331671,"SORL1"
"CPC006 HCC515 6H-rho kinase inhibitor iii [rockout]-10.0","1/46",0.0317329795488299,0.0929117932771257,0,0,34.0871794871795,117.614362331671,"CORO1A"
"CPC006 HCC515 6H-BRD-K94325918-10.0","1/46",0.0317329795488299,0.0929117932771257,0,0,34.0871794871795,117.614362331671,"ARHGEF18"
"CPD001 MCF7 6H-alfuzosin hydrochloride-10.0","1/46",0.0317329795488299,0.0929117932771257,0,0,34.0871794871795,117.614362331671,"ARHGEF18"
"LJP006 MCF7 3H-GSK-2126458-1.11","1/46",0.0317329795488299,0.0929117932771257,0,0,34.0871794871795,117.614362331671,"PLAC8"
"LJP006 MDAMB231 24H-AZD-8055-0.12","1/46",0.0317329795488299,0.0929117932771257,0,0,34.0871794871795,117.614362331671,"PLAC8"
"CPC012 NPC 24H-BRD-K82971429-10.0","1/46",0.0317329795488299,0.0929117932771257,0,0,34.0871794871795,117.614362331671,"CORO1A"
"CPC012 PHH 24H-BRD-K61717269-10.0","1/46",0.0317329795488299,0.0929117932771257,0,0,34.0871794871795,117.614362331671,"ARHGEF18"
"LJP006 PC3 24H-PI-103-0.12","1/46",0.0317329795488299,0.0929117932771257,0,0,34.0871794871795,117.614362331671,"PRKCB"
"LJP006 PC3 24H-GW-843682X-3.33","1/46",0.0317329795488299,0.0929117932771257,0,0,34.0871794871795,117.614362331671,"DDAH1"
"CPC013 ASC 24H-s1315-10.0","1/46",0.0317329795488299,0.0929117932771257,0,0,34.0871794871795,117.614362331671,"CORO1A"
"CPC013 ASC 24H-BRD-K45818044-10.0","1/46",0.0317329795488299,0.0929117932771257,0,0,34.0871794871795,117.614362331671,"CORO1A"
"LJP006 SKBR3 3H-celastrol-10","1/46",0.0317329795488299,0.0929117932771257,0,0,34.0871794871795,117.614362331671,"SORL1"
"LJP009 HT29 24H-SYK-inhibitor-3.33","1/46",0.0317329795488299,0.0929117932771257,0,0,34.0871794871795,117.614362331671,"SORL1"
"CPC006 NCIH2073 6H-dl-pdmp-64.0","1/46",0.0317329795488299,0.0929117932771257,0,0,34.0871794871795,117.614362331671,"CORO1A"
"LJP007 HCC515 24H-ALW-II-49-7-10","1/46",0.0317329795488299,0.0929117932771257,0,0,34.0871794871795,117.614362331671,"SORL1"
"LJP007 HEPG2 24H-tivozanib-10","1/46",0.0317329795488299,0.0929117932771257,0,0,34.0871794871795,117.614362331671,"SORL1"
"LJP007 HEPG2 24H-HG-14-10-04-10","1/46",0.0317329795488299,0.0929117932771257,0,0,34.0871794871795,117.614362331671,"PRKCB"
"LJP005 HCC515 24H-dasatinib-0.12","1/47",0.0324123268177389,0.0929117932771257,0,0,33.3444816053512,114.345445544755,"PLAC8"
"LJP008 HA1E 24H-LY2603618-1.11","1/47",0.0324123268177389,0.0929117932771257,0,0,33.3444816053512,114.345445544755,"PLAC8"
"CPC014 HCC515 6H-BRD-A77467113-10.0","1/47",0.0324123268177389,0.0929117932771257,0,0,33.3444816053512,114.345445544755,"GFPT1"
"LJP008 MCF7 24H-(+)-JQ1-0.04","1/47",0.0324123268177389,0.0929117932771257,0,0,33.3444816053512,114.345445544755,"SORL1"
"CPC014 VCAP 6H-ct-incb-10.0","1/47",0.0324123268177389,0.0929117932771257,0,0,33.3444816053512,114.345445544755,"PLS1"
"CPC006 WSUDLCL2 6H-at-mlpcn csc-006-10.0","1/47",0.0324123268177389,0.0929117932771257,0,0,33.3444816053512,114.345445544755,"CORO1A"
"CPC015 A549 24H-ranitidine-10.0","1/47",0.0324123268177389,0.0929117932771257,0,0,33.3444816053512,114.345445544755,"CORO1A"
"CPC007 HA1E 24H-ncgc00011606-02-10.0","1/47",0.0324123268177389,0.0929117932771257,0,0,33.3444816053512,114.345445544755,"ARHGEF18"
"CPC007 HT29 24H-ncgc00012852-02-10.0","1/47",0.0324123268177389,0.0929117932771257,0,0,33.3444816053512,114.345445544755,"PLS1"
"LJP005 SKBR3 24H-XMD16-144-0.12","1/47",0.0324123268177389,0.0929117932771257,0,0,33.3444816053512,114.345445544755,"SORL1"
"CPC007 VCAP 6H-stock1s-53863-10.0","1/47",0.0324123268177389,0.0929117932771257,0,0,33.3444816053512,114.345445544755,"PLS1"
"CPC016 ASC 24H-cyclopiazonic acid-10.0","1/47",0.0324123268177389,0.0929117932771257,0,0,33.3444816053512,114.345445544755,"GFPT1"
"LJP005 SKBR3 3H-HG-5-113-01-3.33","1/47",0.0324123268177389,0.0929117932771257,0,0,33.3444816053512,114.345445544755,"EPB41L4B"
"CPC016 NEU 24H-nbi 27914 hydrochloride-10.0","1/47",0.0324123268177389,0.0929117932771257,0,0,33.3444816053512,114.345445544755,"GFPT1"
"CPC016 NPC 24H-caffeic acid phenethyl ester-10.0","1/47",0.0324123268177389,0.0929117932771257,0,0,33.3444816053512,114.345445544755,"CORO1A"
"CPC016 SKB 24H-n-desmethylclozapine-10.0","1/47",0.0324123268177389,0.0929117932771257,0,0,33.3444816053512,114.345445544755,"CORO1A"
"CPC008 HCC515 6H-ncgc00182357-01-10.0","1/47",0.0324123268177389,0.0929117932771257,0,0,33.3444816053512,114.345445544755,"GFPT1"
"LJP006 A549 24H-selumetinib-0.37","1/47",0.0324123268177389,0.0929117932771257,0,0,33.3444816053512,114.345445544755,"PLAC8"
"CPC017 NPC 24H-isoreserpine-10.0","1/47",0.0324123268177389,0.0929117932771257,0,0,33.3444816053512,114.345445544755,"ARHGEF18"
"CPC005 PC3 6H-helveticoside-10.0","1/47",0.0324123268177389,0.0929117932771257,0,0,33.3444816053512,114.345445544755,"GFPT1"
"CPC009 A549 6H-BRD-K51443908-10.0","1/47",0.0324123268177389,0.0929117932771257,0,0,33.3444816053512,114.345445544755,"GFPT1"
"LJP006 HEPG2 24H-torin-1-0.37","1/47",0.0324123268177389,0.0929117932771257,0,0,33.3444816053512,114.345445544755,"PRKCB"
"CPC009 HCC515 6H-BRD-K56593336-10.0","1/47",0.0324123268177389,0.0929117932771257,0,0,33.3444816053512,114.345445544755,"ARHGEF18"
"CPC018 HT29 6H-d-64131-10.0","1/47",0.0324123268177389,0.0929117932771257,0,0,33.3444816053512,114.345445544755,"GFPT1"
"CPC009 HEPG2 6H-BRD-K97534490-10.0","1/47",0.0324123268177389,0.0929117932771257,0,0,33.3444816053512,114.345445544755,"DDAH1"
"CPC018 SKB 24H-BRD-K77830450 (forskolin)-10.0","1/47",0.0324123268177389,0.0929117932771257,0,0,33.3444816053512,114.345445544755,"GFPT1"
"CPC006 A673 6H-ct-200783-10.0","1/47",0.0324123268177389,0.0929117932771257,0,0,33.3444816053512,114.345445544755,"ARHGEF18"
"CPC006 DV90 6H-4-demethoxydaunorubicin hydrochloride (65)-0.08","1/47",0.0324123268177389,0.0929117932771257,0,0,33.3444816053512,114.345445544755,"CORO1A"
"CPC012 A549 6H-t7765-10.0","1/47",0.0324123268177389,0.0929117932771257,0,0,33.3444816053512,114.345445544755,"GFPT1"
"LJP006 MCF10A 3H-radicicol-0.04","1/47",0.0324123268177389,0.0929117932771257,0,0,33.3444816053512,114.345445544755,"PLAC8"
"CPD001 PC3 24H-mebendazole-10.0","1/47",0.0324123268177389,0.0929117932771257,0,0,33.3444816053512,114.345445544755,"GFPT1"
"LJP006 MDAMB231 24H-A443654-10","1/47",0.0324123268177389,0.0929117932771257,0,0,33.3444816053512,114.345445544755,"PLAC8"
"LJP006 MDAMB231 3H-BI-2536-1.11","1/47",0.0324123268177389,0.0929117932771257,0,0,33.3444816053512,114.345445544755,"PLAC8"
"CPC012 SKB 24H-BRD-K72238567-10.0","1/47",0.0324123268177389,0.0929117932771257,0,0,33.3444816053512,114.345445544755,"CORO1A"
"CPC013 A549 24H-st4029573-10.0","1/47",0.0324123268177389,0.0929117932771257,0,0,33.3444816053512,114.345445544755,"PLS1"
"LJP009 PC3 24H-JWE-035-3.33","1/47",0.0324123268177389,0.0929117932771257,0,0,33.3444816053512,114.345445544755,"CORO1A"
"LJP006 SKBR3 3H-GSK-2126458-0.12","1/47",0.0324123268177389,0.0929117932771257,0,0,33.3444816053512,114.345445544755,"PRKCB"
"CPC006 NCIH1836 6H-BRD-K86682249-10.0","1/47",0.0324123268177389,0.0929117932771257,0,0,33.3444816053512,114.345445544755,"CORO1A"
"CPC013 PC3 24H-BRD-K62970326-10.0","1/47",0.0324123268177389,0.0929117932771257,0,0,33.3444816053512,114.345445544755,"ARHGEF18"
"CPC013 SKB 24H-s1175-10.0","1/47",0.0324123268177389,0.0929117932771257,0,0,33.3444816053512,114.345445544755,"PLS1"
"LJP009 HA1E 24H-RAF 265-0.37","1/47",0.0324123268177389,0.0929117932771257,0,0,33.3444816053512,114.345445544755,"CORO1A"
"LJP007 MCF7 24H-everolimus-0.37","1/47",0.0324123268177389,0.0929117932771257,0,0,33.3444816053512,114.345445544755,"PLS1"
"CPC014 A549 24H-stock4s-23872-10.0","1/47",0.0324123268177389,0.0929117932771257,0,0,33.3444816053512,114.345445544755,"CORO1A"
"CPC001 PC3 24H-kf 38789-10.0","1/48",0.0330912315021827,0.0929117932771257,0,0,32.633387888707,111.23047645903,"GFPT1"
"CPC014 HT29 6H-b4313-10.0","1/48",0.0330912315021827,0.0929117932771257,0,0,32.633387888707,111.23047645903,"GFPT1"
"LJP008 HT29 24H-MK-1775-1.11","1/48",0.0330912315021827,0.0929117932771257,0,0,32.633387888707,111.23047645903,"ELF3"
"LJP008 HEPG2 24H-GSK-1070916-0.37","1/48",0.0330912315021827,0.0929117932771257,0,0,32.633387888707,111.23047645903,"EPB41L4B"
"LJP008 HCC515 24H-pracinostat-1.11","1/48",0.0330912315021827,0.0929117932771257,0,0,32.633387888707,111.23047645903,"SORL1"
"CPC014 SKB 24H-BRD-K64857848-10.0","1/48",0.0330912315021827,0.0929117932771257,0,0,32.633387888707,111.23047645903,"GFPT1"
"LJP005 MCF10A 24H-XMD16-144-1.11","1/48",0.0330912315021827,0.0929117932771257,0,0,32.633387888707,111.23047645903,"PLAC8"
"CPC014 VCAP 6H-gr-231-10.0","1/48",0.0330912315021827,0.0929117932771257,0,0,32.633387888707,111.23047645903,"GFPT1"
"CPC004 A375 6H-na-tosyl-phe chloromethyl ketone-10.0","1/48",0.0330912315021827,0.0929117932771257,0,0,32.633387888707,111.23047645903,"ARHGEF18"
"CPC004 HA1E 24H-indirubin-3?-monoxime-10.0","1/48",0.0330912315021827,0.0929117932771257,0,0,32.633387888707,111.23047645903,"PLS1"
"CPC015 A549 24H-cilostazol-10.0","1/48",0.0330912315021827,0.0929117932771257,0,0,32.633387888707,111.23047645903,"ARHGEF18"
"LJP005 MDAMB231 3H-withaferin-a-3.33","1/48",0.0330912315021827,0.0929117932771257,0,0,32.633387888707,111.23047645903,"SORL1"
"LJP005 SKBR3 24H-NVP-AUY922-3.33","1/48",0.0330912315021827,0.0929117932771257,0,0,32.633387888707,111.23047645903,"CORO1A"
"LJP006 A375 24H-JW-7-24-1-1.11","1/48",0.0330912315021827,0.0929117932771257,0,0,32.633387888707,111.23047645903,"PLAC8"
"CPC017 HEPG2 6H-cinobufagin-10.0","1/48",0.0330912315021827,0.0929117932771257,0,0,32.633387888707,111.23047645903,"CORO1A"
"CPC017 MCF7 6H-calpeptin-10.0","1/48",0.0330912315021827,0.0929117932771257,0,0,32.633387888707,111.23047645903,"CORO1A"
"LJP006 HEPG2 24H-palbociclib-0.12","1/48",0.0330912315021827,0.0929117932771257,0,0,32.633387888707,111.23047645903,"SORL1"
"LJP006 HME1 24H-sirolimus-1.11","1/48",0.0330912315021827,0.0929117932771257,0,0,32.633387888707,111.23047645903,"PLAC8"
"LJP006 HME1 3H-A443654-0.04","1/48",0.0330912315021827,0.0929117932771257,0,0,32.633387888707,111.23047645903,"PLS1"
"CPC010 PC3 6H-BRD-A37735495-10.0","1/48",0.0330912315021827,0.0929117932771257,0,0,32.633387888707,111.23047645903,"GFPT1"
"CPD001 MCF7 6H-ambroxol hydrochloride-10.0","1/48",0.0330912315021827,0.0929117932771257,0,0,32.633387888707,111.23047645903,"ARHGEF18"
"CPC006 HEPG2 6H-ku 0060648 trihydrochloride-10.0","1/48",0.0330912315021827,0.0929117932771257,0,0,32.633387888707,111.23047645903,"CORO1A"
"LJP006 MDAMB231 24H-A443654-0.04","1/48",0.0330912315021827,0.0929117932771257,0,0,32.633387888707,111.23047645903,"SORL1"
"CPC006 HT115 6H-l-sulforophane-10.0","1/48",0.0330912315021827,0.0929117932771257,0,0,32.633387888707,111.23047645903,"GFPT1"
"LJP006 MDAMB231 3H-AS-605240-0.37","1/48",0.0330912315021827,0.0929117932771257,0,0,32.633387888707,111.23047645903,"PLS1"
"LJP006 MDAMB231 3H-torin-1-10","1/48",0.0330912315021827,0.0929117932771257,0,0,32.633387888707,111.23047645903,"SORL1"
"CPC006 HT29 6H-cyt997-1.0","1/48",0.0330912315021827,0.0929117932771257,0,0,32.633387888707,111.23047645903,"GFPT1"
"CPC006 HT29 6H-BRD-K66792149-11.1","1/48",0.0330912315021827,0.0929117932771257,0,0,32.633387888707,111.23047645903,"GFPT1"
"CPC006 HT29 6H-elesclomol-10.0","1/48",0.0330912315021827,0.0929117932771257,0,0,32.633387888707,111.23047645903,"GFPT1"
"LJP009 PC3 24H-MLN-8054-0.37","1/48",0.0330912315021827,0.0929117932771257,0,0,32.633387888707,111.23047645903,"PLAC8"
"LJP009 PC3 24H-CC-401-3.33","1/48",0.0330912315021827,0.0929117932771257,0,0,32.633387888707,111.23047645903,"PLAC8"
"LJP006 SKBR3 3H-XMD11-85H-10","1/48",0.0330912315021827,0.0929117932771257,0,0,32.633387888707,111.23047645903,"SORL1"
"LJP006 SKBR3 3H-Y-39983-3.33","1/48",0.0330912315021827,0.0929117932771257,0,0,32.633387888707,111.23047645903,"SORL1"
"LJP006 SKBR3 3H-withaferin-a-3.33","1/48",0.0330912315021827,0.0929117932771257,0,0,32.633387888707,111.23047645903,"SORL1"
"LJP006 SKBR3 3H-KIN001-043-3.33","1/48",0.0330912315021827,0.0929117932771257,0,0,32.633387888707,111.23047645903,"SORL1"
"LJP007 HA1E 24H-PD-0325901-0.37","1/48",0.0330912315021827,0.0929117932771257,0,0,32.633387888707,111.23047645903,"CORO1A"
"LJP009 HEPG2 24H-RAF 265-0.12","1/48",0.0330912315021827,0.0929117932771257,0,0,32.633387888707,111.23047645903,"SORL1"
"LJP009 HEPG2 24H-SB-239063-10","1/48",0.0330912315021827,0.0929117932771257,0,0,32.633387888707,111.23047645903,"DDAH1"
"CPC006 NCIH596 6H-BRD-K49371609-0.09","1/48",0.0330912315021827,0.0929117932771257,0,0,32.633387888707,111.23047645903,"CORO1A"
"LJP007 HEPG2 24H-DCC-2036-10","1/48",0.0330912315021827,0.0929117932771257,0,0,32.633387888707,111.23047645903,"CORO1A"
"LJP008 A375 24H-VE821-3.33","1/49",0.033769693865094,0.0929117932771257,0,0,31.9519230769231,108.259234494771,"SORL1"
"CPC014 A549 6H-s1104-10.0","1/49",0.033769693865094,0.0929117932771257,0,0,31.9519230769231,108.259234494771,"ARHGEF18"
"CPC006 RMUGS 6H-penfluridol-30.0","1/49",0.033769693865094,0.0929117932771257,0,0,31.9519230769231,108.259234494771,"CORO1A"
"CPC014 HCC515 6H-mosapride-10.0","1/49",0.033769693865094,0.0929117932771257,0,0,31.9519230769231,108.259234494771,"ARHGEF18"
"CPC014 HCC515 6H-s1483-10.0","1/49",0.033769693865094,0.0929117932771257,0,0,31.9519230769231,108.259234494771,"CORO1A"
"CPC002 HA1E 6H-wiskostatin-10.0","1/49",0.033769693865094,0.0929117932771257,0,0,31.9519230769231,108.259234494771,"CORO1A"
"CPC006 SW948 6H-dorsomorphin dihydrochloride-10.0","1/49",0.033769693865094,0.0929117932771257,0,0,31.9519230769231,108.259234494771,"CORO1A"
"CPC015 NPC 24H-chlormadinone acetate-10.0","1/49",0.033769693865094,0.0929117932771257,0,0,31.9519230769231,108.259234494771,"GFPT1"
"CPC015 NPC 24H-sertraline hydrochloride-10.0","1/49",0.033769693865094,0.0929117932771257,0,0,31.9519230769231,108.259234494771,"CORO1A"
"LJP005 SKBR3 24H-mitoxantrone-0.04","1/49",0.033769693865094,0.0929117932771257,0,0,31.9519230769231,108.259234494771,"SORL1"
"LJP005 SKBR3 3H-withaferin-a-3.33","1/49",0.033769693865094,0.0929117932771257,0,0,31.9519230769231,108.259234494771,"SORL1"
"CPC016 HT29 6H-vinblastine sulfate-10.0","1/49",0.033769693865094,0.0929117932771257,0,0,31.9519230769231,108.259234494771,"GFPT1"
"CPC016 NPC 24H-ntncb hydrochloride-10.0","1/49",0.033769693865094,0.0929117932771257,0,0,31.9519230769231,108.259234494771,"CORO1A"
"LJP006 A549 24H-nintedanib-10","1/49",0.033769693865094,0.0929117932771257,0,0,31.9519230769231,108.259234494771,"SORL1"
"CPC017 A549 24H-l-733,060 hydrochloride-10.0","1/49",0.033769693865094,0.0929117932771257,0,0,31.9519230769231,108.259234494771,"CORO1A"
"CPC008 HT29 6H-vu0365114-2-10.0","1/49",0.033769693865094,0.0929117932771257,0,0,31.9519230769231,108.259234494771,"GFPT1"
"CPC017 NPC 24H-l-733,060 hydrochloride-10.0","1/49",0.033769693865094,0.0929117932771257,0,0,31.9519230769231,108.259234494771,"CORO1A"
"CPC005 PC3 6H-amyleine hydrochloride-10.0","1/49",0.033769693865094,0.0929117932771257,0,0,31.9519230769231,108.259234494771,"ARHGEF18"
"CPC005 PC3 6H-mk 212-10.0","1/49",0.033769693865094,0.0929117932771257,0,0,31.9519230769231,108.259234494771,"ARHGEF18"
"CPC009 HA1E 6H-BRD-K88832793-10.0","1/49",0.033769693865094,0.0929117932771257,0,0,31.9519230769231,108.259234494771,"ARHGEF18"
"CPC009 HEPG2 6H-BRD-K13580623-10.0","1/49",0.033769693865094,0.0929117932771257,0,0,31.9519230769231,108.259234494771,"GFPT1"
"LJP006 HME1 24H-dasatinib-1.11","1/49",0.033769693865094,0.0929117932771257,0,0,31.9519230769231,108.259234494771,"PLAC8"
"LJP006 HME1 3H-XMD-1150-3.33","1/49",0.033769693865094,0.0929117932771257,0,0,31.9519230769231,108.259234494771,"PLAC8"
"CPC006 AGS 6H-bx-795-10.0","1/49",0.033769693865094,0.0929117932771257,0,0,31.9519230769231,108.259234494771,"CORO1A"
"CPC006 HCC515 24H-perhexiline maleate-10.0","1/49",0.033769693865094,0.0929117932771257,0,0,31.9519230769231,108.259234494771,"DDAH1"
"LJP006 MCF10A 24H-dasatinib-1.11","1/49",0.033769693865094,0.0929117932771257,0,0,31.9519230769231,108.259234494771,"DDAH1"
"CPC020 MCF7 6H-BRD-A49848186-10.0","1/49",0.033769693865094,0.0929117932771257,0,0,31.9519230769231,108.259234494771,"GFPT1"
"LJP006 MCF7 24H-XMD-1150-3.33","1/49",0.033769693865094,0.0929117932771257,0,0,31.9519230769231,108.259234494771,"SORL1"
"LJP006 MDAMB231 3H-NVP-TAE684-10","1/49",0.033769693865094,0.0929117932771257,0,0,31.9519230769231,108.259234494771,"PLAC8"
"LJP006 PC3 24H-JNK-9L-0.37","1/49",0.033769693865094,0.0929117932771257,0,0,31.9519230769231,108.259234494771,"SORL1"
"LJP006 SKBR3 3H-XMD-1150-1.11","1/49",0.033769693865094,0.0929117932771257,0,0,31.9519230769231,108.259234494771,"SORL1"
"CPC013 HEPG2 6H-BRD-K80786583-10.0","1/49",0.033769693865094,0.0929117932771257,0,0,31.9519230769231,108.259234494771,"CORO1A"
"LJP005 BT20 24H-SAR-245408-10","1/49",0.033769693865094,0.0929117932771257,0,0,31.9519230769231,108.259234494771,"SELL"
"LJP005 BT20 24H-nilotinib-10","1/49",0.033769693865094,0.0929117932771257,0,0,31.9519230769231,108.259234494771,"PLS1"
"CPC006 MCF7 6H-pifithrin- ?-10.0","1/49",0.033769693865094,0.0929117932771257,0,0,31.9519230769231,108.259234494771,"GFPT1"
"CPC001 HA1E 6H-h 89 dihydrochloride-10.0","1/50",0.0344477141698712,0.0929117932771257,0,0,31.298273155416,105.422368949113,"CORO1A"
"LJP009 A375 24H-ZM-447439-1.11","1/50",0.0344477141698712,0.0929117932771257,0,0,31.298273155416,105.422368949113,"PLAC8"
"CPC006 SKM1 6H-BRD-K56343971-10.0","1/50",0.0344477141698712,0.0929117932771257,0,0,31.298273155416,105.422368949113,"CORO1A"
"CPC014 HEPG2 6H-hy-11004-10.0","1/50",0.0344477141698712,0.0929117932771257,0,0,31.298273155416,105.422368949113,"PLS1"
"CPC014 HEPG2 6H-BRD-K56343971-10.0","1/50",0.0344477141698712,0.0929117932771257,0,0,31.298273155416,105.422368949113,"CORO1A"
"CPC006 SNU1040 6H-phorbol-12-myristate-13-acetate (pma)-10.0","1/50",0.0344477141698712,0.0929117932771257,0,0,31.298273155416,105.422368949113,"GFPT1"
"CPC002 HA1E 24H-baeomycesic acid-10.0","1/50",0.0344477141698712,0.0929117932771257,0,0,31.298273155416,105.422368949113,"GFPT1"
"CPC006 SW948 6H-chemistry 2804-10.0","1/50",0.0344477141698712,0.0929117932771257,0,0,31.298273155416,105.422368949113,"GFPT1"
"CPC006 VCAP 6H-uk 356618-10.0","1/50",0.0344477141698712,0.0929117932771257,0,0,31.298273155416,105.422368949113,"CORO1A"
"CPC006 WSUDLCL2 6H-BRD-K15563106-177.6","1/50",0.0344477141698712,0.0929117932771257,0,0,31.298273155416,105.422368949113,"PLS1"
"CPC007 A375 6H-BRD-K18761689-10.0","1/50",0.0344477141698712,0.0929117932771257,0,0,31.298273155416,105.422368949113,"CORO1A"
"CPC004 HEPG2 6H-mephentermine sulfate-10.0","1/50",0.0344477141698712,0.0929117932771257,0,0,31.298273155416,105.422368949113,"ARHGEF18"
"CPC004 PC3 24H-digoxin-10.0","1/50",0.0344477141698712,0.0929117932771257,0,0,31.298273155416,105.422368949113,"PLS1"
"LJP006 A549 24H-WZ-4-145-3.33","1/50",0.0344477141698712,0.0929117932771257,0,0,31.298273155416,105.422368949113,"PLAC8"
"CPC008 HEPG2 6H-mls-0437633.0003-10.0","1/50",0.0344477141698712,0.0929117932771257,0,0,31.298273155416,105.422368949113,"ARHGEF18"
"CPC008 HEPG2 6H-ncgc00182371-01-10.0","1/50",0.0344477141698712,0.0929117932771257,0,0,31.298273155416,105.422368949113,"ARHGEF18"
"CPC017 A549 6H-BRD-A95445494-10.0","1/50",0.0344477141698712,0.0929117932771257,0,0,31.298273155416,105.422368949113,"CORO1A"
"LJP006 HEPG2 24H-palbociclib-1.11","1/50",0.0344477141698712,0.0929117932771257,0,0,31.298273155416,105.422368949113,"SORL1"
"LJP006 HS578T 24H-afatinib-3.33","1/50",0.0344477141698712,0.0929117932771257,0,0,31.298273155416,105.422368949113,"DDAH1"
"CPC020 A549 6H-BRD-K64517075-10.0","1/50",0.0344477141698712,0.0929117932771257,0,0,31.298273155416,105.422368949113,"GFPT1"
"LJP006 MCF10A 3H-NVP-TAE684-1.11","1/50",0.0344477141698712,0.0929117932771257,0,0,31.298273155416,105.422368949113,"SORL1"
"CPC006 HCT116 6H-BRD-K37865504-10.0","1/50",0.0344477141698712,0.0929117932771257,0,0,31.298273155416,105.422368949113,"GFPT1"
"CPC006 HEC108 6H-tyrphostin ag 1478-56.78","1/50",0.0344477141698712,0.0929117932771257,0,0,31.298273155416,105.422368949113,"CORO1A"
"CPC006 HEPG2 6H-mst- 312-11.1","1/50",0.0344477141698712,0.0929117932771257,0,0,31.298273155416,105.422368949113,"CORO1A"
"LJP006 MDAMB231 24H-AS-605240-3.33","1/50",0.0344477141698712,0.0929117932771257,0,0,31.298273155416,105.422368949113,"SORL1"
"CPC012 NEU 24H-BRD-K01614657-10.0","1/50",0.0344477141698712,0.0929117932771257,0,0,31.298273155416,105.422368949113,"GFPT1"
"CPD002 MCF7 6H-ciclopirox ethanolamine-10.0","1/50",0.0344477141698712,0.0929117932771257,0,0,31.298273155416,105.422368949113,"ARHGEF18"
"LJP006 MDAMB231 24H-QL-X-138-10","1/50",0.0344477141698712,0.0929117932771257,0,0,31.298273155416,105.422368949113,"PLAC8"
"LJP006 MDAMB231 3H-dasatinib-0.37","1/50",0.0344477141698712,0.0929117932771257,0,0,31.298273155416,105.422368949113,"SORL1"
"CPC012 VCAP 6H-k784-3187-10.0","1/50",0.0344477141698712,0.0929117932771257,0,0,31.298273155416,105.422368949113,"PLS1"
"LJP006 SKBR3 24H-geldanamycin-1.11","1/50",0.0344477141698712,0.0929117932771257,0,0,31.298273155416,105.422368949113,"CORO1A"
"LJP009 PC3 24H-KI20227-3.33","1/50",0.0344477141698712,0.0929117932771257,0,0,31.298273155416,105.422368949113,"PLAC8"
"LJP009 PC3 24H-dasatinib-3.33","1/50",0.0344477141698712,0.0929117932771257,0,0,31.298273155416,105.422368949113,"PRKCB"
"LJP009 MCF7 24H-ponatinib-10","1/50",0.0344477141698712,0.0929117932771257,0,0,31.298273155416,105.422368949113,"SORL1"
"LJP006 SKBR3 3H-CHIR-99021-10","1/50",0.0344477141698712,0.0929117932771257,0,0,31.298273155416,105.422368949113,"SORL1"
"CPC006 MCF7 24H-pac 1-10.0","1/50",0.0344477141698712,0.0929117932771257,0,0,31.298273155416,105.422368949113,"ARHGEF18"
"CPC013 PC3 6H-BRD-K72451865-10.0","1/50",0.0344477141698712,0.0929117932771257,0,0,31.298273155416,105.422368949113,"GFPT1"
"CPC013 VCAP 24H-BRD-K47764688-10.0","1/50",0.0344477141698712,0.0929117932771257,0,0,31.298273155416,105.422368949113,"ARHGEF18"
"LJP005 HEPG2 24H-SAR-245408-10","1/51",0.035125292681812,0.0929117932771257,0,0,30.6707692307692,102.71130924814,"PLAC8"
"CPC014 HCC515 6H-s1266-10.0","1/51",0.035125292681812,0.0929117932771257,0,0,30.6707692307692,102.71130924814,"CORO1A"
"CPC014 HT29 6H-BRD-A11702965-10.0","1/51",0.035125292681812,0.0929117932771257,0,0,30.6707692307692,102.71130924814,"GFPT1"
"LJP008 HEPG2 24H-PFI-1-0.37","1/51",0.035125292681812,0.0929117932771257,0,0,30.6707692307692,102.71130924814,"PLAC8"
"CPC015 HT29 6H-securinine-10.0","1/51",0.035125292681812,0.0929117932771257,0,0,30.6707692307692,102.71130924814,"GFPT1"
"LJP005 PC3 24H-WZ-3105-0.37","1/51",0.035125292681812,0.0929117932771257,0,0,30.6707692307692,102.71130924814,"PLAC8"
"CPC007 HT29 6H-k784-3131-10.0","1/51",0.035125292681812,0.0929117932771257,0,0,30.6707692307692,102.71130924814,"GFPT1"
"LJP005 SKBR3 24H-PF-477736-1.11","1/51",0.035125292681812,0.0929117932771257,0,0,30.6707692307692,102.71130924814,"ELF3"
"CPC016 A549 24H-amodiaquin dihydrochloride dihydrate-10.0","1/51",0.035125292681812,0.0929117932771257,0,0,30.6707692307692,102.71130924814,"CORO1A"
"LJP006 A375 24H-PI-103-0.12","1/51",0.035125292681812,0.0929117932771257,0,0,30.6707692307692,102.71130924814,"PLAC8"
"CPC017 A549 6H-skf 81297 hydrobromide-10.0","1/51",0.035125292681812,0.0929117932771257,0,0,30.6707692307692,102.71130924814,"CORO1A"
"CPC005 A549 6H-dihomo-gamma-linolenic acid-10.0","1/51",0.035125292681812,0.0929117932771257,0,0,30.6707692307692,102.71130924814,"ARHGEF18"
"LJP006 HA1E 24H-WZ-4-145-0.12","1/51",0.035125292681812,0.0929117932771257,0,0,30.6707692307692,102.71130924814,"EPB41L4B"
"LJP006 HCC515 24H-WYE-125132-0.04","1/51",0.035125292681812,0.0929117932771257,0,0,30.6707692307692,102.71130924814,"PLAC8"
"LJP006 HCC515 24H-NVP-TAE684-1.11","1/51",0.035125292681812,0.0929117932771257,0,0,30.6707692307692,102.71130924814,"PLAC8"
"LJP006 HEPG2 24H-HG-6-64-01-0.12","1/51",0.035125292681812,0.0929117932771257,0,0,30.6707692307692,102.71130924814,"EPB41L4B"
"CPC009 HEPG2 6H-BRD-K91134378-10.0","1/51",0.035125292681812,0.0929117932771257,0,0,30.6707692307692,102.71130924814,"DDAH1"
"CPC018 HT29 6H-ag 18-10.0","1/51",0.035125292681812,0.0929117932771257,0,0,30.6707692307692,102.71130924814,"GFPT1"
"LJP006 HME1 24H-sirolimus-3.33","1/51",0.035125292681812,0.0929117932771257,0,0,30.6707692307692,102.71130924814,"PLS1"
"LJP006 HME1 24H-WYE-125132-0.04","1/51",0.035125292681812,0.0929117932771257,0,0,30.6707692307692,102.71130924814,"PRKCB"
"CPC009 PC3 24H-BRD-K56593336-10.0","1/51",0.035125292681812,0.0929117932771257,0,0,30.6707692307692,102.71130924814,"GFPT1"
"CPC012 HA1E 6H-bas 00535043-10.0","1/51",0.035125292681812,0.0929117932771257,0,0,30.6707692307692,102.71130924814,"CORO1A"
"LJP006 MCF7 24H-Y-39983-10","1/51",0.035125292681812,0.0929117932771257,0,0,30.6707692307692,102.71130924814,"SORL1"
"CPC006 HEC108 6H-hli 373-10.0","1/51",0.035125292681812,0.0929117932771257,0,0,30.6707692307692,102.71130924814,"CORO1A"
"CPD001 MCF7 6H-methylergometrine maleate-10.0","1/51",0.035125292681812,0.0929117932771257,0,0,30.6707692307692,102.71130924814,"ARHGEF18"
"LJP006 PC3 24H-sirolimus-0.37","1/51",0.035125292681812,0.0929117932771257,0,0,30.6707692307692,102.71130924814,"PRKCB"
"LJP005 A549 24H-neratinib-10","1/51",0.035125292681812,0.0929117932771257,0,0,30.6707692307692,102.71130924814,"PLAC8"
"LJP009 PC3 24H-MLN-8054-1.11","1/51",0.035125292681812,0.0929117932771257,0,0,30.6707692307692,102.71130924814,"PLAC8"
"LJP005 BT20 24H-XMD16-144-1.11","1/51",0.035125292681812,0.0929117932771257,0,0,30.6707692307692,102.71130924814,"SORL1"
"LJP009 HEPG2 24H-KIN001-055-3.33","1/51",0.035125292681812,0.0929117932771257,0,0,30.6707692307692,102.71130924814,"CORO1A"
"CPC006 NCIH596 6H-wortmannin-10.0","1/51",0.035125292681812,0.0929117932771257,0,0,30.6707692307692,102.71130924814,"CORO1A"
"CPC013 VCAP 24H-BRD-K81609421-10.0","1/51",0.035125292681812,0.0929117932771257,0,0,30.6707692307692,102.71130924814,"ARHGEF18"
"LJP008 A375 24H-GSK-461364-10","1/52",0.035802429669446,0.0929117932771257,0,0,30.0678733031674,100.118186020414,"SORL1"
"CPC014 A549 24H-BRD-K45114207-10.0","1/52",0.035802429669446,0.0929117932771257,0,0,30.0678733031674,100.118186020414,"GFPT1"
"CPC014 A549 24H-s2001-10.0","1/52",0.035802429669446,0.0929117932771257,0,0,30.0678733031674,100.118186020414,"CORO1A"
"LJP005 HCC515 24H-WZ-3105-0.37","1/52",0.035802429669446,0.0929117932771257,0,0,30.0678733031674,100.118186020414,"PLAC8"
"LJP005 HEPG2 24H-SB590885-0.37","1/52",0.035802429669446,0.0929117932771257,0,0,30.0678733031674,100.118186020414,"SELL"
"CPC006 RMUGS 6H-b675700.cdx-0.04","1/52",0.035802429669446,0.0929117932771257,0,0,30.0678733031674,100.118186020414,"CORO1A"
"CPC002 HA1E 6H-tyrphostin 47-10.0","1/52",0.035802429669446,0.0929117932771257,0,0,30.0678733031674,100.118186020414,"CORO1A"
"CPC004 HCC515 24H-chlorpromazine-10.0","1/52",0.035802429669446,0.0929117932771257,0,0,30.0678733031674,100.118186020414,"CORO1A"
"CPC004 HCC515 6H-bithionate sodium-10.0","1/52",0.035802429669446,0.0929117932771257,0,0,30.0678733031674,100.118186020414,"GFPT1"
"CPC007 PC3 24H-ncgc00183255-01-10.0","1/52",0.035802429669446,0.0929117932771257,0,0,30.0678733031674,100.118186020414,"GFPT1"
"LJP005 SKBR3 3H-roscovitine-3.33","1/52",0.035802429669446,0.0929117932771257,0,0,30.0678733031674,100.118186020414,"PLAC8"
"LJP005 SKBR3 3H-PF-477736-10","1/52",0.035802429669446,0.0929117932771257,0,0,30.0678733031674,100.118186020414,"PLAC8"
"CPC004 VCAP 24H-nsc 663284-10.0","1/52",0.035802429669446,0.0929117932771257,0,0,30.0678733031674,100.118186020414,"CORO1A"
"CPC016 NPC 24H-kn-93-10.0","1/52",0.035802429669446,0.0929117932771257,0,0,30.0678733031674,100.118186020414,"CORO1A"
"CPC017 HEPG2 6H-digitoxin-10.0","1/52",0.035802429669446,0.0929117932771257,0,0,30.0678733031674,100.118186020414,"CORO1A"
"CPC017 NPC 24H-purmorphamine-10.0","1/52",0.035802429669446,0.0929117932771257,0,0,30.0678733031674,100.118186020414,"CORO1A"
"CPC009 HA1E 6H-BRD-K96147838-10.0","1/52",0.035802429669446,0.0929117932771257,0,0,30.0678733031674,100.118186020414,"ARHGEF18"
"LJP006 HME1 3H-HG-6-64-01-0.37","1/52",0.035802429669446,0.0929117932771257,0,0,30.0678733031674,100.118186020414,"PLAC8"
"LJP006 HME1 3H-gefitinib-10","1/52",0.035802429669446,0.0929117932771257,0,0,30.0678733031674,100.118186020414,"SORL1"
"LJP006 HME1 3H-WYE-125132-3.33","1/52",0.035802429669446,0.0929117932771257,0,0,30.0678733031674,100.118186020414,"PLAC8"
"CPC006 A673 6H-uk 356618-10.0","1/52",0.035802429669446,0.0929117932771257,0,0,30.0678733031674,100.118186020414,"CORO1A"
"CPC020 A549 6H-BRD-K58306044-10.0","1/52",0.035802429669446,0.0929117932771257,0,0,30.0678733031674,100.118186020414,"GFPT1"
"CPC020 VCAP 6H-norethindrone-10.0","1/52",0.035802429669446,0.0929117932771257,0,0,30.0678733031674,100.118186020414,"GFPT1"
"LJP006 MDAMB231 24H-AZD-7762-0.37","1/52",0.035802429669446,0.0929117932771257,0,0,30.0678733031674,100.118186020414,"PLAC8"
"LJP006 MDAMB231 3H-AZD-8055-0.04","1/52",0.035802429669446,0.0929117932771257,0,0,30.0678733031674,100.118186020414,"PRKCB"
"CPC006 HT29 6H-ct-200783-10.0","1/52",0.035802429669446,0.0929117932771257,0,0,30.0678733031674,100.118186020414,"GFPT1"
"LJP006 SKBR3 3H-radicicol-10","1/52",0.035802429669446,0.0929117932771257,0,0,30.0678733031674,100.118186020414,"SORL1"
"LJP006 SKBR3 3H-celastrol-1.11","1/52",0.035802429669446,0.0929117932771257,0,0,30.0678733031674,100.118186020414,"SORL1"
"LJP005 BT20 24H-geldanamycin-10","1/52",0.035802429669446,0.0929117932771257,0,0,30.0678733031674,100.118186020414,"EPB41L4B"
"LJP005 BT20 24H-CP466722-10","1/52",0.035802429669446,0.0929117932771257,0,0,30.0678733031674,100.118186020414,"SORL1"
"LJP009 HEPG2 24H-JWE-035-3.33","1/52",0.035802429669446,0.0929117932771257,0,0,30.0678733031674,100.118186020414,"PRKCB"
"LJP007 HCC515 24H-vandetanib-3.33","1/52",0.035802429669446,0.0929117932771257,0,0,30.0678733031674,100.118186020414,"EPB41L4B"
"CPC013 NPC 24H-mls-0146291.0001-10.0","1/52",0.035802429669446,0.0929117932771257,0,0,30.0678733031674,100.118186020414,"CORO1A"
"CPC006 NCIH2073 6H-mk-2206-10.0","1/52",0.035802429669446,0.0929117932771257,0,0,30.0678733031674,100.118186020414,"CORO1A"
"LJP007 HCC515 24H-everolimus-3.33","1/52",0.035802429669446,0.0929117932771257,0,0,30.0678733031674,100.118186020414,"PLAC8"
"LJP005 BT20 3H-torin-2-0.37","1/52",0.035802429669446,0.0929117932771257,0,0,30.0678733031674,100.118186020414,"PLAC8"
"CPC006 NCIH596 6H-mw-ras12-10.0","1/52",0.035802429669446,0.0929117932771257,0,0,30.0678733031674,100.118186020414,"GFPT1"
"CPC013 VCAP 24H-np-006304-10.0","1/52",0.035802429669446,0.0929117932771257,0,0,30.0678733031674,100.118186020414,"ARHGEF18"
"LJP009 HA1E 24H-ALW-II-38-3-0.37","1/52",0.035802429669446,0.0929117932771257,0,0,30.0678733031674,100.118186020414,"EPB41L4B"
"LJP005 HCC515 24H-WZ-3105-0.12","1/53",0.0364791253950767,0.0929117932771257,0,0,29.4881656804734,97.6357615143621,"PLAC8"
"LJP008 HA1E 24H-entinostat-1.11","1/53",0.0364791253950767,0.0929117932771257,0,0,29.4881656804734,97.6357615143621,"SELL"
"CPC006 SW620 6H-rottlerin ncgc00025228-11-9.68","1/53",0.0364791253950767,0.0929117932771257,0,0,29.4881656804734,97.6357615143621,"GFPT1"
"LJP005 HS578T 3H-GDC-0980-10","1/53",0.0364791253950767,0.0929117932771257,0,0,29.4881656804734,97.6357615143621,"DDAH1"
"LJP005 MCF10A 24H-dasatinib-1.11","1/53",0.0364791253950767,0.0929117932771257,0,0,29.4881656804734,97.6357615143621,"DDAH1"
"CPC006 VCAP 6H-cay10618-10.0","1/53",0.0364791253950767,0.0929117932771257,0,0,29.4881656804734,97.6357615143621,"PLS1"
"CPC007 VCAP 6H-ag14361-10.0","1/53",0.0364791253950767,0.0929117932771257,0,0,29.4881656804734,97.6357615143621,"PLS1"
"LJP006 A375 24H-XMD-1150-10","1/53",0.0364791253950767,0.0929117932771257,0,0,29.4881656804734,97.6357615143621,"PLAC8"
"LJP006 A549 24H-THZ-2-98-01-10","1/53",0.0364791253950767,0.0929117932771257,0,0,29.4881656804734,97.6357615143621,"SORL1"
"CPC016 SKB 24H-sr 57227 hydrochloride-10.0","1/53",0.0364791253950767,0.0929117932771257,0,0,29.4881656804734,97.6357615143621,"GFPT1"
"CPC005 A549 24H-ala-ala-phe-cmk-10.0","1/53",0.0364791253950767,0.0929117932771257,0,0,29.4881656804734,97.6357615143621,"CORO1A"
"CPC005 HA1E 6H-bmy 45778-10.0","1/53",0.0364791253950767,0.0929117932771257,0,0,29.4881656804734,97.6357615143621,"CORO1A"
"CPC005 HT29 6H-calyculin a-10.0","1/53",0.0364791253950767,0.0929117932771257,0,0,29.4881656804734,97.6357615143621,"CORO1A"
"CPC006 A549 6H-curcumin-48.0","1/53",0.0364791253950767,0.0929117932771257,0,0,29.4881656804734,97.6357615143621,"GFPT1"
"CPC011 PC3 6H-3-deoxydenosine-10.0","1/53",0.0364791253950767,0.0929117932771257,0,0,29.4881656804734,97.6357615143621,"GFPT1"
"LJP006 MCF10A 24H-QL-XII-47-1.11","1/53",0.0364791253950767,0.0929117932771257,0,0,29.4881656804734,97.6357615143621,"DDAH1"
"CPC020 PC3 24H-BRD-A31312900-10.0","1/53",0.0364791253950767,0.0929117932771257,0,0,29.4881656804734,97.6357615143621,"CORO1A"
"LJP006 MCF10A 3H-BI-2536-0.37","1/53",0.0364791253950767,0.0929117932771257,0,0,29.4881656804734,97.6357615143621,"PLAC8"
"CPC012 HA1E 6H-BRD-K82837433-10.0","1/53",0.0364791253950767,0.0929117932771257,0,0,29.4881656804734,97.6357615143621,"GFPT1"
"CPC006 HT115 6H-yk 4-279-10.0","1/53",0.0364791253950767,0.0929117932771257,0,0,29.4881656804734,97.6357615143621,"CORO1A"
"CPD003 PC3 6H-rosiglitazone hydrochloride-10.0","1/53",0.0364791253950767,0.0929117932771257,0,0,29.4881656804734,97.6357615143621,"ARHGEF18"
"LJP005 A375 24H-WH-4-025-0.37","1/53",0.0364791253950767,0.0929117932771257,0,0,29.4881656804734,97.6357615143621,"PLAC8"
"CPC013 A549 24H-s1216-10.0","1/53",0.0364791253950767,0.0929117932771257,0,0,29.4881656804734,97.6357615143621,"CORO1A"
"LJP006 SKBR3 3H-torin-1-0.12","1/53",0.0364791253950767,0.0929117932771257,0,0,29.4881656804734,97.6357615143621,"PLS1"
"CPC013 HEPG2 6H-s1130-10.0","1/53",0.0364791253950767,0.0929117932771257,0,0,29.4881656804734,97.6357615143621,"ARHGEF18"
"LJP007 A375 24H-idelalisib-1.11","1/53",0.0364791253950767,0.0929117932771257,0,0,29.4881656804734,97.6357615143621,"SORL1"
"CPC013 HEPG2 6H-BRD-K84677391-10.0","1/53",0.0364791253950767,0.0929117932771257,0,0,29.4881656804734,97.6357615143621,"ARHGEF18"
"CPC013 NPC 24H-c1386-10.0","1/53",0.0364791253950767,0.0929117932771257,0,0,29.4881656804734,97.6357615143621,"CORO1A"
"CPC006 NCIH2073 6H-dexamethasone-10.0","1/53",0.0364791253950767,0.0929117932771257,0,0,29.4881656804734,97.6357615143621,"DDAH1"
"CPC013 NPC 24H-BRD-K51683034-10.0","1/53",0.0364791253950767,0.0929117932771257,0,0,29.4881656804734,97.6357615143621,"ARHGEF18"
"CPC006 NCIH596 6H-ro 28-1675 ?-160.0","1/53",0.0364791253950767,0.0929117932771257,0,0,29.4881656804734,97.6357615143621,"GFPT1"
"CPC013 SKB 24H-BRD-K45818044-10.0","1/53",0.0364791253950767,0.0929117932771257,0,0,29.4881656804734,97.6357615143621,"CORO1A"
"LJP009 HCC515 24H-dasatinib-0.37","1/53",0.0364791253950767,0.0929117932771257,0,0,29.4881656804734,97.6357615143621,"EPB41L4B"
"CPC013 VCAP 24H-s1148-10.0","1/53",0.0364791253950767,0.0929117932771257,0,0,29.4881656804734,97.6357615143621,"ARHGEF18"
"LJP007 HT29 24H-HG-14-10-04-1.11","1/53",0.0364791253950767,0.0929117932771257,0,0,29.4881656804734,97.6357615143621,"SORL1"
"CPC014 A549 6H-geldanamycin-10.0","1/54",0.0371553801227102,0.0929117932771257,0,0,28.9303338171263,95.2573680772946,"ARHGEF18"
"CPC006 RMUGS 6H-BRD-K05649647-20.0","1/54",0.0371553801227102,0.0929117932771257,0,0,28.9303338171263,95.2573680772946,"CORO1A"
"CPC001 HCC515 6H-clofarabine-10.0","1/54",0.0371553801227102,0.0929117932771257,0,0,28.9303338171263,95.2573680772946,"GFPT1"
"CPC006 RMUGS 6H-curcumin-48.0","1/54",0.0371553801227102,0.0929117932771257,0,0,28.9303338171263,95.2573680772946,"DDAH1"
"CPC014 HCC515 6H-hy-10044-10.0","1/54",0.0371553801227102,0.0929117932771257,0,0,28.9303338171263,95.2573680772946,"GFPT1"
"CPC006 SKLU1 6H-emetine dihydrochloride hydrate (74)-0.63","1/54",0.0371553801227102,0.0929117932771257,0,0,28.9303338171263,95.2573680772946,"GFPT1"
"CPC014 HCC515 6H-BRD-K04923131-10.0","1/54",0.0371553801227102,0.0929117932771257,0,0,28.9303338171263,95.2573680772946,"CORO1A"
"LJP005 HEPG2 24H-WZ-3105-1.11","1/54",0.0371553801227102,0.0929117932771257,0,0,28.9303338171263,95.2573680772946,"PLAC8"
"LJP008 PC3 24H-PFI-1-0.37","1/54",0.0371553801227102,0.0929117932771257,0,0,28.9303338171263,95.2573680772946,"SORL1"
"LJP005 HS578T 24H-dasatinib-0.37","1/54",0.0371553801227102,0.0929117932771257,0,0,28.9303338171263,95.2573680772946,"PLAC8"
"CPC014 MCF7 24H-s1176-10.0","1/54",0.0371553801227102,0.0929117932771257,0,0,28.9303338171263,95.2573680772946,"PLS1"
"LJP008 HEPG2 24H-pracinostat-0.12","1/54",0.0371553801227102,0.0929117932771257,0,0,28.9303338171263,95.2573680772946,"EPB41L4B"
"CPC006 U937 6H-px12-30.0","1/54",0.0371553801227102,0.0929117932771257,0,0,28.9303338171263,95.2573680772946,"GFPT1"
"CPC003 HCC515 24H-nizatidine-10.0","1/54",0.0371553801227102,0.0929117932771257,0,0,28.9303338171263,95.2573680772946,"CORO1A"
"LJP005 MCF10A 3H-PD-184352-0.04","1/54",0.0371553801227102,0.0929117932771257,0,0,28.9303338171263,95.2573680772946,"PLAC8"
"CPC006 WSUDLCL2 6H-rottlerin ncgc00025228-11-9.68","1/54",0.0371553801227102,0.0929117932771257,0,0,28.9303338171263,95.2573680772946,"CORO1A"
"LJP005 MDAMB231 24H-geldanamycin-0.37","1/54",0.0371553801227102,0.0929117932771257,0,0,28.9303338171263,95.2573680772946,"PLAC8"
"CPC015 MCF7 24H-rhamnetin-10.0","1/54",0.0371553801227102,0.0929117932771257,0,0,28.9303338171263,95.2573680772946,"CORO1A"
"LJP005 SKBR3 3H-tozasertib-10","1/54",0.0371553801227102,0.0929117932771257,0,0,28.9303338171263,95.2573680772946,"PLAC8"
"LJP006 A375 24H-A443654-0.37","1/54",0.0371553801227102,0.0929117932771257,0,0,28.9303338171263,95.2573680772946,"SORL1"
"CPC005 HA1E 24H-indirubin-3-oxime-10.0","1/54",0.0371553801227102,0.0929117932771257,0,0,28.9303338171263,95.2573680772946,"PLS1"
"LJP006 HA1E 24H-sirolimus-1.11","1/54",0.0371553801227102,0.0929117932771257,0,0,28.9303338171263,95.2573680772946,"PLAC8"
"CPC008 VCAP 6H-vu0418939-2-10.0","1/54",0.0371553801227102,0.0929117932771257,0,0,28.9303338171263,95.2573680772946,"CORO1A"
"CPC017 PHH 24H-jak3 inhibitor vi-10.0","1/54",0.0371553801227102,0.0929117932771257,0,0,28.9303338171263,95.2573680772946,"PLS1"
"CPC006 A673 6H-4-demethoxydaunorubicin hydrochloride (65)-0.08","1/54",0.0371553801227102,0.0929117932771257,0,0,28.9303338171263,95.2573680772946,"CORO1A"
"CPC019 HA1E 6H-BRD-K31706415-10.0","1/54",0.0371553801227102,0.0929117932771257,0,0,28.9303338171263,95.2573680772946,"CORO1A"
"LJP006 HS578T 24H-dasatinib-3.33","1/54",0.0371553801227102,0.0929117932771257,0,0,28.9303338171263,95.2573680772946,"PLAC8"
"CPC010 HCC515 6H-BRD-K28916077-10.0","1/54",0.0371553801227102,0.0929117932771257,0,0,28.9303338171263,95.2573680772946,"GFPT1"
"LJP006 MDAMB231 3H-KIN001-043-10","1/54",0.0371553801227102,0.0929117932771257,0,0,28.9303338171263,95.2573680772946,"EPB41L4B"
"LJP005 A375 24H-pelitinib-3.33","1/54",0.0371553801227102,0.0929117932771257,0,0,28.9303338171263,95.2573680772946,"EPB41L4B"
"LJP005 A549 24H-CP466722-10","1/54",0.0371553801227102,0.0929117932771257,0,0,28.9303338171263,95.2573680772946,"SORL1"
"CPC006 HT29 6H-curcumin-48.0","1/54",0.0371553801227102,0.0929117932771257,0,0,28.9303338171263,95.2573680772946,"GFPT1"
"LJP006 SKBR3 24H-celastrol-0.12","1/54",0.0371553801227102,0.0929117932771257,0,0,28.9303338171263,95.2573680772946,"PLAC8"
"CPC006 LOVO 6H-tgx-115-160.0","1/54",0.0371553801227102,0.0929117932771257,0,0,28.9303338171263,95.2573680772946,"GFPT1"
"LJP006 SKBR3 3H-XMD-1150-0.37","1/54",0.0371553801227102,0.0929117932771257,0,0,28.9303338171263,95.2573680772946,"SORL1"
"LJP007 A375 24H-BS-181-10","1/54",0.0371553801227102,0.0929117932771257,0,0,28.9303338171263,95.2573680772946,"SORL1"
"CPC006 NCIH2073 6H-temsirolimus [ci779]-10.0","1/54",0.0371553801227102,0.0929117932771257,0,0,28.9303338171263,95.2573680772946,"ARHGEF18"
"CPC014 A375 6H-e3380-10.0","1/54",0.0371553801227102,0.0929117932771257,0,0,28.9303338171263,95.2573680772946,"CORO1A"
"LJP005 HCC515 24H-WZ-3105-1.11","1/55",0.037831194118661,0.0929117932771257,0,0,28.3931623931624,92.9768536498572,"PLAC8"
"CPC001 HA1E 6H-mibefradil dihydrochloride-10.0","1/55",0.037831194118661,0.0929117932771257,0,0,28.3931623931624,92.9768536498572,"CORO1A"
"LJP009 A375 24H-PF-3758309-0.12","1/55",0.037831194118661,0.0929117932771257,0,0,28.3931623931624,92.9768536498572,"SORL1"
"LJP008 HA1E 24H-entinostat-3.33","1/55",0.037831194118661,0.0929117932771257,0,0,28.3931623931624,92.9768536498572,"SELL"
"CPC014 HA1E 6H-a-1065-10.0","1/55",0.037831194118661,0.0929117932771257,0,0,28.3931623931624,92.9768536498572,"CORO1A"
"LJP005 HEPG2 24H-GDC-0980-0.37","1/55",0.037831194118661,0.0929117932771257,0,0,28.3931623931624,92.9768536498572,"SELL"
"LJP008 MCF7 24H-I-BET-0.37","1/55",0.037831194118661,0.0929117932771257,0,0,28.3931623931624,92.9768536498572,"PLS1"
"LJP008 HT29 24H-I-BET-1.11","1/55",0.037831194118661,0.0929117932771257,0,0,28.3931623931624,92.9768536498572,"PLAC8"
"LJP008 HCC515 24H-methylstat-1.11","1/55",0.037831194118661,0.0929117932771257,0,0,28.3931623931624,92.9768536498572,"PLAC8"
"CPC003 HCC515 24H-sulpiride-10.0","1/55",0.037831194118661,0.0929117932771257,0,0,28.3931623931624,92.9768536498572,"CORO1A"
"CPC003 HCC515 24H-bumetanide-10.0","1/55",0.037831194118661,0.0929117932771257,0,0,28.3931623931624,92.9768536498572,"CORO1A"
"LJP005 MCF7 3H-BYL719-10","1/55",0.037831194118661,0.0929117932771257,0,0,28.3931623931624,92.9768536498572,"PLAC8"
"CPC007 A375 6H-ncgc00183247-01-10.0","1/55",0.037831194118661,0.0929117932771257,0,0,28.3931623931624,92.9768536498572,"CORO1A"
"LJP005 MDAMB231 3H-AZD-8330-0.37","1/55",0.037831194118661,0.0929117932771257,0,0,28.3931623931624,92.9768536498572,"PLAC8"
"LJP005 MDAMB231 3H-NU-7441-10","1/55",0.037831194118661,0.0929117932771257,0,0,28.3931623931624,92.9768536498572,"PLAC8"
"CPC004 PC3 24H-sb 218078-10.0","1/55",0.037831194118661,0.0929117932771257,0,0,28.3931623931624,92.9768536498572,"DDAH1"
"LJP005 SKBR3 3H-torin-2-1.11","1/55",0.037831194118661,0.0929117932771257,0,0,28.3931623931624,92.9768536498572,"EPB41L4B"
"CPC008 HEPG2 6H-ncgc00182362-01-10.0","1/55",0.037831194118661,0.0929117932771257,0,0,28.3931623931624,92.9768536498572,"ARHGEF18"
"CPC017 PHH 24H-cycloheximide-10.0","1/55",0.037831194118661,0.0929117932771257,0,0,28.3931623931624,92.9768536498572,"PLS1"
"CPC005 PC3 6H-fluocinolone acetonide-10.0","1/55",0.037831194118661,0.0929117932771257,0,0,28.3931623931624,92.9768536498572,"ARHGEF18"
"LJP006 HCC515 24H-sirolimus-0.04","1/55",0.037831194118661,0.0929117932771257,0,0,28.3931623931624,92.9768536498572,"PLAC8"
"LJP006 HCC515 24H-dasatinib-0.37","1/55",0.037831194118661,0.0929117932771257,0,0,28.3931623931624,92.9768536498572,"PLAC8"
"CPC009 HEPG2 6H-BRD-K00313977-10.0","1/55",0.037831194118661,0.0929117932771257,0,0,28.3931623931624,92.9768536498572,"CORO1A"
"LJP006 HME1 3H-PI-103-0.37","1/55",0.037831194118661,0.0929117932771257,0,0,28.3931623931624,92.9768536498572,"EPB41L4B"
"LJP006 HS578T 3H-GSK-2126458-0.04","1/55",0.037831194118661,0.0929117932771257,0,0,28.3931623931624,92.9768536498572,"PLAC8"
"CPC006 HA1E 24H-as605240-10.0","1/55",0.037831194118661,0.0929117932771257,0,0,28.3931623931624,92.9768536498572,"PLS1"
"LJP006 MCF10A 3H-HG-6-64-01-3.33","1/55",0.037831194118661,0.0929117932771257,0,0,28.3931623931624,92.9768536498572,"PRKCB"
"CPC006 HCC515 6H-ingenol 3, 20-dibenzoate-10.0","1/55",0.037831194118661,0.0929117932771257,0,0,28.3931623931624,92.9768536498572,"GFPT1"
"CPC012 HA1E 6H-t5220758-10.0","1/55",0.037831194118661,0.0929117932771257,0,0,28.3931623931624,92.9768536498572,"GFPT1"
"LJP006 MDAMB231 24H-mitoxantrone-1.11","1/55",0.037831194118661,0.0929117932771257,0,0,28.3931623931624,92.9768536498572,"PLAC8"
"LJP005 A375 24H-withaferin-a-1.11","1/55",0.037831194118661,0.0929117932771257,0,0,28.3931623931624,92.9768536498572,"SORL1"
"LJP006 SKBR3 3H-sirolimus-0.12","1/55",0.037831194118661,0.0929117932771257,0,0,28.3931623931624,92.9768536498572,"PLAC8"
"LJP006 SKBR3 3H-geldanamycin-0.37","1/55",0.037831194118661,0.0929117932771257,0,0,28.3931623931624,92.9768536498572,"SORL1"
"CPC006 NCIH2073 6H-gemcitabine-0.08","1/55",0.037831194118661,0.0929117932771257,0,0,28.3931623931624,92.9768536498572,"CORO1A"
"CPC006 NCIH596 6H-chr 2797-80.0","1/55",0.037831194118661,0.0929117932771257,0,0,28.3931623931624,92.9768536498572,"CORO1A"
"LJP005 HA1E 24H-AKT-inhibitor-1-2-10","1/55",0.037831194118661,0.0929117932771257,0,0,28.3931623931624,92.9768536498572,"SELL"
"CPC001 HA1E 24H-gangleoidin acetate-10.0","1/56",0.0385065676493856,0.0929117932771257,0,0,27.8755244755245,90.7885333605763,"GFPT1"
"CPC001 HCC515 6H-vinblastine sulfate-10.0","1/56",0.0385065676493856,0.0929117932771257,0,0,27.8755244755245,90.7885333605763,"CORO1A"
"CPC006 SKMEL28 6H-BRD-K56343971-10.0","1/56",0.0385065676493856,0.0929117932771257,0,0,27.8755244755245,90.7885333605763,"CORO1A"
"CPC006 SW620 6H-le 135-20.0","1/56",0.0385065676493856,0.0929117932771257,0,0,27.8755244755245,90.7885333605763,"GFPT1"
"LJP005 HS578T 3H-CGP-60474-0.04","1/56",0.0385065676493856,0.0929117932771257,0,0,27.8755244755245,90.7885333605763,"SELL"
"CPC002 VCAP 24H-flufenamic acid-10.0","1/56",0.0385065676493856,0.0929117932771257,0,0,27.8755244755245,90.7885333605763,"ARHGEF18"
"CPC006 VCAP 6H-BRD-K73261812-10.0","1/56",0.0385065676493856,0.0929117932771257,0,0,27.8755244755245,90.7885333605763,"CORO1A"
"CPC006 VCAP 6H-pf 750-80.0","1/56",0.0385065676493856,0.0929117932771257,0,0,27.8755244755245,90.7885333605763,"PLS1"
"CPC016 A549 24H-raclopride-10.0","1/56",0.0385065676493856,0.0929117932771257,0,0,27.8755244755245,90.7885333605763,"CORO1A"
"CPC004 PC3 6H-digoxin-10.0","1/56",0.0385065676493856,0.0929117932771257,0,0,27.8755244755245,90.7885333605763,"PLS1"
"CPC004 PC3 6H-BRD-K87343924 (wortmannin)-10.0","1/56",0.0385065676493856,0.0929117932771257,0,0,27.8755244755245,90.7885333605763,"GFPT1"
"CPC016 SKB 24H-geldanamycin-10.0","1/56",0.0385065676493856,0.0929117932771257,0,0,27.8755244755245,90.7885333605763,"GFPT1"
"CPC008 HT29 6H-ncgc00182371-01-10.0","1/56",0.0385065676493856,0.0929117932771257,0,0,27.8755244755245,90.7885333605763,"GFPT1"
"CPC017 MCF7 6H-digitoxin-10.0","1/56",0.0385065676493856,0.0929117932771257,0,0,27.8755244755245,90.7885333605763,"GFPT1"
"CPC017 NPC 24H-sb 225002-10.0","1/56",0.0385065676493856,0.0929117932771257,0,0,27.8755244755245,90.7885333605763,"GFPT1"
"CPC018 HEPG2 6H-doxorubicin-10.0","1/56",0.0385065676493856,0.0929117932771257,0,0,27.8755244755245,90.7885333605763,"CORO1A"
"LJP006 HME1 24H-HG-5-88-01-10","1/56",0.0385065676493856,0.0929117932771257,0,0,27.8755244755245,90.7885333605763,"PRKCB"
"CPC006 AGS 6H-pf 750-80.0","1/56",0.0385065676493856,0.0929117932771257,0,0,27.8755244755245,90.7885333605763,"PLS1"
"CPC019 MCF7 24H-BRD-K84106030-10.0","1/56",0.0385065676493856,0.0929117932771257,0,0,27.8755244755245,90.7885333605763,"ARHGEF18"
"CPC011 VCAP 24H-ftorafur-10.0","1/56",0.0385065676493856,0.0929117932771257,0,0,27.8755244755245,90.7885333605763,"GFPT1"
"LJP006 MCF10A 3H-torin-1-10","1/56",0.0385065676493856,0.0929117932771257,0,0,27.8755244755245,90.7885333605763,"SORL1"
"LJP006 MDAMB231 24H-WYE-125132-1.11","1/56",0.0385065676493856,0.0929117932771257,0,0,27.8755244755245,90.7885333605763,"PLAC8"
"LJP007 A375 24H-NVP-BGJ398-10","1/56",0.0385065676493856,0.0929117932771257,0,0,27.8755244755245,90.7885333605763,"SORL1"
"LJP009 HEPG2 24H-GDC-0879-0.37","1/56",0.0385065676493856,0.0929117932771257,0,0,27.8755244755245,90.7885333605763,"SORL1"
"LJP007 HT29 24H-idelalisib-1.11","1/56",0.0385065676493856,0.0929117932771257,0,0,27.8755244755245,90.7885333605763,"SORL1"
"CPC014 HA1E 6H-s1142-10.0","1/57",0.0391815009686788,0.0929117932771257,0,0,27.3763736263736,88.6871464473845,"ARHGEF18"
"LJP005 HEPG2 24H-SB590885-1.11","1/57",0.0391815009686788,0.0929117932771257,0,0,27.3763736263736,88.6871464473845,"DDAH1"
"CPC014 HCC515 6H-BRD-K88551539-10.0","1/57",0.0391815009686788,0.0929117932771257,0,0,27.3763736263736,88.6871464473845,"ARHGEF18"
"CPC006 SNU1040 6H-BRD-K92317137-10.0","1/57",0.0391815009686788,0.0929117932771257,0,0,27.3763736263736,88.6871464473845,"GFPT1"
"CPC006 SNUC4 6H-BRD-K04853698-10.0","1/57",0.0391815009686788,0.0929117932771257,0,0,27.3763736263736,88.6871464473845,"PLS1"
"LJP008 HT29 24H-I-BET151-0.37","1/57",0.0391815009686788,0.0929117932771257,0,0,27.3763736263736,88.6871464473845,"PLAC8"
"LJP005 HS578T 3H-AS-601245-1.11","1/57",0.0391815009686788,0.0929117932771257,0,0,27.3763736263736,88.6871464473845,"PLAC8"
"LJP005 HS578T 3H-NVP-BEZ235-0.12","1/57",0.0391815009686788,0.0929117932771257,0,0,27.3763736263736,88.6871464473845,"PRKCB"
"CPC014 MCF7 6H-s1018-10.0","1/57",0.0391815009686788,0.0929117932771257,0,0,27.3763736263736,88.6871464473845,"GFPT1"
"LJP005 HT29 24H-enzastaurin-10","1/57",0.0391815009686788,0.0929117932771257,0,0,27.3763736263736,88.6871464473845,"PLAC8"
"CPC014 SKB 24H-BRD-K49865102-10.0","1/57",0.0391815009686788,0.0929117932771257,0,0,27.3763736263736,88.6871464473845,"PLS1"
"CPC003 PC3 24H-vinblastine sulfate-10.0","1/57",0.0391815009686788,0.0929117932771257,0,0,27.3763736263736,88.6871464473845,"GFPT1"
"CPC014 VCAP 24H-cc-100-10.0","1/57",0.0391815009686788,0.0929117932771257,0,0,27.3763736263736,88.6871464473845,"CORO1A"
"CPC006 VCAP 6H-bms-536924-11.1","1/57",0.0391815009686788,0.0929117932771257,0,0,27.3763736263736,88.6871464473845,"GFPT1"
"LJP005 MCF7 3H-tozasertib-3.33","1/57",0.0391815009686788,0.0929117932771257,0,0,27.3763736263736,88.6871464473845,"CORO1A"
"LJP005 SKBR3 24H-dasatinib-0.12","1/57",0.0391815009686788,0.0929117932771257,0,0,27.3763736263736,88.6871464473845,"ELF3"
"LJP005 SKBR3 24H-BX-912-3.33","1/57",0.0391815009686788,0.0929117932771257,0,0,27.3763736263736,88.6871464473845,"PLAC8"
"LJP005 SKBR3 3H-torin-2-0.37","1/57",0.0391815009686788,0.0929117932771257,0,0,27.3763736263736,88.6871464473845,"PRKCB"
"CPC004 VCAP 6H-estradiol-10.0","1/57",0.0391815009686788,0.0929117932771257,0,0,27.3763736263736,88.6871464473845,"GFPT1"
"CPC008 A375 6H-kuc103670 kuc103670n-10.0","1/57",0.0391815009686788,0.0929117932771257,0,0,27.3763736263736,88.6871464473845,"ARHGEF18"
"CPC017 A549 6H-kf 38789-10.0","1/57",0.0391815009686788,0.0929117932771257,0,0,27.3763736263736,88.6871464473845,"CORO1A"
"CPC017 A549 6H-tubocurarine chloride pentahydrate (+)-10.0","1/57",0.0391815009686788,0.0929117932771257,0,0,27.3763736263736,88.6871464473845,"CORO1A"
"CPC005 A549 6H-sb 203186 hydrochloride-10.0","1/57",0.0391815009686788,0.0929117932771257,0,0,27.3763736263736,88.6871464473845,"ARHGEF18"
"LJP006 BT20 24H-OSI-027-10","1/57",0.0391815009686788,0.0929117932771257,0,0,27.3763736263736,88.6871464473845,"PRKCB"
"CPC005 MCF7 6H-digitoxigenin-10.0","1/57",0.0391815009686788,0.0929117932771257,0,0,27.3763736263736,88.6871464473845,"EPB41L4B"
"CPC018 MCF7 6H-mycophenolic acid-10.0","1/57",0.0391815009686788,0.0929117932771257,0,0,27.3763736263736,88.6871464473845,"GFPT1"
"LJP006 HME1 3H-CHIR-99021-10","1/57",0.0391815009686788,0.0929117932771257,0,0,27.3763736263736,88.6871464473845,"EPB41L4B"
"CPC018 PHH 24H-pd 102807-10.0","1/57",0.0391815009686788,0.0929117932771257,0,0,27.3763736263736,88.6871464473845,"PLS1"
"CPC019 A375 6H-geldanamycin-10.0","1/57",0.0391815009686788,0.0929117932771257,0,0,27.3763736263736,88.6871464473845,"ARHGEF18"
"LJP006 HME1 3H-canertinib-0.04","1/57",0.0391815009686788,0.0929117932771257,0,0,27.3763736263736,88.6871464473845,"PLS1"
"CPC006 AGS 6H-bay 11-7821-10.0","1/57",0.0391815009686788,0.0929117932771257,0,0,27.3763736263736,88.6871464473845,"GFPT1"
"CPC006 H1299 6H-cjd-pla-20-1-40.0","1/57",0.0391815009686788,0.0929117932771257,0,0,27.3763736263736,88.6871464473845,"PLS1"
"CPC012 A549 6H-ossk 645683-10.0","1/57",0.0391815009686788,0.0929117932771257,0,0,27.3763736263736,88.6871464473845,"CORO1A"
"CPC006 HCT116 6H-chaetocin-0.08","1/57",0.0391815009686788,0.0929117932771257,0,0,27.3763736263736,88.6871464473845,"CORO1A"
"CPC006 HCT116 6H-su11652-10.0","1/57",0.0391815009686788,0.0929117932771257,0,0,27.3763736263736,88.6871464473845,"CORO1A"
"LJP006 MDAMB231 3H-XMD-1150-3.33","1/57",0.0391815009686788,0.0929117932771257,0,0,27.3763736263736,88.6871464473845,"SORL1"
"LJP006 PC3 24H-WYE-125132-0.04","1/57",0.0391815009686788,0.0929117932771257,0,0,27.3763736263736,88.6871464473845,"CORO1A"
"LJP005 A375 24H-CGP-60474-0.04","1/57",0.0391815009686788,0.0929117932771257,0,0,27.3763736263736,88.6871464473845,"SORL1"
"LJP006 SKBR3 3H-celastrol-3.33","1/57",0.0391815009686788,0.0929117932771257,0,0,27.3763736263736,88.6871464473845,"SORL1"
"LJP007 HCC515 24H-AST1306-0.12","1/57",0.0391815009686788,0.0929117932771257,0,0,27.3763736263736,88.6871464473845,"PLAC8"
"LJP007 HEPG2 24H-dacomitinib-10","1/57",0.0391815009686788,0.0929117932771257,0,0,27.3763736263736,88.6871464473845,"SORL1"
"CPC013 SKB 24H-BRD-K00954209-10.0","1/57",0.0391815009686788,0.0929117932771257,0,0,27.3763736263736,88.6871464473845,"CORO1A"
"CPC013 VCAP 24H-BRD-K88542532-10.0","1/57",0.0391815009686788,0.0929117932771257,0,0,27.3763736263736,88.6871464473845,"ARHGEF18"
"CPC006 PC3 6H-temsirolimus [ci779]-10.0","1/57",0.0391815009686788,0.0929117932771257,0,0,27.3763736263736,88.6871464473845,"GFPT1"
"CPC001 HA1E 24H-cdc-10.0","1/58",0.039855994355867,0.0929117932771257,0,0,26.8947368421053,86.6678177958188,"ARHGEF18"
"CPC014 A549 6H-stock1n-27488-10.0","1/58",0.039855994355867,0.0929117932771257,0,0,26.8947368421053,86.6678177958188,"CORO1A"
"CPC014 HA1E 6H-BRD-U33728988-10.0","1/58",0.039855994355867,0.0929117932771257,0,0,26.8947368421053,86.6678177958188,"CORO1A"
"LJP005 HEPG2 24H-NVP-AEW541-10","1/58",0.039855994355867,0.0929117932771257,0,0,26.8947368421053,86.6678177958188,"SELL"
"CPC014 HCC515 6H-hy-11067-10.0","1/58",0.039855994355867,0.0929117932771257,0,0,26.8947368421053,86.6678177958188,"CORO1A"
"LJP008 HCC515 24H-KU-55933-10","1/58",0.039855994355867,0.0929117932771257,0,0,26.8947368421053,86.6678177958188,"PRKCB"
"LJP008 HCC515 24H-(-)-JQ1-10","1/58",0.039855994355867,0.0929117932771257,0,0,26.8947368421053,86.6678177958188,"PLAC8"
"CPC014 VCAP 24H-t018500-10.0","1/58",0.039855994355867,0.0929117932771257,0,0,26.8947368421053,86.6678177958188,"ARHGEF18"
"CPC014 VCAP 6H-k784-3188-10.0","1/58",0.039855994355867,0.0929117932771257,0,0,26.8947368421053,86.6678177958188,"PLS1"
"LJP005 MCF10A 3H-NVP-AUY922-0.04","1/58",0.039855994355867,0.0929117932771257,0,0,26.8947368421053,86.6678177958188,"PLAC8"
"LJP005 MCF7 24H-buparlisib-0.37","1/58",0.039855994355867,0.0929117932771257,0,0,26.8947368421053,86.6678177958188,"PLAC8"
"CPC015 HEPG2 6H-selamectin-10.0","1/58",0.039855994355867,0.0929117932771257,0,0,26.8947368421053,86.6678177958188,"GFPT1"
"LJP005 MDAMB231 3H-TG-101348-3.33","1/58",0.039855994355867,0.0929117932771257,0,0,26.8947368421053,86.6678177958188,"SORL1"
"CPC004 HEPG2 6H-colforsin-10.0","1/58",0.039855994355867,0.0929117932771257,0,0,26.8947368421053,86.6678177958188,"CORO1A"
"LJP006 A549 24H-GSK-1059615-10","1/58",0.039855994355867,0.0929117932771257,0,0,26.8947368421053,86.6678177958188,"SELL"
"CPC005 A375 6H-anpirtoline hydrochloride-10.0","1/58",0.039855994355867,0.0929117932771257,0,0,26.8947368421053,86.6678177958188,"ARHGEF18"
"CPC009 HA1E 6H-BRD-K18726304-10.0","1/58",0.039855994355867,0.0929117932771257,0,0,26.8947368421053,86.6678177958188,"GFPT1"
"CPC009 HCC515 6H-BRD-K04676863-10.0","1/58",0.039855994355867,0.0929117932771257,0,0,26.8947368421053,86.6678177958188,"CORO1A"
"CPC009 HEPG2 6H-BRD-K38625260-10.0","1/58",0.039855994355867,0.0929117932771257,0,0,26.8947368421053,86.6678177958188,"ARHGEF18"
"CPC018 HT29 6H-parthenolide-10.0","1/58",0.039855994355867,0.0929117932771257,0,0,26.8947368421053,86.6678177958188,"GFPT1"
"CPC018 PHH 24H-aristolochic acid-10.0","1/58",0.039855994355867,0.0929117932771257,0,0,26.8947368421053,86.6678177958188,"PLS1"
"CPC006 COV644 6H-BRD-K92317137-10.0","1/58",0.039855994355867,0.0929117932771257,0,0,26.8947368421053,86.6678177958188,"GFPT1"
"LJP006 HS578T 3H-WYE-125132-10","1/58",0.039855994355867,0.0929117932771257,0,0,26.8947368421053,86.6678177958188,"SELL"
"CPC006 HA1E 6H-dg-041-40.0","1/58",0.039855994355867,0.0929117932771257,0,0,26.8947368421053,86.6678177958188,"DDAH1"
"CPC012 ASC 24H-BRD-K63954456-10.0","1/58",0.039855994355867,0.0929117932771257,0,0,26.8947368421053,86.6678177958188,"ARHGEF18"
"CPC006 HCC515 6H-BRD-K54256913-10.0","1/58",0.039855994355867,0.0929117932771257,0,0,26.8947368421053,86.6678177958188,"ARHGEF18"
"LJP006 MDAMB231 24H-AS-605240-1.11","1/58",0.039855994355867,0.0929117932771257,0,0,26.8947368421053,86.6678177958188,"LAT2"
"CPC006 HT29 24H-prl-3 inhibitor i-40.0","1/58",0.039855994355867,0.0929117932771257,0,0,26.8947368421053,86.6678177958188,"PLS1"
"LJP006 MDAMB231 3H-BI-2536-0.12","1/58",0.039855994355867,0.0929117932771257,0,0,26.8947368421053,86.6678177958188,"PLAC8"
"CPC013 A549 24H-BRD-K80786583-10.0","1/58",0.039855994355867,0.0929117932771257,0,0,26.8947368421053,86.6678177958188,"CORO1A"
"CPC006 LOVO 6H-valdecoxib-177.6","1/58",0.039855994355867,0.0929117932771257,0,0,26.8947368421053,86.6678177958188,"CORO1A"
"LJP006 SKBR3 3H-AT-7519-0.37","1/58",0.039855994355867,0.0929117932771257,0,0,26.8947368421053,86.6678177958188,"DDAH1"
"LJP006 SKBR3 3H-JW-7-24-1-10","1/58",0.039855994355867,0.0929117932771257,0,0,26.8947368421053,86.6678177958188,"SORL1"
"LJP009 HT29 24H-XMD-1499-10","1/58",0.039855994355867,0.0929117932771257,0,0,26.8947368421053,86.6678177958188,"SORL1"
"LJP007 HA1E 24H-quizartinib-10","1/58",0.039855994355867,0.0929117932771257,0,0,26.8947368421053,86.6678177958188,"SORL1"
"LJP007 HCC515 24H-dacomitinib-0.04","1/58",0.039855994355867,0.0929117932771257,0,0,26.8947368421053,86.6678177958188,"PLAC8"
"LJP007 HCC515 24H-cabozantinib-10","1/58",0.039855994355867,0.0929117932771257,0,0,26.8947368421053,86.6678177958188,"PLAC8"
"CPC013 SKB 24H-BRD-A75931230-10.0","1/58",0.039855994355867,0.0929117932771257,0,0,26.8947368421053,86.6678177958188,"CORO1A"
"LJP007 HEPG2 24H-PHA-767491-10","1/58",0.039855994355867,0.0929117932771257,0,0,26.8947368421053,86.6678177958188,"SORL1"
"CPC006 NOMO1 6H-BRD-K49371609-0.09","1/58",0.039855994355867,0.0929117932771257,0,0,26.8947368421053,86.6678177958188,"PLS1"
"CPC013 VCAP 24H-st012030-10.0","1/58",0.039855994355867,0.0929117932771257,0,0,26.8947368421053,86.6678177958188,"ARHGEF18"
"CPC013 VCAP 24H-np-004007-10.0","1/58",0.039855994355867,0.0929117932771257,0,0,26.8947368421053,86.6678177958188,"ARHGEF18"
"CPC013 VCAP 24H-s1352-10.0","1/58",0.039855994355867,0.0929117932771257,0,0,26.8947368421053,86.6678177958188,"ARHGEF18"
"CPC014 A549 24H-BRD-K72703948-10.0","1/59",0.040530048064478,0.0929117932771257,0,0,26.4297082228117,84.7260236205579,"CORO1A"
"CPC014 ASC 24H-BRD-K83972459-10.0","1/59",0.040530048064478,0.0929117932771257,0,0,26.4297082228117,84.7260236205579,"CORO1A"
"LJP009 A375 24H-PF-3758309-0.37","1/59",0.040530048064478,0.0929117932771257,0,0,26.4297082228117,84.7260236205579,"SORL1"
"CPC014 HA1E 6H-hy-13001-10.0","1/59",0.040530048064478,0.0929117932771257,0,0,26.4297082228117,84.7260236205579,"CORO1A"
"CPC001 PC3 24H-vinblastine sulfate-10.0","1/59",0.040530048064478,0.0929117932771257,0,0,26.4297082228117,84.7260236205579,"GFPT1"
"CPC014 HCC515 6H-stk397047-10.0","1/59",0.040530048064478,0.0929117932771257,0,0,26.4297082228117,84.7260236205579,"GFPT1"
"LJP008 PC3 24H-C646-10","1/59",0.040530048064478,0.0929117932771257,0,0,26.4297082228117,84.7260236205579,"PLS1"
"LJP008 HT29 24H-tanespimycin-10","1/59",0.040530048064478,0.0929117932771257,0,0,26.4297082228117,84.7260236205579,"PLAC8"
"LJP008 HT29 24H-CGP-60474-1.11","1/59",0.040530048064478,0.0929117932771257,0,0,26.4297082228117,84.7260236205579,"SORL1"
"CPC014 NPC 24H-BRD-A25337146-10.0","1/59",0.040530048064478,0.0929117932771257,0,0,26.4297082228117,84.7260236205579,"CORO1A"
"CPC003 HCC515 24H-pq 401-10.0","1/59",0.040530048064478,0.0929117932771257,0,0,26.4297082228117,84.7260236205579,"CORO1A"
"CPC003 HCC515 24H-c-1-10.0","1/59",0.040530048064478,0.0929117932771257,0,0,26.4297082228117,84.7260236205579,"CORO1A"
"CPC003 PC3 6H-doxorubicin hydrochloride-10.0","1/59",0.040530048064478,0.0929117932771257,0,0,26.4297082228117,84.7260236205579,"GFPT1"
"CPC006 WSUDLCL2 6H-parthenolide-20.0","1/59",0.040530048064478,0.0929117932771257,0,0,26.4297082228117,84.7260236205579,"GFPT1"
"CPC015 A549 24H-triamterene-10.0","1/59",0.040530048064478,0.0929117932771257,0,0,26.4297082228117,84.7260236205579,"CORO1A"
"CPC015 ASC 24H-bithionate sodium-10.0","1/59",0.040530048064478,0.0929117932771257,0,0,26.4297082228117,84.7260236205579,"ARHGEF18"
"CPC004 HCC515 24H-dcpib-10.0","1/59",0.040530048064478,0.0929117932771257,0,0,26.4297082228117,84.7260236205579,"CORO1A"
"LJP005 MDAMB231 3H-PD-184352-10","1/59",0.040530048064478,0.0929117932771257,0,0,26.4297082228117,84.7260236205579,"SORL1"
"LJP005 SKBR3 24H-TWS-119-10","1/59",0.040530048064478,0.0929117932771257,0,0,26.4297082228117,84.7260236205579,"ELF3"
"LJP006 A375 24H-GSK-1059615-10","1/59",0.040530048064478,0.0929117932771257,0,0,26.4297082228117,84.7260236205579,"PLAC8"
"CPC008 A549 6H-BRD-K89059493-10.0","1/59",0.040530048064478,0.0929117932771257,0,0,26.4297082228117,84.7260236205579,"GFPT1"
"LJP006 BT20 24H-HG-6-64-01-10","1/59",0.040530048064478,0.0929117932771257,0,0,26.4297082228117,84.7260236205579,"PLAC8"
"CPC005 A549 6H-sc 19220-10.0","1/59",0.040530048064478,0.0929117932771257,0,0,26.4297082228117,84.7260236205579,"ARHGEF18"
"LJP006 HA1E 24H-lapatinib-10","1/59",0.040530048064478,0.0929117932771257,0,0,26.4297082228117,84.7260236205579,"SORL1"
"LJP006 HA1E 24H-OSI-027-0.37","1/59",0.040530048064478,0.0929117932771257,0,0,26.4297082228117,84.7260236205579,"PRKCB"
"CPC018 PHH 24H-cycloheximide-10.0","1/59",0.040530048064478,0.0929117932771257,0,0,26.4297082228117,84.7260236205579,"PLS1"
"CPC006 A673 6H-trifluoperazine dihydrochloride-10.0","1/59",0.040530048064478,0.0929117932771257,0,0,26.4297082228117,84.7260236205579,"CORO1A"
"LJP006 LNCAP 24H-KIN001-043-3.33","1/59",0.040530048064478,0.0929117932771257,0,0,26.4297082228117,84.7260236205579,"SORL1"
"CPC020 HT29 6H-BRD-A49848186-10.0","1/59",0.040530048064478,0.0929117932771257,0,0,26.4297082228117,84.7260236205579,"GFPT1"
"CPC012 ASC 24H-t5715534-10.0","1/59",0.040530048064478,0.0929117932771257,0,0,26.4297082228117,84.7260236205579,"CORO1A"
"CPD001 PC3 24H-nocodazole-10.0","1/59",0.040530048064478,0.0929117932771257,0,0,26.4297082228117,84.7260236205579,"ARHGEF18"
"CPC006 HT29 24H-rosiglitazone hydrochloride-80.0","1/59",0.040530048064478,0.0929117932771257,0,0,26.4297082228117,84.7260236205579,"PLS1"
"LJP005 A375 24H-PLX-4720-0.04","1/59",0.040530048064478,0.0929117932771257,0,0,26.4297082228117,84.7260236205579,"EPB41L4B"
"CPC006 HT29 6H-b675700.cdx-0.04","1/59",0.040530048064478,0.0929117932771257,0,0,26.4297082228117,84.7260236205579,"GFPT1"
"LJP005 BT20 24H-radicicol-0.12","1/59",0.040530048064478,0.0929117932771257,0,0,26.4297082228117,84.7260236205579,"SORL1"
"CPC013 NPC 24H-BRD-K74949371-10.0","1/59",0.040530048064478,0.0929117932771257,0,0,26.4297082228117,84.7260236205579,"CORO1A"
"CPC006 NCIH2073 6H-ym-155-0.31","1/59",0.040530048064478,0.0929117932771257,0,0,26.4297082228117,84.7260236205579,"CORO1A"
"LJP005 BT20 3H-CYT387-10","1/59",0.040530048064478,0.0929117932771257,0,0,26.4297082228117,84.7260236205579,"SORL1"
"CPC006 NCIH596 6H-arachidonyl trifluoro-methyl ketone-80.0","1/59",0.040530048064478,0.0929117932771257,0,0,26.4297082228117,84.7260236205579,"GFPT1"
"LJP007 HEPG2 24H-WZ-4002-10","1/59",0.040530048064478,0.0929117932771257,0,0,26.4297082228117,84.7260236205579,"CORO1A"
"LJP009 HCC515 24H-RAF 265-0.37","1/59",0.040530048064478,0.0929117932771257,0,0,26.4297082228117,84.7260236205579,"SORL1"
"CPC013 VCAP 24H-c1386-10.0","1/59",0.040530048064478,0.0929117932771257,0,0,26.4297082228117,84.7260236205579,"ARHGEF18"
"CPC014 A375 6H-axon1408-10.0","1/59",0.040530048064478,0.0929117932771257,0,0,26.4297082228117,84.7260236205579,"PLS1"
"CPC006 PC3 6H-BRD-K17140735-11.1","1/59",0.040530048064478,0.0929117932771257,0,0,26.4297082228117,84.7260236205579,"GFPT1"
"CPC014 A549 24H-t5323840-10.0","1/60",0.0412036623612398,0.0929117932771257,0,0,25.980443285528,82.8575606681614,"CORO1A"
"CPC001 HCC515 24H-aloisine-10.0","1/60",0.0412036623612398,0.0929117932771257,0,0,25.980443285528,82.8575606681614,"GFPT1"
"CPC014 HT29 6H-axon1408-10.0","1/60",0.0412036623612398,0.0929117932771257,0,0,25.980443285528,82.8575606681614,"CORO1A"
"LJP008 HT29 24H-CGK-733-10","1/60",0.0412036623612398,0.0929117932771257,0,0,25.980443285528,82.8575606681614,"PRKCB"
"CPC006 WSUDLCL2 6H-ku-0063794-10.0","1/60",0.0412036623612398,0.0929117932771257,0,0,25.980443285528,82.8575606681614,"CORO1A"
"CPC004 HCC515 24H-benzopurpurin (b)-10.0","1/60",0.0412036623612398,0.0929117932771257,0,0,25.980443285528,82.8575606681614,"GFPT1"
"LJP005 SKBR3 3H-NVP-BEZ235-0.37","1/60",0.0412036623612398,0.0929117932771257,0,0,25.980443285528,82.8575606681614,"PLAC8"
"CPC016 HT29 6H-ag 592-10.0","1/60",0.0412036623612398,0.0929117932771257,0,0,25.980443285528,82.8575606681614,"GFPT1"
"CPC016 NPC 24H-pp 1-10.0","1/60",0.0412036623612398,0.0929117932771257,0,0,25.980443285528,82.8575606681614,"CORO1A"
"CPC017 A549 24H-odq-10.0","1/60",0.0412036623612398,0.0929117932771257,0,0,25.980443285528,82.8575606681614,"CORO1A"
"CPC005 A549 6H-ns3694-10.0","1/60",0.0412036623612398,0.0929117932771257,0,0,25.980443285528,82.8575606681614,"ARHGEF18"
"LJP006 HEPG2 24H-WYE-125132-0.37","1/60",0.0412036623612398,0.0929117932771257,0,0,25.980443285528,82.8575606681614,"EPB41L4B"
"LJP006 HME1 3H-fostamatinib-10","1/60",0.0412036623612398,0.0929117932771257,0,0,25.980443285528,82.8575606681614,"PLS1"
"CPC006 AGS 6H-sb 225002-11.1","1/60",0.0412036623612398,0.0929117932771257,0,0,25.980443285528,82.8575606681614,"GFPT1"
"CPC010 MCF7 6H-BRD-K70831943-10.0","1/60",0.0412036623612398,0.0929117932771257,0,0,25.980443285528,82.8575606681614,"CORO1A"
"LJP006 HT29 24H-PHA-793887-1.11","1/60",0.0412036623612398,0.0929117932771257,0,0,25.980443285528,82.8575606681614,"SORL1"
"LJP006 MCF10A 24H-XMD11-85H-10","1/60",0.0412036623612398,0.0929117932771257,0,0,25.980443285528,82.8575606681614,"PLAC8"
"LJP006 MCF7 24H-AZD-5438-3.33","1/60",0.0412036623612398,0.0929117932771257,0,0,25.980443285528,82.8575606681614,"SORL1"
"LJP006 MDAMB231 24H-QL-XII-47-3.33","1/60",0.0412036623612398,0.0929117932771257,0,0,25.980443285528,82.8575606681614,"SORL1"
"LJP006 MDAMB231 24H-saracatinib-10","1/60",0.0412036623612398,0.0929117932771257,0,0,25.980443285528,82.8575606681614,"PRKCB"
"LJP005 A375 24H-CP466722-10","1/60",0.0412036623612398,0.0929117932771257,0,0,25.980443285528,82.8575606681614,"SORL1"
"CPC006 HT29 6H-piplartine-10.0","1/60",0.0412036623612398,0.0929117932771257,0,0,25.980443285528,82.8575606681614,"GFPT1"
"LJP006 SKBR3 3H-XMD-1150-3.33","1/60",0.0412036623612398,0.0929117932771257,0,0,25.980443285528,82.8575606681614,"SORL1"
"LJP006 SKBR3 3H-BI-2536-10","1/60",0.0412036623612398,0.0929117932771257,0,0,25.980443285528,82.8575606681614,"SORL1"
"LJP007 A375 24H-everolimus-0.37","1/60",0.0412036623612398,0.0929117932771257,0,0,25.980443285528,82.8575606681614,"SORL1"
"LJP005 BT20 24H-radicicol-3.33","1/60",0.0412036623612398,0.0929117932771257,0,0,25.980443285528,82.8575606681614,"PLAC8"
"LJP009 HEPG2 24H-TAK-715-10","1/60",0.0412036623612398,0.0929117932771257,0,0,25.980443285528,82.8575606681614,"SORL1"
"CPC006 NCIH2073 6H-menadione-10.0","1/60",0.0412036623612398,0.0929117932771257,0,0,25.980443285528,82.8575606681614,"CORO1A"
"CPC006 NCIH596 6H-chaetocin-0.08","1/60",0.0412036623612398,0.0929117932771257,0,0,25.980443285528,82.8575606681614,"GFPT1"
"CPC006 NCIH596 6H-dl-pdmp-64.0","1/60",0.0412036623612398,0.0929117932771257,0,0,25.980443285528,82.8575606681614,"CORO1A"
"CPC013 VCAP 24H-BRD-K98714523-10.0","1/60",0.0412036623612398,0.0929117932771257,0,0,25.980443285528,82.8575606681614,"ARHGEF18"
"CPC006 PL21 6H-azd8055-10.0","1/61",0.041876837511306,0.0929117932771257,0,0,25.5461538461538,81.0585186158868,"CORO1A"
"CPC006 RKO 6H-retinoic acid-40.0","1/61",0.041876837511306,0.0929117932771257,0,0,25.5461538461538,81.0585186158868,"CORO1A"
"CPC014 HEPG2 6H-BRD-K49865102-10.0","1/61",0.041876837511306,0.0929117932771257,0,0,25.5461538461538,81.0585186158868,"PLS1"
"LJP008 MCF7 24H-(+)-JQ1-0.12","1/61",0.041876837511306,0.0929117932771257,0,0,25.5461538461538,81.0585186158868,"SELL"
"CPC002 HA1E 24H-cp 94253 hydrochloride-10.0","1/61",0.041876837511306,0.0929117932771257,0,0,25.5461538461538,81.0585186158868,"GFPT1"
"LJP005 HS578T 3H-dasatinib-1.11","1/61",0.041876837511306,0.0929117932771257,0,0,25.5461538461538,81.0585186158868,"EPB41L4B"
"LJP008 HEPG2 24H-(+)-JQ1-0.04","1/61",0.041876837511306,0.0929117932771257,0,0,25.5461538461538,81.0585186158868,"PLAC8"
"LJP008 HCC515 24H-vorinostat-3.33","1/61",0.041876837511306,0.0929117932771257,0,0,25.5461538461538,81.0585186158868,"PLAC8"
"LJP005 MCF10A 24H-TG-101348-3.33","1/61",0.041876837511306,0.0929117932771257,0,0,25.5461538461538,81.0585186158868,"PLAC8"
"CPC006 WSUDLCL2 6H-ym-155-0.31","1/61",0.041876837511306,0.0929117932771257,0,0,25.5461538461538,81.0585186158868,"PLS1"
"LJP005 MCF7 3H-WH-4-025-3.33","1/61",0.041876837511306,0.0929117932771257,0,0,25.5461538461538,81.0585186158868,"SORL1"
"CPC004 HCC515 24H-desoxymetasone-10.0","1/61",0.041876837511306,0.0929117932771257,0,0,25.5461538461538,81.0585186158868,"CORO1A"
"CPC016 HEPG2 6H-pd 198306-10.0","1/61",0.041876837511306,0.0929117932771257,0,0,25.5461538461538,81.0585186158868,"PLS1"
"CPC008 PC3 24H-ncgc00182362-01-10.0","1/61",0.041876837511306,0.0929117932771257,0,0,25.5461538461538,81.0585186158868,"GFPT1"
"LJP006 HME1 3H-canertinib-0.12","1/61",0.041876837511306,0.0929117932771257,0,0,25.5461538461538,81.0585186158868,"PLS1"
"CPC006 H1299 6H-l-sulforophane-10.0","1/61",0.041876837511306,0.0929117932771257,0,0,25.5461538461538,81.0585186158868,"DDAH1"
"CPC006 HA1E 6H-tpca-1-10.0","1/61",0.041876837511306,0.0929117932771257,0,0,25.5461538461538,81.0585186158868,"PLS1"
"CPC020 A549 6H-BRD-K78373679-10.0","1/61",0.041876837511306,0.0929117932771257,0,0,25.5461538461538,81.0585186158868,"ARHGEF18"
"CPC012 A375 6H-ossk 647368-10.0","1/61",0.041876837511306,0.0929117932771257,0,0,25.5461538461538,81.0585186158868,"PLS1"
"CPC006 HCC515 6H-BRD-K17140735-11.1","1/61",0.041876837511306,0.0929117932771257,0,0,25.5461538461538,81.0585186158868,"GFPT1"
"LJP006 MCF7 24H-ZSTK-474-3.33","1/61",0.041876837511306,0.0929117932771257,0,0,25.5461538461538,81.0585186158868,"PLAC8"
"LJP006 MCF7 24H-mitoxantrone-10","1/61",0.041876837511306,0.0929117932771257,0,0,25.5461538461538,81.0585186158868,"SORL1"
"CPC006 HEPG2 6H-vx-680-10.0","1/61",0.041876837511306,0.0929117932771257,0,0,25.5461538461538,81.0585186158868,"CORO1A"
"LJP006 MDAMB231 24H-alvocidib-10","1/61",0.041876837511306,0.0929117932771257,0,0,25.5461538461538,81.0585186158868,"PLAC8"
"LJP006 PC3 24H-torin-1-0.37","1/61",0.041876837511306,0.0929117932771257,0,0,25.5461538461538,81.0585186158868,"PRKCB"
"CPC013 A375 6H-s1152-10.0","1/61",0.041876837511306,0.0929117932771257,0,0,25.5461538461538,81.0585186158868,"PLS1"
"LJP009 PC3 24H-GSK-2334470-10","1/61",0.041876837511306,0.0929117932771257,0,0,25.5461538461538,81.0585186158868,"PRKCB"
"CPC006 LOVO 6H-BRD-K19295594-11.1","1/61",0.041876837511306,0.0929117932771257,0,0,25.5461538461538,81.0585186158868,"CORO1A"
"LJP006 SKBR3 3H-fostamatinib-10","1/61",0.041876837511306,0.0929117932771257,0,0,25.5461538461538,81.0585186158868,"SORL1"
"LJP009 HT29 24H-RAF 265-0.37","1/61",0.041876837511306,0.0929117932771257,0,0,25.5461538461538,81.0585186158868,"CORO1A"
"CPC006 NCIH2073 6H-l-690,488-10.0","1/61",0.041876837511306,0.0929117932771257,0,0,25.5461538461538,81.0585186158868,"ARHGEF18"
"CPC013 PC3 6H-BRD-U68942961-10.0","1/61",0.041876837511306,0.0929117932771257,0,0,25.5461538461538,81.0585186158868,"GFPT1"
"CPC006 NCIH596 6H-BRD-K73261812-10.0","1/61",0.041876837511306,0.0929117932771257,0,0,25.5461538461538,81.0585186158868,"CORO1A"
"LJP007 HEPG2 24H-HG-14-10-04-3.33","1/61",0.041876837511306,0.0929117932771257,0,0,25.5461538461538,81.0585186158868,"CORO1A"
"CPC006 RKO 6H-BRD-K08316444-0.629999995232","1/62",0.0425495737837072,0.0929117932771257,0,0,25.1261034047919,79.3252552444865,"CORO1A"
"CPC006 RMUGS 6H-pi 103 hydrochloride-11.1","1/62",0.0425495737837072,0.0929117932771257,0,0,25.1261034047919,79.3252552444865,"CORO1A"
"CPC014 HCC515 6H-BRD-K56343971-10.0","1/62",0.0425495737837072,0.0929117932771257,0,0,25.1261034047919,79.3252552444865,"CORO1A"
"CPC014 HEPG2 6H-ei-293-10.0","1/62",0.0425495737837072,0.0929117932771257,0,0,25.1261034047919,79.3252552444865,"CORO1A"
"LJP008 HT29 24H-UNC0638-10","1/62",0.0425495737837072,0.0929117932771257,0,0,25.1261034047919,79.3252552444865,"DDAH1"
"LJP005 HS578T 3H-torin-2-3.33","1/62",0.0425495737837072,0.0929117932771257,0,0,25.1261034047919,79.3252552444865,"SELL"
"CPC006 THP1 6H-BRD-K15563106-177.6","1/62",0.0425495737837072,0.0929117932771257,0,0,25.1261034047919,79.3252552444865,"CORO1A"
"CPC003 HA1E 24H-tyrphostin b44, (+) enantiomer-10.0","1/62",0.0425495737837072,0.0929117932771257,0,0,25.1261034047919,79.3252552444865,"DDAH1"
"CPC006 VCAP 24H-pp-110-22.2","1/62",0.0425495737837072,0.0929117932771257,0,0,25.1261034047919,79.3252552444865,"PLS1"
"CPC015 A375 6H-triclosan-10.0","1/62",0.0425495737837072,0.0929117932771257,0,0,25.1261034047919,79.3252552444865,"GFPT1"
"CPC015 A549 24H-prednisolone acetate-10.0","1/62",0.0425495737837072,0.0929117932771257,0,0,25.1261034047919,79.3252552444865,"ARHGEF18"
"CPC015 A549 24H-betamethasone acetate-10.0","1/62",0.0425495737837072,0.0929117932771257,0,0,25.1261034047919,79.3252552444865,"CORO1A"
"CPC015 A549 24H-hexamethylquercetagetin-10.0","1/62",0.0425495737837072,0.0929117932771257,0,0,25.1261034047919,79.3252552444865,"CORO1A"
"CPC016 A549 6H-strophantine octahydrate-10.0","1/62",0.0425495737837072,0.0929117932771257,0,0,25.1261034047919,79.3252552444865,"CORO1A"
"CPC005 HT29 6H-digitoxigenin-10.0","1/62",0.0425495737837072,0.0929117932771257,0,0,25.1261034047919,79.3252552444865,"GFPT1"
"CPC005 MCF7 6H-periplocymarin-10.0","1/62",0.0425495737837072,0.0929117932771257,0,0,25.1261034047919,79.3252552444865,"ARHGEF18"
"LJP006 HA1E 24H-sirolimus-10","1/62",0.0425495737837072,0.0929117932771257,0,0,25.1261034047919,79.3252552444865,"PRKCB"
"LJP006 HME1 24H-dasatinib-0.12","1/62",0.0425495737837072,0.0929117932771257,0,0,25.1261034047919,79.3252552444865,"SELL"
"LJP006 HME1 3H-XMD-1150-1.11","1/62",0.0425495737837072,0.0929117932771257,0,0,25.1261034047919,79.3252552444865,"PLAC8"
"CPC006 A673 6H-sb 216763-10.0","1/62",0.0425495737837072,0.0929117932771257,0,0,25.1261034047919,79.3252552444865,"CORO1A"
"CPC011 PC3 24H-pioglitazone hydrochloride-10.0","1/62",0.0425495737837072,0.0929117932771257,0,0,25.1261034047919,79.3252552444865,"PLS1"
"LJP006 LNCAP 24H-sirolimus-3.33","1/62",0.0425495737837072,0.0929117932771257,0,0,25.1261034047919,79.3252552444865,"PLS1"
"CPC006 HCT116 6H-ct-200783-10.0","1/62",0.0425495737837072,0.0929117932771257,0,0,25.1261034047919,79.3252552444865,"GFPT1"
"CPC012 NEU 24H-vu0418946-2-10.0","1/62",0.0425495737837072,0.0929117932771257,0,0,25.1261034047919,79.3252552444865,"PLS1"
"LJP007 A549 24H-NVP-BGT226-0.12","1/62",0.0425495737837072,0.0929117932771257,0,0,25.1261034047919,79.3252552444865,"PLAC8"
"LJP009 HT29 24H-sunitinib-3.33","1/62",0.0425495737837072,0.0929117932771257,0,0,25.1261034047919,79.3252552444865,"ELF3"
"CPC006 MDST8 6H-BRD-K66792149-11.1","1/62",0.0425495737837072,0.0929117932771257,0,0,25.1261034047919,79.3252552444865,"ARHGEF18"
"LJP009 HEPG2 24H-KIN001-055-1.11","1/62",0.0425495737837072,0.0929117932771257,0,0,25.1261034047919,79.3252552444865,"SORL1"
"CPC013 NPC 24H-BRD-K16541732-10.0","1/62",0.0425495737837072,0.0929117932771257,0,0,25.1261034047919,79.3252552444865,"CORO1A"
"CPC006 NCIH596 6H-tyrphostin ag 1478-56.78","1/62",0.0425495737837072,0.0929117932771257,0,0,25.1261034047919,79.3252552444865,"CORO1A"
"CPC013 VCAP 24H-np-003021-10.0","1/62",0.0425495737837072,0.0929117932771257,0,0,25.1261034047919,79.3252552444865,"ARHGEF18"
"CPC006 PC3 6H-bjm-ctd2-9-10.0","1/63",0.0432218714274677,0.0929117932771257,0,0,24.7196029776675,77.6543740947244,"GFPT1"
"CPC006 RKO 6H-yk 4-279-10.0","1/63",0.0432218714274677,0.0929117932771257,0,0,24.7196029776675,77.6543740947244,"CORO1A"
"CPC006 RKO 6H-ag14361-25.0","1/63",0.0432218714274677,0.0929117932771257,0,0,24.7196029776675,77.6543740947244,"CORO1A"
"CPC006 SW948 6H-BRD-K64642496-40.0","1/63",0.0432218714274677,0.0929117932771257,0,0,24.7196029776675,77.6543740947244,"CORO1A"
"LJP005 MCF10A 3H-TG-101348-10","1/63",0.0432218714274677,0.0929117932771257,0,0,24.7196029776675,77.6543740947244,"PLAC8"
"CPC014 VCAP 6H-stock1s-53863-10.0","1/63",0.0432218714274677,0.0929117932771257,0,0,24.7196029776675,77.6543740947244,"PLS1"
"CPC006 WSUDLCL2 6H-phorbol-12-myristate-13-acetate (pma)-10.0","1/63",0.0432218714274677,0.0929117932771257,0,0,24.7196029776675,77.6543740947244,"PLS1"
"CPC006 WSUDLCL2 6H-menadione-10.0","1/63",0.0432218714274677,0.0929117932771257,0,0,24.7196029776675,77.6543740947244,"GFPT1"
"CPC007 A549 6H-t5247673-10.0","1/63",0.0432218714274677,0.0929117932771257,0,0,24.7196029776675,77.6543740947244,"GFPT1"
"CPC004 HEPG2 6H-oxibendazole-10.0","1/63",0.0432218714274677,0.0929117932771257,0,0,24.7196029776675,77.6543740947244,"GFPT1"
"LJP005 SKBR3 24H-geldanamycin-1.11","1/63",0.0432218714274677,0.0929117932771257,0,0,24.7196029776675,77.6543740947244,"EPB41L4B"
"CPC004 PC3 24H-BRD-A68930007 (ouabain)-10.0","1/63",0.0432218714274677,0.0929117932771257,0,0,24.7196029776675,77.6543740947244,"PLS1"
"LJP005 SKBR3 3H-TG-101348-10","1/63",0.0432218714274677,0.0929117932771257,0,0,24.7196029776675,77.6543740947244,"PLAC8"
"CPC017 A549 6H-BRD-K71726959-10.0","1/63",0.0432218714274677,0.0929117932771257,0,0,24.7196029776675,77.6543740947244,"CORO1A"
"CPC008 VCAP 24H-tl hras24 brd-k93060291-10.0","1/63",0.0432218714274677,0.0929117932771257,0,0,24.7196029776675,77.6543740947244,"ARHGEF18"
"CPC006 A375 24H-pkcbeta inhibitor-10.0","1/63",0.0432218714274677,0.0929117932771257,0,0,24.7196029776675,77.6543740947244,"PLS1"
"CPC006 A549 6H-BRD-K10705233-40.0","1/63",0.0432218714274677,0.0929117932771257,0,0,24.7196029776675,77.6543740947244,"GFPT1"
"CPC019 A549 24H-BRD-K11072542-10.0","1/63",0.0432218714274677,0.0929117932771257,0,0,24.7196029776675,77.6543740947244,"CORO1A"
"CPC019 MCF7 6H-BRD-K67090983-10.0","1/63",0.0432218714274677,0.0929117932771257,0,0,24.7196029776675,77.6543740947244,"DDAH1"
"CPC006 HCC515 6H-px12-30.0","1/63",0.0432218714274677,0.0929117932771257,0,0,24.7196029776675,77.6543740947244,"GFPT1"
"CPC006 HT115 6H-BRD-K01868942-160.0","1/63",0.0432218714274677,0.0929117932771257,0,0,24.7196029776675,77.6543740947244,"CORO1A"
"LJP006 MDAMB231 3H-WZ-4-145-10","1/63",0.0432218714274677,0.0929117932771257,0,0,24.7196029776675,77.6543740947244,"SORL1"
"LJP006 SKBR3 3H-BI-2536-0.12","1/63",0.0432218714274677,0.0929117932771257,0,0,24.7196029776675,77.6543740947244,"PLAC8"
"LJP006 SKBR3 3H-radicicol-3.33","1/63",0.0432218714274677,0.0929117932771257,0,0,24.7196029776675,77.6543740947244,"SORL1"
"CPC013 HEPG2 6H-BRD-K11795542-10.0","1/63",0.0432218714274677,0.0929117932771257,0,0,24.7196029776675,77.6543740947244,"CORO1A"
"CPC006 NCIH1694 6H-BRD-K49371609-0.09","1/63",0.0432218714274677,0.0929117932771257,0,0,24.7196029776675,77.6543740947244,"CORO1A"
"CPC006 NCIH2073 6H-ingenol 3, 20-dibenzoate-10.0","1/63",0.0432218714274677,0.0929117932771257,0,0,24.7196029776675,77.6543740947244,"CORO1A"
"CPC013 NPC 24H-BRD-K07395346-10.0","1/63",0.0432218714274677,0.0929117932771257,0,0,24.7196029776675,77.6543740947244,"CORO1A"
"CPC006 NCIH2073 6H-sirolimus-10.0","1/63",0.0432218714274677,0.0929117932771257,0,0,24.7196029776675,77.6543740947244,"CORO1A"
"CPC006 NCIH2073 6H-BRD-K04853698-10.0","1/63",0.0432218714274677,0.0929117932771257,0,0,24.7196029776675,77.6543740947244,"CORO1A"
"CPC013 SKB 24H-BRD-K19540840-10.0","1/63",0.0432218714274677,0.0929117932771257,0,0,24.7196029776675,77.6543740947244,"CORO1A"
"LJP008 A375 24H-I-BET151-3.33","1/64",0.0438937307216496,0.0929117932771257,0,0,24.3260073260073,76.0427042666542,"SORL1"
"CPC006 PL21 6H-chaetocin-0.08","1/64",0.0438937307216496,0.0929117932771257,0,0,24.3260073260073,76.0427042666542,"GFPT1"
"CPC006 PL21 6H-ro 28-1675 ?-160.0","1/64",0.0438937307216496,0.0929117932771257,0,0,24.3260073260073,76.0427042666542,"CORO1A"
"LJP005 HCC515 24H-PF-477736-0.37","1/64",0.0438937307216496,0.0929117932771257,0,0,24.3260073260073,76.0427042666542,"SELL"
"CPC006 RKO 6H-bay 11-7821-10.0","1/64",0.0438937307216496,0.0929117932771257,0,0,24.3260073260073,76.0427042666542,"CORO1A"
"CPC001 HA1E 6H-strophanthidin-10.0","1/64",0.0438937307216496,0.0929117932771257,0,0,24.3260073260073,76.0427042666542,"CORO1A"
"LJP008 HCC515 24H-belinostat-1.11","1/64",0.0438937307216496,0.0929117932771257,0,0,24.3260073260073,76.0427042666542,"SELL"
"CPC014 PHH 24H-s1064-10.0","1/64",0.0438937307216496,0.0929117932771257,0,0,24.3260073260073,76.0427042666542,"PLS1"
"CPC006 VCAP 6H-ingenol 3, 20-dibenzoate-10.0","1/64",0.0438937307216496,0.0929117932771257,0,0,24.3260073260073,76.0427042666542,"EPB41L4B"
"LJP005 MCF10A 3H-GSK-1059615-10","1/64",0.0438937307216496,0.0929117932771257,0,0,24.3260073260073,76.0427042666542,"PLAC8"
"CPC006 WSUDLCL2 6H-ingenol 3, 20-dibenzoate-10.0","1/64",0.0438937307216496,0.0929117932771257,0,0,24.3260073260073,76.0427042666542,"PLS1"
"CPC015 A549 24H-nsc 95397-10.0","1/64",0.0438937307216496,0.0929117932771257,0,0,24.3260073260073,76.0427042666542,"ARHGEF18"
"CPC004 HCC515 24H-norgestimate-10.0","1/64",0.0438937307216496,0.0929117932771257,0,0,24.3260073260073,76.0427042666542,"CORO1A"
"CPC004 VCAP 6H-exemestane-10.0","1/64",0.0438937307216496,0.0929117932771257,0,0,24.3260073260073,76.0427042666542,"GFPT1"
"LJP006 BT20 24H-mitoxantrone-0.12","1/64",0.0438937307216496,0.0929117932771257,0,0,24.3260073260073,76.0427042666542,"SORL1"
"CPC005 MCF7 24H-calyculin a-10.0","1/64",0.0438937307216496,0.0929117932771257,0,0,24.3260073260073,76.0427042666542,"PLS1"
"LJP006 HME1 24H-canertinib-0.12","1/64",0.0438937307216496,0.0929117932771257,0,0,24.3260073260073,76.0427042666542,"PRKCB"
"CPC006 A375 6H-BRD-K57080016-80.0","1/64",0.0438937307216496,0.0929117932771257,0,0,24.3260073260073,76.0427042666542,"PLS1"
"CPC009 MCF7 6H-BRD-K00313977-10.0","1/64",0.0438937307216496,0.0929117932771257,0,0,24.3260073260073,76.0427042666542,"GFPT1"
"LJP006 HME1 3H-radicicol-1.11","1/64",0.0438937307216496,0.0929117932771257,0,0,24.3260073260073,76.0427042666542,"EPB41L4B"
"LJP006 HME1 3H-saracatinib-1.11","1/64",0.0438937307216496,0.0929117932771257,0,0,24.3260073260073,76.0427042666542,"SORL1"
"CPC006 A549 6H-ym-155-0.31","1/64",0.0438937307216496,0.0929117932771257,0,0,24.3260073260073,76.0427042666542,"GFPT1"
"CPC006 A673 6H-phorbol-12-myristate-13-acetate (pma)-10.0","1/64",0.0438937307216496,0.0929117932771257,0,0,24.3260073260073,76.0427042666542,"CORO1A"
"CPC009 VCAP 24H-BRD-K68756823-10.0","1/64",0.0438937307216496,0.0929117932771257,0,0,24.3260073260073,76.0427042666542,"CORO1A"
"CPC006 A673 6H-ingenol 3, 20-dibenzoate-10.0","1/64",0.0438937307216496,0.0929117932771257,0,0,24.3260073260073,76.0427042666542,"CORO1A"
"CPC006 EFO27 6H-ag14361-25.0","1/64",0.0438937307216496,0.0929117932771257,0,0,24.3260073260073,76.0427042666542,"CORO1A"
"LJP006 LNCAP 24H-BMS-387032-10","1/64",0.0438937307216496,0.0929117932771257,0,0,24.3260073260073,76.0427042666542,"PLAC8"
"CPC011 VCAP 24H-artesunate-10.0","1/64",0.0438937307216496,0.0929117932771257,0,0,24.3260073260073,76.0427042666542,"PLS1"
"CPC011 VCAP 6H-triptolide-10.0","1/64",0.0438937307216496,0.0929117932771257,0,0,24.3260073260073,76.0427042666542,"PLS1"
"CPC006 HCT116 6H-pi 103 hydrochloride-11.1","1/64",0.0438937307216496,0.0929117932771257,0,0,24.3260073260073,76.0427042666542,"CORO1A"
"CPC012 NPC 24H-BRD-K69501658-10.0","1/64",0.0438937307216496,0.0929117932771257,0,0,24.3260073260073,76.0427042666542,"CORO1A"
"CPC006 LOVO 6H-mln2238-10.0","1/64",0.0438937307216496,0.0929117932771257,0,0,24.3260073260073,76.0427042666542,"EPB41L4B"
"LJP007 A375 24H-PHA-767491-10","1/64",0.0438937307216496,0.0929117932771257,0,0,24.3260073260073,76.0427042666542,"SORL1"
"CPC013 NEU 24H-s1053-10.0","1/64",0.0438937307216496,0.0929117932771257,0,0,24.3260073260073,76.0427042666542,"GFPT1"
"CPC006 NCIH2073 6H-niclosamide-10.0","1/64",0.0438937307216496,0.0929117932771257,0,0,24.3260073260073,76.0427042666542,"CORO1A"
"CPC006 NCIH2073 6H-BRD-K64642496-40.0","1/64",0.0438937307216496,0.0929117932771257,0,0,24.3260073260073,76.0427042666542,"CORO1A"
"CPC013 VCAP 24H-raltitrexed-10.0","1/64",0.0438937307216496,0.0929117932771257,0,0,24.3260073260073,76.0427042666542,"ARHGEF18"
"LJP008 HA1E 24H-vorinostat-3.33","1/65",0.044565151918294,0.0929117932771257,0,0,23.9447115384615,74.4872822237409,"DDAH1"
"CPC014 HCC515 6H-BRD-K05593511-10.0","1/65",0.044565151918294,0.0929117932771257,0,0,23.9447115384615,74.4872822237409,"ARHGEF18"
"CPC014 HCC515 6H-s1142-10.0","1/65",0.044565151918294,0.0929117932771257,0,0,23.9447115384615,74.4872822237409,"GFPT1"
"LJP008 MCF7 24H-GSK-461364-3.33","1/65",0.044565151918294,0.0929117932771257,0,0,23.9447115384615,74.4872822237409,"PLS1"
"CPC014 HT29 6H-e3380-10.0","1/65",0.044565151918294,0.0929117932771257,0,0,23.9447115384615,74.4872822237409,"CORO1A"
"CPC006 SNU1040 6H-BRD-K04853698-10.0","1/65",0.044565151918294,0.0929117932771257,0,0,23.9447115384615,74.4872822237409,"GFPT1"
"CPC002 HA1E 6H-ha-1004-10.0","1/65",0.044565151918294,0.0929117932771257,0,0,23.9447115384615,74.4872822237409,"ARHGEF18"
"LJP008 HT29 24H-PFI-1-3.33","1/65",0.044565151918294,0.0929117932771257,0,0,23.9447115384615,74.4872822237409,"SORL1"
"CPC014 NPC 24H-gr-207-10.0","1/65",0.044565151918294,0.0929117932771257,0,0,23.9447115384615,74.4872822237409,"ARHGEF18"
"LJP005 HT29 24H-NVP-BEZ235-0.04","1/65",0.044565151918294,0.0929117932771257,0,0,23.9447115384615,74.4872822237409,"SELL"
"LJP005 MDAMB231 24H-dasatinib-3.33","1/65",0.044565151918294,0.0929117932771257,0,0,23.9447115384615,74.4872822237409,"PLAC8"
"LJP005 MDAMB231 24H-vemurafenib-10","1/65",0.044565151918294,0.0929117932771257,0,0,23.9447115384615,74.4872822237409,"EPB41L4B"
"CPC004 HCC515 24H-alclometazone dipropionate-10.0","1/65",0.044565151918294,0.0929117932771257,0,0,23.9447115384615,74.4872822237409,"CORO1A"
"CPC004 HCC515 24H-ag 957-10.0","1/65",0.044565151918294,0.0929117932771257,0,0,23.9447115384615,74.4872822237409,"GFPT1"
"LJP005 PC3 24H-PIK-93-10","1/65",0.044565151918294,0.0929117932771257,0,0,23.9447115384615,74.4872822237409,"CORO1A"
"LJP005 PC3 24H-WZ-3105-1.11","1/65",0.044565151918294,0.0929117932771257,0,0,23.9447115384615,74.4872822237409,"PLAC8"
"CPC015 NPC 24H-indirubin-3?-monoxime-10.0","1/65",0.044565151918294,0.0929117932771257,0,0,23.9447115384615,74.4872822237409,"CORO1A"
"LJP006 HEPG2 24H-BI-2536-0.04","1/65",0.044565151918294,0.0929117932771257,0,0,23.9447115384615,74.4872822237409,"PLAC8"
"CPC018 NPC 24H-finasteride-10.0","1/65",0.044565151918294,0.0929117932771257,0,0,23.9447115384615,74.4872822237409,"ARHGEF18"
"CPC006 A673 6H-wortmannin-10.0","1/65",0.044565151918294,0.0929117932771257,0,0,23.9447115384615,74.4872822237409,"CORO1A"
"LJP006 HS578T 24H-GSK-1059615-0.37","1/65",0.044565151918294,0.0929117932771257,0,0,23.9447115384615,74.4872822237409,"PLS1"
"LJP006 HS578T 24H-dasatinib-1.11","1/65",0.044565151918294,0.0929117932771257,0,0,23.9447115384615,74.4872822237409,"PLAC8"
"CPC010 HT29 6H-BRD-A68065211-10.0","1/65",0.044565151918294,0.0929117932771257,0,0,23.9447115384615,74.4872822237409,"GFPT1"
"LJP006 HT29 24H-AT-7519-0.37","1/65",0.044565151918294,0.0929117932771257,0,0,23.9447115384615,74.4872822237409,"SORL1"
"LJP006 MCF10A 3H-BI-2536-10","1/65",0.044565151918294,0.0929117932771257,0,0,23.9447115384615,74.4872822237409,"PLAC8"
"CPD001 PC3 24H-sulfisoxazole-10.0","1/65",0.044565151918294,0.0929117932771257,0,0,23.9447115384615,74.4872822237409,"ARHGEF18"
"LJP005 A375 24H-radicicol-3.33","1/65",0.044565151918294,0.0929117932771257,0,0,23.9447115384615,74.4872822237409,"SORL1"
"LJP006 SKBR3 24H-BI-2536-0.04","1/65",0.044565151918294,0.0929117932771257,0,0,23.9447115384615,74.4872822237409,"PLAC8"
"LJP006 SKBR3 24H-AZD-7762-0.12","1/65",0.044565151918294,0.0929117932771257,0,0,23.9447115384615,74.4872822237409,"CORO1A"
"CPC006 JHUEM2 6H-BRD-K49371609-0.09","1/65",0.044565151918294,0.0929117932771257,0,0,23.9447115384615,74.4872822237409,"CORO1A"
"CPC006 LOVO 6H-BRD-K56343971-10.0","1/65",0.044565151918294,0.0929117932771257,0,0,23.9447115384615,74.4872822237409,"CORO1A"
"CPC006 LOVO 6H-BRD-K73261812-10.0","1/65",0.044565151918294,0.0929117932771257,0,0,23.9447115384615,74.4872822237409,"GFPT1"
"LJP009 HEPG2 24H-GSK-1059615-1.11","1/65",0.044565151918294,0.0929117932771257,0,0,23.9447115384615,74.4872822237409,"CORO1A"
"CPC006 NCIH2073 6H-bx-795-10.0","1/65",0.044565151918294,0.0929117932771257,0,0,23.9447115384615,74.4872822237409,"CORO1A"
"CPC006 NCIH596 6H-BRD-K56411643-10.0","1/65",0.044565151918294,0.0929117932771257,0,0,23.9447115384615,74.4872822237409,"GFPT1"
"LJP009 HCC515 24H-KIN001-055-10","1/65",0.044565151918294,0.0929117932771257,0,0,23.9447115384615,74.4872822237409,"EPB41L4B"
"LJP009 A375 24H-serdemetan-10","1/66",0.0452361352854175,0.0929117932771257,0,0,23.5751479289941,72.9853352671929,"SORL1"
"CPC006 RKO 6H-mln2238-10.0","1/66",0.0452361352854175,0.0929117932771257,0,0,23.5751479289941,72.9853352671929,"PLS1"
"LJP008 HA1E 24H-I-BET-0.37","1/66",0.0452361352854175,0.0929117932771257,0,0,23.5751479289941,72.9853352671929,"DDAH1"
"CPC001 HCC515 24H-sb 225002-10.0","1/66",0.0452361352854175,0.0929117932771257,0,0,23.5751479289941,72.9853352671929,"PLS1"
"LJP005 HEPG2 24H-WZ-3105-3.33","1/66",0.0452361352854175,0.0929117932771257,0,0,23.5751479289941,72.9853352671929,"PLAC8"
"CPC006 SKM1 6H-BRD-K19295594-11.1","1/66",0.0452361352854175,0.0929117932771257,0,0,23.5751479289941,72.9853352671929,"CORO1A"
"LJP008 PC3 24H-mocetinostat-3.33","1/66",0.0452361352854175,0.0929117932771257,0,0,23.5751479289941,72.9853352671929,"SORL1"
"CPC014 HEPG2 6H-hy-10966-10.0","1/66",0.0452361352854175,0.0929117932771257,0,0,23.5751479289941,72.9853352671929,"PLS1"
"LJP008 PC3 24H-PFI-1-1.11","1/66",0.0452361352854175,0.0929117932771257,0,0,23.5751479289941,72.9853352671929,"SORL1"
"CPC006 SKMEL28 6H-BRD-K52075040-44.4","1/66",0.0452361352854175,0.0929117932771257,0,0,23.5751479289941,72.9853352671929,"GFPT1"
"LJP005 HS578T 24H-GDC-0980-3.33","1/66",0.0452361352854175,0.0929117932771257,0,0,23.5751479289941,72.9853352671929,"PLAC8"
"CPC006 SNUC4 6H-ro 28-1675 ?-160.0","1/66",0.0452361352854175,0.0929117932771257,0,0,23.5751479289941,72.9853352671929,"CORO1A"
"LJP005 HS578T 24H-torin-2-0.04","1/66",0.0452361352854175,0.0929117932771257,0,0,23.5751479289941,72.9853352671929,"PLAC8"
"CPC002 HA1E 24H-sinensetin-10.0","1/66",0.0452361352854175,0.0929117932771257,0,0,23.5751479289941,72.9853352671929,"GFPT1"
"LJP008 HT29 24H-(+)-JQ1-0.37","1/66",0.0452361352854175,0.0929117932771257,0,0,23.5751479289941,72.9853352671929,"PLAC8"
"CPC014 NPC 24H-BRD-K25979535-10.0","1/66",0.0452361352854175,0.0929117932771257,0,0,23.5751479289941,72.9853352671929,"CORO1A"
"LJP005 MCF10A 3H-PD-184352-1.11","1/66",0.0452361352854175,0.0929117932771257,0,0,23.5751479289941,72.9853352671929,"SORL1"
"CPC006 VCAP 6H-l-690,488-10.0","1/66",0.0452361352854175,0.0929117932771257,0,0,23.5751479289941,72.9853352671929,"CORO1A"
"CPC015 HEPG2 6H-nocodazole-10.0","1/66",0.0452361352854175,0.0929117932771257,0,0,23.5751479289941,72.9853352671929,"GFPT1"
"LJP005 MDAMB231 24H-NVP-AEW541-10","1/66",0.0452361352854175,0.0929117932771257,0,0,23.5751479289941,72.9853352671929,"PLAC8"
"LJP005 MDAMB231 3H-WH-4-025-10","1/66",0.0452361352854175,0.0929117932771257,0,0,23.5751479289941,72.9853352671929,"PRKCB"
"LJP005 MDAMB231 3H-torin-2-10","1/66",0.0452361352854175,0.0929117932771257,0,0,23.5751479289941,72.9853352671929,"SORL1"
"LJP005 SKBR3 24H-pelitinib-3.33","1/66",0.0452361352854175,0.0929117932771257,0,0,23.5751479289941,72.9853352671929,"CORO1A"
"LJP005 SKBR3 24H-GSK-1059615-1.11","1/66",0.0452361352854175,0.0929117932771257,0,0,23.5751479289941,72.9853352671929,"PLAC8"
"CPC004 PC3 6H-digitoxin-10.0","1/66",0.0452361352854175,0.0929117932771257,0,0,23.5751479289941,72.9853352671929,"PLS1"
"CPC004 VCAP 6H-altrenogest-10.0","1/66",0.0452361352854175,0.0929117932771257,0,0,23.5751479289941,72.9853352671929,"GFPT1"
"LJP006 A375 24H-nintedanib-10","1/66",0.0452361352854175,0.0929117932771257,0,0,23.5751479289941,72.9853352671929,"SORL1"
"LJP006 HEPG2 24H-GSK-1059615-10","1/66",0.0452361352854175,0.0929117932771257,0,0,23.5751479289941,72.9853352671929,"SELL"
"LJP006 HEPG2 24H-OSI-027-0.37","1/66",0.0452361352854175,0.0929117932771257,0,0,23.5751479289941,72.9853352671929,"CORO1A"
"CPC018 HT29 6H-nsc 632839 hydrochloride-10.0","1/66",0.0452361352854175,0.0929117932771257,0,0,23.5751479289941,72.9853352671929,"GFPT1"
"CPC018 SKB 24H-BRD-K03015355-10.0","1/66",0.0452361352854175,0.0929117932771257,0,0,23.5751479289941,72.9853352671929,"GFPT1"
"CPC006 A549 6H-imd 0354-10.0","1/66",0.0452361352854175,0.0929117932771257,0,0,23.5751479289941,72.9853352671929,"GFPT1"
"CPC019 HA1E 6H-wortmannin-10.0","1/66",0.0452361352854175,0.0929117932771257,0,0,23.5751479289941,72.9853352671929,"CORO1A"
"LJP006 HS578T 3H-GSK-2126458-10","1/66",0.0452361352854175,0.0929117932771257,0,0,23.5751479289941,72.9853352671929,"PLAC8"
"CPC019 PC3 24H-BRD-K96076993-10.0","1/66",0.0452361352854175,0.0929117932771257,0,0,23.5751479289941,72.9853352671929,"PLS1"
"LJP006 MCF10A 24H-dasatinib-0.37","1/66",0.0452361352854175,0.0929117932771257,0,0,23.5751479289941,72.9853352671929,"DDAH1"
"LJP006 MCF10A 3H-geldanamycin-0.37","1/66",0.0452361352854175,0.0929117932771257,0,0,23.5751479289941,72.9853352671929,"SORL1"
"LJP006 MCF10A 3H-PHA-793887-1.11","1/66",0.0452361352854175,0.0929117932771257,0,0,23.5751479289941,72.9853352671929,"SORL1"
"LJP006 MCF10A 3H-selumetinib-0.04","1/66",0.0452361352854175,0.0929117932771257,0,0,23.5751479289941,72.9853352671929,"SORL1"
"LJP006 MCF10A 3H-BI-2536-3.33","1/66",0.0452361352854175,0.0929117932771257,0,0,23.5751479289941,72.9853352671929,"PLAC8"
"LJP006 MCF7 3H-A443654-3.33","1/66",0.0452361352854175,0.0929117932771257,0,0,23.5751479289941,72.9853352671929,"PLAC8"
"LJP005 A375 24H-roscovitine-10","1/66",0.0452361352854175,0.0929117932771257,0,0,23.5751479289941,72.9853352671929,"SORL1"
"LJP005 A375 24H-PF-477736-0.37","1/66",0.0452361352854175,0.0929117932771257,0,0,23.5751479289941,72.9853352671929,"SORL1"
"CPC013 A375 6H-BRD-K69852452-10.0","1/66",0.0452361352854175,0.0929117932771257,0,0,23.5751479289941,72.9853352671929,"DDAH1"
"LJP009 MCF7 24H-SYK-inhibitor-3.33","1/66",0.0452361352854175,0.0929117932771257,0,0,23.5751479289941,72.9853352671929,"SORL1"
"LJP007 A375 24H-AST1306-10","1/66",0.0452361352854175,0.0929117932771257,0,0,23.5751479289941,72.9853352671929,"SORL1"
"LJP005 BT20 24H-WH-4-025-0.04","1/66",0.0452361352854175,0.0929117932771257,0,0,23.5751479289941,72.9853352671929,"DDAH1"
"CPC006 NCIH2073 6H-bms-754807-10.0","1/66",0.0452361352854175,0.0929117932771257,0,0,23.5751479289941,72.9853352671929,"CORO1A"
"CPC006 NCIH2073 6H-BRD-K56343971-10.0","1/66",0.0452361352854175,0.0929117932771257,0,0,23.5751479289941,72.9853352671929,"CORO1A"
"CPC006 NCIH596 6H-salermide-120.0","1/66",0.0452361352854175,0.0929117932771257,0,0,23.5751479289941,72.9853352671929,"GFPT1"
"LJP005 HA1E 24H-pelitinib-0.37","1/66",0.0452361352854175,0.0929117932771257,0,0,23.5751479289941,72.9853352671929,"PLAC8"
"CPC006 PC3 6H-BRD-K15563106-177.6","1/66",0.0452361352854175,0.0929117932771257,0,0,23.5751479289941,72.9853352671929,"GFPT1"
"CPC006 RKO 6H-prostaglandin a1-1.0","1/67",0.0459066810912919,0.0929117932771257,0,0,23.2167832167832,71.5342665851694,"CORO1A"
"LJP009 A375 24H-PF-3758309-0.04","1/67",0.0459066810912919,0.0929117932771257,0,0,23.2167832167832,71.5342665851694,"SORL1"
"CPC001 PC3 6H-z-leu3-vs-10.0","1/67",0.0459066810912919,0.0929117932771257,0,0,23.2167832167832,71.5342665851694,"GFPT1"
"CPC006 SKMEL28 6H-azd8055-10.0","1/67",0.0459066810912919,0.0929117932771257,0,0,23.2167832167832,71.5342665851694,"CORO1A"
"LJP005 HS578T 24H-GDC-0980-0.37","1/67",0.0459066810912919,0.0929117932771257,0,0,23.2167832167832,71.5342665851694,"PLAC8"
"LJP008 HT29 24H-I-BET151-1.11","1/67",0.0459066810912919,0.0929117932771257,0,0,23.2167832167832,71.5342665851694,"SORL1"
"CPC014 NPC 24H-hy-11005-10.0","1/67",0.0459066810912919,0.0929117932771257,0,0,23.2167832167832,71.5342665851694,"ARHGEF18"
"CPC006 WSUDLCL2 6H-BRD-K56343971-10.0","1/67",0.0459066810912919,0.0929117932771257,0,0,23.2167832167832,71.5342665851694,"CORO1A"
"CPC006 WSUDLCL2 6H-pi 103 hydrochloride-11.1","1/67",0.0459066810912919,0.0929117932771257,0,0,23.2167832167832,71.5342665851694,"CORO1A"
"LJP005 MDAMB231 3H-pelitinib-3.33","1/67",0.0459066810912919,0.0929117932771257,0,0,23.2167832167832,71.5342665851694,"ELF3"
"CPC004 HCC515 6H-penicillin g potassium-10.0","1/67",0.0459066810912919,0.0929117932771257,0,0,23.2167832167832,71.5342665851694,"CORO1A"
"CPC015 NPC 24H-nocodazole-10.0","1/67",0.0459066810912919,0.0929117932771257,0,0,23.2167832167832,71.5342665851694,"GFPT1"
"LJP005 SKBR3 24H-CP466722-10","1/67",0.0459066810912919,0.0929117932771257,0,0,23.2167832167832,71.5342665851694,"CORO1A"
"CPC008 A375 24H-BRD-K48654774-10.0","1/67",0.0459066810912919,0.0929117932771257,0,0,23.2167832167832,71.5342665851694,"CORO1A"
"CPC009 HCC515 6H-BRD-K18726304-10.0","1/67",0.0459066810912919,0.0929117932771257,0,0,23.2167832167832,71.5342665851694,"CORO1A"
"CPC006 AGS 6H-methylene blue-10.0","1/67",0.0459066810912919,0.0929117932771257,0,0,23.2167832167832,71.5342665851694,"CORO1A"
"LJP006 HS578T 3H-AZD-8055-0.12","1/67",0.0459066810912919,0.0929117932771257,0,0,23.2167832167832,71.5342665851694,"SORL1"
"CPC010 PC3 24H-BRD-A37735495-10.0","1/67",0.0459066810912919,0.0929117932771257,0,0,23.2167832167832,71.5342665851694,"GFPT1"
"CPC006 EFO27 6H-bml-259-80.0","1/67",0.0459066810912919,0.0929117932771257,0,0,23.2167832167832,71.5342665851694,"PLS1"
"LJP006 MCF10A 3H-XMD-1150-10","1/67",0.0459066810912919,0.0929117932771257,0,0,23.2167832167832,71.5342665851694,"PLAC8"
"LJP006 MCF10A 3H-geldanamycin-0.12","1/67",0.0459066810912919,0.0929117932771257,0,0,23.2167832167832,71.5342665851694,"SORL1"
"LJP006 MCF7 24H-withaferin-a-1.11","1/67",0.0459066810912919,0.0929117932771257,0,0,23.2167832167832,71.5342665851694,"SORL1"
"CPC006 HCT116 6H-BRD-K43620258-80.0","1/67",0.0459066810912919,0.0929117932771257,0,0,23.2167832167832,71.5342665851694,"CORO1A"
"LJP005 A375 24H-NVP-BEZ235-1.11","1/67",0.0459066810912919,0.0929117932771257,0,0,23.2167832167832,71.5342665851694,"SORL1"
"LJP006 PC3 24H-OSI-027-1.11","1/67",0.0459066810912919,0.0929117932771257,0,0,23.2167832167832,71.5342665851694,"PRKCB"
"LJP006 SKBR3 24H-XMD-1150-3.33","1/67",0.0459066810912919,0.0929117932771257,0,0,23.2167832167832,71.5342665851694,"PLAC8"
"LJP009 PC3 24H-sirolimus-10","1/67",0.0459066810912919,0.0929117932771257,0,0,23.2167832167832,71.5342665851694,"SELL"
"CPC006 MCF7 6H-phorbol-12-myristate-13-acetate (pma)-10.0","1/67",0.0459066810912919,0.0929117932771257,0,0,23.2167832167832,71.5342665851694,"GFPT1"
"LJP009 HT29 24H-CGP-60474-0.04","1/67",0.0459066810912919,0.0929117932771257,0,0,23.2167832167832,71.5342665851694,"EPB41L4B"
"CPC006 PC3 24H-BRD-K37865504-10.0","1/67",0.0459066810912919,0.0929117932771257,0,0,23.2167832167832,71.5342665851694,"ARHGEF18"
"CPC006 RKO 6H-BRD-K53414658-10.0","1/68",0.0465767895867938,0.0929117932771257,0,0,22.8691159586682,70.1316416777066,"PLS1"
"CPC014 HA1E 6H-BRD-K63068307-10.0","1/68",0.0465767895867938,0.0929117932771257,0,0,22.8691159586682,70.1316416777066,"CORO1A"
"CPC001 PC3 6H-cucurbitacin i-10.0","1/68",0.0465767895867938,0.0929117932771257,0,0,22.8691159586682,70.1316416777066,"GFPT1"
"CPC014 HT29 6H-s1266-10.0","1/68",0.0465767895867938,0.0929117932771257,0,0,22.8691159586682,70.1316416777066,"CORO1A"
"CPC006 SNUC4 6H-BRD-K49371609-0.09","1/68",0.0465767895867938,0.0929117932771257,0,0,22.8691159586682,70.1316416777066,"PLS1"
"CPC002 VCAP 6H-trichostatin a-10.0","1/68",0.0465767895867938,0.0929117932771257,0,0,22.8691159586682,70.1316416777066,"GFPT1"
"CPC003 HA1E 6H-n- (2-aminoethyl)-4-chlorobenzamide (ro-16-6491)-10.0","1/68",0.0465767895867938,0.0929117932771257,0,0,22.8691159586682,70.1316416777066,"GFPT1"
"LJP005 MCF10A 3H-erlotinib-1.11","1/68",0.0465767895867938,0.0929117932771257,0,0,22.8691159586682,70.1316416777066,"SORL1"
"LJP005 MCF10A 3H-torin-2-1.11","1/68",0.0465767895867938,0.0929117932771257,0,0,22.8691159586682,70.1316416777066,"SORL1"
"CPC006 WSUDLCL2 6H-mln2238-10.0","1/68",0.0465767895867938,0.0929117932771257,0,0,22.8691159586682,70.1316416777066,"PLS1"
"LJP005 SKBR3 24H-buparlisib-1.11","1/68",0.0465767895867938,0.0929117932771257,0,0,22.8691159586682,70.1316416777066,"CORO1A"
"LJP005 SKBR3 3H-buparlisib-10","1/68",0.0465767895867938,0.0929117932771257,0,0,22.8691159586682,70.1316416777066,"PRKCB"
"CPC016 HEPG2 6H-strophantine octahydrate-10.0","1/68",0.0465767895867938,0.0929117932771257,0,0,22.8691159586682,70.1316416777066,"CORO1A"
"CPC017 A549 6H-roscovitine-10.0","1/68",0.0465767895867938,0.0929117932771257,0,0,22.8691159586682,70.1316416777066,"CORO1A"
"LJP006 HA1E 24H-XMD-1150-1.11","1/68",0.0465767895867938,0.0929117932771257,0,0,22.8691159586682,70.1316416777066,"PLAC8"
"LJP006 HME1 3H-JW-7-24-1-10","1/68",0.0465767895867938,0.0929117932771257,0,0,22.8691159586682,70.1316416777066,"SORL1"
"CPC006 AGS 6H-verapamil hydrochloride-10.0","1/68",0.0465767895867938,0.0929117932771257,0,0,22.8691159586682,70.1316416777066,"CORO1A"
"CPC006 DV90 6H-dorsomorphin dihydrochloride-10.0","1/68",0.0465767895867938,0.0929117932771257,0,0,22.8691159586682,70.1316416777066,"CORO1A"
"CPC006 HA1E 6H-BRD-K35716340-12.0","1/68",0.0465767895867938,0.0929117932771257,0,0,22.8691159586682,70.1316416777066,"CORO1A"
"LJP006 MCF10A 3H-GW-843682X-10","1/68",0.0465767895867938,0.0929117932771257,0,0,22.8691159586682,70.1316416777066,"SELL"
"CPC006 HCC515 6H-bjm-ctd2-9-10.0","1/68",0.0465767895867938,0.0929117932771257,0,0,22.8691159586682,70.1316416777066,"GFPT1"
"LJP006 MCF7 24H-AT-7519-0.37","1/68",0.0465767895867938,0.0929117932771257,0,0,22.8691159586682,70.1316416777066,"SORL1"
"CPC006 HT115 6H-BRD-K45399554-10.0","1/68",0.0465767895867938,0.0929117932771257,0,0,22.8691159586682,70.1316416777066,"GFPT1"
"LJP006 MDAMB231 24H-AT-7519-10","1/68",0.0465767895867938,0.0929117932771257,0,0,22.8691159586682,70.1316416777066,"PLAC8"
"LJP005 A549 24H-AS-601245-3.33","1/68",0.0465767895867938,0.0929117932771257,0,0,22.8691159586682,70.1316416777066,"SORL1"
"CPC013 A549 6H-s1367-10.0","1/68",0.0465767895867938,0.0929117932771257,0,0,22.8691159586682,70.1316416777066,"CORO1A"
"CPC013 HEPG2 6H-BRD-K00954209-10.0","1/68",0.0465767895867938,0.0929117932771257,0,0,22.8691159586682,70.1316416777066,"PLS1"
"CPC013 HEPG2 6H-BRD-K05104363-10.0","1/68",0.0465767895867938,0.0929117932771257,0,0,22.8691159586682,70.1316416777066,"PLS1"
"LJP005 BT20 24H-SB590885-1.11","1/68",0.0465767895867938,0.0929117932771257,0,0,22.8691159586682,70.1316416777066,"ELF3"
"CPC006 MDST8 6H-promazine hydrochloride-10.0","1/68",0.0465767895867938,0.0929117932771257,0,0,22.8691159586682,70.1316416777066,"CORO1A"
"CPC013 MCF7 24H-BRD-K83336168-10.0","1/68",0.0465767895867938,0.0929117932771257,0,0,22.8691159586682,70.1316416777066,"GFPT1"
"LJP009 HEPG2 24H-ON-01910-3.33","1/68",0.0465767895867938,0.0929117932771257,0,0,22.8691159586682,70.1316416777066,"SORL1"
"LJP007 HCC515 24H-ibrutinib-3.33","1/68",0.0465767895867938,0.0929117932771257,0,0,22.8691159586682,70.1316416777066,"PLAC8"
"CPC013 PC3 6H-s1057-10.0","1/68",0.0465767895867938,0.0929117932771257,0,0,22.8691159586682,70.1316416777066,"GFPT1"
"CPC006 NCIH596 6H-niclosamide-10.0","1/68",0.0465767895867938,0.0929117932771257,0,0,22.8691159586682,70.1316416777066,"CORO1A"
"CPC006 NCIH596 6H-elesclomol-10.0","1/68",0.0465767895867938,0.0929117932771257,0,0,22.8691159586682,70.1316416777066,"GFPT1"
"LJP007 HT29 24H-SB-216763-10","1/68",0.0465767895867938,0.0929117932771257,0,0,22.8691159586682,70.1316416777066,"SORL1"
"CPC013 VCAP 24H-BRD-K72381041-10.0","1/68",0.0465767895867938,0.0929117932771257,0,0,22.8691159586682,70.1316416777066,"ARHGEF18"
"LJP009 HA1E 24H-ALW-II-38-3-10","1/68",0.0465767895867938,0.0929117932771257,0,0,22.8691159586682,70.1316416777066,"CORO1A"
"CPC014 A375 6H-geldanamycin-10.0","1/68",0.0465767895867938,0.0929117932771257,0,0,22.8691159586682,70.1316416777066,"ARHGEF18"
"CPC006 RMGI 6H-BRD-K49371609-0.09","1/69",0.0472464610426503,0.0929117932771257,0,0,22.5316742081448,68.7751759854608,"CORO1A"
"CPC001 PC3 6H-wortmannin-10.0","1/69",0.0472464610426503,0.0929117932771257,0,0,22.5316742081448,68.7751759854608,"GFPT1"
"CPC014 HT29 6H-h7270-10.0","1/69",0.0472464610426503,0.0929117932771257,0,0,22.5316742081448,68.7751759854608,"GFPT1"
"CPC006 SNUC4 6H-tyrphostin ag 1478-56.78","1/69",0.0472464610426503,0.0929117932771257,0,0,22.5316742081448,68.7751759854608,"CORO1A"
"CPC014 NPC 24H-k784-3188-10.0","1/69",0.0472464610426503,0.0929117932771257,0,0,22.5316742081448,68.7751759854608,"ARHGEF18"
"CPC014 PHH 24H-BRD-K64857848-10.0","1/69",0.0472464610426503,0.0929117932771257,0,0,22.5316742081448,68.7751759854608,"PLS1"
"LJP005 MCF7 24H-NVP-AEW541-10","1/69",0.0472464610426503,0.0929117932771257,0,0,22.5316742081448,68.7751759854608,"PLAC8"
"CPC004 HCC515 24H-prednisolone hemisuccinate-10.0","1/69",0.0472464610426503,0.0929117932771257,0,0,22.5316742081448,68.7751759854608,"CORO1A"
"LJP005 SKBR3 24H-GDC-0980-0.04","1/69",0.0472464610426503,0.0929117932771257,0,0,22.5316742081448,68.7751759854608,"PLAC8"
"LJP005 SKBR3 24H-geldanamycin-0.12","1/69",0.0472464610426503,0.0929117932771257,0,0,22.5316742081448,68.7751759854608,"CORO1A"
"LJP005 SKBR3 3H-radicicol-0.12","1/69",0.0472464610426503,0.0929117932771257,0,0,22.5316742081448,68.7751759854608,"CORO1A"
"CPC018 HT29 6H-puromycin hydrochloride-10.0","1/69",0.0472464610426503,0.0929117932771257,0,0,22.5316742081448,68.7751759854608,"GFPT1"
"LJP006 HME1 24H-NVP-TAE684-1.11","1/69",0.0472464610426503,0.0929117932771257,0,0,22.5316742081448,68.7751759854608,"PLAC8"
"LJP006 HME1 24H-PHA-793887-1.11","1/69",0.0472464610426503,0.0929117932771257,0,0,22.5316742081448,68.7751759854608,"DDAH1"
"LJP006 HME1 3H-GSK-2126458-0.12","1/69",0.0472464610426503,0.0929117932771257,0,0,22.5316742081448,68.7751759854608,"PLS1"
"CPC006 A549 6H-mk-0591-80.0","1/69",0.0472464610426503,0.0929117932771257,0,0,22.5316742081448,68.7751759854608,"GFPT1"
"CPC006 A673 6H-bo2 (inhibits rad51)-40.0","1/69",0.0472464610426503,0.0929117932771257,0,0,22.5316742081448,68.7751759854608,"CORO1A"
"CPC006 A673 6H-akt inhibitor x-24.0","1/69",0.0472464610426503,0.0929117932771257,0,0,22.5316742081448,68.7751759854608,"ARHGEF18"
"LJP006 MCF10A 24H-CGP-60474-0.04","1/69",0.0472464610426503,0.0929117932771257,0,0,22.5316742081448,68.7751759854608,"PLAC8"
"LJP006 MCF10A 24H-BI-2536-1.11","1/69",0.0472464610426503,0.0929117932771257,0,0,22.5316742081448,68.7751759854608,"PLAC8"
"CPC006 HCC515 6H-parthenolide-10.0","1/69",0.0472464610426503,0.0929117932771257,0,0,22.5316742081448,68.7751759854608,"ARHGEF18"
"CPC012 NEU 24H-BRD-K56196992-10.0","1/69",0.0472464610426503,0.0929117932771257,0,0,22.5316742081448,68.7751759854608,"GFPT1"
"LJP006 MDAMB231 24H-dasatinib-0.12","1/69",0.0472464610426503,0.0929117932771257,0,0,22.5316742081448,68.7751759854608,"PLAC8"
"CPC012 NPC 24H-BRD-K88708949-10.0","1/69",0.0472464610426503,0.0929117932771257,0,0,22.5316742081448,68.7751759854608,"ARHGEF18"
"CPC006 JHUEM2 6H-trichostatin a-10.0","1/69",0.0472464610426503,0.0929117932771257,0,0,22.5316742081448,68.7751759854608,"GFPT1"
"CPC006 LOVO 6H-pp-30-11.1","1/69",0.0472464610426503,0.0929117932771257,0,0,22.5316742081448,68.7751759854608,"CORO1A"
"LJP006 SKBR3 24H-XMD-1150-1.11","1/69",0.0472464610426503,0.0929117932771257,0,0,22.5316742081448,68.7751759854608,"PLAC8"
"CPC013 HA1E 6H-BRD-K05104363-10.0","1/69",0.0472464610426503,0.0929117932771257,0,0,22.5316742081448,68.7751759854608,"PLS1"
"CPC013 HEPG2 6H-BRD-U37049823-10.0","1/69",0.0472464610426503,0.0929117932771257,0,0,22.5316742081448,68.7751759854608,"PLS1"
"CPC006 MCF7 6H-parthenolide-20.0","1/69",0.0472464610426503,0.0929117932771257,0,0,22.5316742081448,68.7751759854608,"GFPT1"
"CPC006 NCIH1694 6H-pik-90-10.0","1/69",0.0472464610426503,0.0929117932771257,0,0,22.5316742081448,68.7751759854608,"CORO1A"
"CPC006 NCIH2073 6H-r406-10.0","1/69",0.0472464610426503,0.0929117932771257,0,0,22.5316742081448,68.7751759854608,"CORO1A"
"CPC006 NCIH2073 6H-BRD-K86574132-48.0","1/69",0.0472464610426503,0.0929117932771257,0,0,22.5316742081448,68.7751759854608,"CORO1A"
"LJP007 HEPG2 24H-motesanib-10","1/69",0.0472464610426503,0.0929117932771257,0,0,22.5316742081448,68.7751759854608,"SORL1"
"CPC006 NCIH596 6H-nsc 23766-160.0","1/69",0.0472464610426503,0.0929117932771257,0,0,22.5316742081448,68.7751759854608,"CORO1A"
"CPC006 NCIH596 6H-pi 103 hydrochloride-11.1","1/69",0.0472464610426503,0.0929117932771257,0,0,22.5316742081448,68.7751759854608,"CORO1A"
"CPC006 NCIH596 6H-imd 0354-10.0","1/69",0.0472464610426503,0.0929117932771257,0,0,22.5316742081448,68.7751759854608,"GFPT1"
"CPC006 OV7 6H-ag14361-25.0","1/69",0.0472464610426503,0.0929117932771257,0,0,22.5316742081448,68.7751759854608,"CORO1A"
"CPC014 A549 24H-e0886-10.0","1/70",0.0479156957277768,0.0929117932771257,0,0,22.2040133779264,67.462723652684,"PLS1"
"CPC006 PL21 6H-piplartine-10.0","1/70",0.0479156957277768,0.0929117932771257,0,0,22.2040133779264,67.462723652684,"DDAH1"
"CPC006 SKM1 6H-BRD-K15563106-177.6","1/70",0.0479156957277768,0.0929117932771257,0,0,22.2040133779264,67.462723652684,"DDAH1"
"CPC002 HA1E 24H-medrysone-10.0","1/70",0.0479156957277768,0.0929117932771257,0,0,22.2040133779264,67.462723652684,"GFPT1"
"LJP008 HT29 24H-GSK-1070916-10","1/70",0.0479156957277768,0.0929117932771257,0,0,22.2040133779264,67.462723652684,"PLAC8"
"CPC014 NPC 24H-BRD-A75931230-10.0","1/70",0.0479156957277768,0.0929117932771257,0,0,22.2040133779264,67.462723652684,"CORO1A"
"LJP008 HCC515 24H-AZ20-10","1/70",0.0479156957277768,0.0929117932771257,0,0,22.2040133779264,67.462723652684,"CORO1A"
"CPC006 U937 6H-BRD-K52075040-44.4","1/70",0.0479156957277768,0.0929117932771257,0,0,22.2040133779264,67.462723652684,"DDAH1"
"CPC003 HCC515 24H-enrofloxacin-10.0","1/70",0.0479156957277768,0.0929117932771257,0,0,22.2040133779264,67.462723652684,"CORO1A"
"CPC006 WSUDLCL2 6H-qs 11-10.0","1/70",0.0479156957277768,0.0929117932771257,0,0,22.2040133779264,67.462723652684,"PLS1"
"CPC006 WSUDLCL2 6H-tyrphostin ag 1478-56.78","1/70",0.0479156957277768,0.0929117932771257,0,0,22.2040133779264,67.462723652684,"CORO1A"
"LJP005 MDAMB231 3H-dovitinib-0.04","1/70",0.0479156957277768,0.0929117932771257,0,0,22.2040133779264,67.462723652684,"SORL1"
"CPC004 HCC515 6H-ag 957-10.0","1/70",0.0479156957277768,0.0929117932771257,0,0,22.2040133779264,67.462723652684,"GFPT1"
"LJP005 SKBR3 24H-PHA-665752-10","1/70",0.0479156957277768,0.0929117932771257,0,0,22.2040133779264,67.462723652684,"PLAC8"
"CPC016 SKB 24H-sb 202190-10.0","1/70",0.0479156957277768,0.0929117932771257,0,0,22.2040133779264,67.462723652684,"GFPT1"
"CPC005 HA1E 24H-dihydroergocristine-10.0","1/70",0.0479156957277768,0.0929117932771257,0,0,22.2040133779264,67.462723652684,"ARHGEF18"
"LJP006 HS578T 24H-sirolimus-10","1/70",0.0479156957277768,0.0929117932771257,0,0,22.2040133779264,67.462723652684,"PLS1"
"CPC006 A673 6H-mln2238-10.0","1/70",0.0479156957277768,0.0929117932771257,0,0,22.2040133779264,67.462723652684,"EPB41L4B"
"CPC006 CL34 6H-BRD-A81541225-10.0","1/70",0.0479156957277768,0.0929117932771257,0,0,22.2040133779264,67.462723652684,"CORO1A"
"CPC006 EFO27 6H-narciclasine-10.0","1/70",0.0479156957277768,0.0929117932771257,0,0,22.2040133779264,67.462723652684,"CORO1A"
"CPC006 HA1E 24H-gemcitabine-0.08","1/70",0.0479156957277768,0.0929117932771257,0,0,22.2040133779264,67.462723652684,"ARHGEF18"
"CPC006 HA1E 6H-methylene blue-10.0","1/70",0.0479156957277768,0.0929117932771257,0,0,22.2040133779264,67.462723652684,"ARHGEF18"
"CPC020 A549 6H-rifampicin-10.0","1/70",0.0479156957277768,0.0929117932771257,0,0,22.2040133779264,67.462723652684,"GFPT1"
"LJP006 MDAMB231 24H-BMS-345541-10","1/70",0.0479156957277768,0.0929117932771257,0,0,22.2040133779264,67.462723652684,"PLAC8"
"CPC013 A375 6H-BRD-K05104363-10.0","1/70",0.0479156957277768,0.0929117932771257,0,0,22.2040133779264,67.462723652684,"PLS1"
"CPC006 JHUEM2 6H-hdac6 inhibitor isox-10.0","1/70",0.0479156957277768,0.0929117932771257,0,0,22.2040133779264,67.462723652684,"GFPT1"
"CPC013 HEPG2 6H-hy-10992-10.0","1/70",0.0479156957277768,0.0929117932771257,0,0,22.2040133779264,67.462723652684,"PLS1"
"LJP007 HCC515 24H-DCC-2036-10","1/70",0.0479156957277768,0.0929117932771257,0,0,22.2040133779264,67.462723652684,"PLS1"
"CPC006 NOMO1 6H-qs 11-10.0","1/70",0.0479156957277768,0.0929117932771257,0,0,22.2040133779264,67.462723652684,"PLS1"
"CPC006 OV7 6H-phorbol-12-myristate-13-acetate (pma)-10.0","1/70",0.0479156957277768,0.0929117932771257,0,0,22.2040133779264,67.462723652684,"CORO1A"
"CPC013 VCAP 24H-BRD-A57107094-10.0","1/70",0.0479156957277768,0.0929117932771257,0,0,22.2040133779264,67.462723652684,"ARHGEF18"
"LJP009 HA1E 24H-ponatinib-3.33","1/70",0.0479156957277768,0.0929117932771257,0,0,22.2040133779264,67.462723652684,"CORO1A"
"CPC006 PC3 24H-sb 225002-11.1","1/70",0.0479156957277768,0.0929117932771257,0,0,22.2040133779264,67.462723652684,"GFPT1"
"CPC006 PC3 6H-emetine dihydrochloride hydrate (74)-0.63","1/70",0.0479156957277768,0.0929117932771257,0,0,22.2040133779264,67.462723652684,"GFPT1"
"CPC006 PC3 6H-BRD-K56411643-10.0","1/70",0.0479156957277768,0.0929117932771257,0,0,22.2040133779264,67.462723652684,"GFPT1"
"CPC001 HA1E 24H-angiogenesis inhibitor-10.0","1/71",0.0485844938901796,0.0929117932771257,0,0,21.8857142857143,66.1922672780771,"PLS1"
"LJP008 A549 24H-pracinostat-0.37","1/71",0.0485844938901796,0.0929117932771257,0,0,21.8857142857143,66.1922672780771,"SELL"
"LJP008 A549 24H-belinostat-1.11","1/71",0.0485844938901796,0.0929117932771257,0,0,21.8857142857143,66.1922672780771,"SELL"
"CPC014 PC3 24H-s1142-10.0","1/71",0.0485844938901796,0.0929117932771257,0,0,21.8857142857143,66.1922672780771,"GFPT1"
"LJP005 HT29 24H-NU-7441-10","1/71",0.0485844938901796,0.0929117932771257,0,0,21.8857142857143,66.1922672780771,"PLAC8"
"LJP005 MDAMB231 24H-AS-601245-10","1/71",0.0485844938901796,0.0929117932771257,0,0,21.8857142857143,66.1922672780771,"PLAC8"
"CPC004 HCC515 6H-BRD-A68930007 (ouabain)-10.0","1/71",0.0485844938901796,0.0929117932771257,0,0,21.8857142857143,66.1922672780771,"GFPT1"
"CPC016 ASC 24H-geldanamycin-10.0","1/71",0.0485844938901796,0.0929117932771257,0,0,21.8857142857143,66.1922672780771,"PLS1"
"CPC008 HCC515 6H-ncgc00184834-01-10.0","1/71",0.0485844938901796,0.0929117932771257,0,0,21.8857142857143,66.1922672780771,"GFPT1"
"LJP006 A549 24H-fostamatinib-1.11","1/71",0.0485844938901796,0.0929117932771257,0,0,21.8857142857143,66.1922672780771,"PLAC8"
"CPC005 HA1E 24H-mk 212-10.0","1/71",0.0485844938901796,0.0929117932771257,0,0,21.8857142857143,66.1922672780771,"ARHGEF18"
"CPC017 HT29 6H-angiogenesis inhibitor-10.0","1/71",0.0485844938901796,0.0929117932771257,0,0,21.8857142857143,66.1922672780771,"CORO1A"
"LJP006 HCC515 24H-GSK-1059615-3.33","1/71",0.0485844938901796,0.0929117932771257,0,0,21.8857142857143,66.1922672780771,"PRKCB"
"CPC018 A549 6H-bufalin-10.0","1/71",0.0485844938901796,0.0929117932771257,0,0,21.8857142857143,66.1922672780771,"GFPT1"
"CPC006 A375 6H-as605240-10.0","1/71",0.0485844938901796,0.0929117932771257,0,0,21.8857142857143,66.1922672780771,"PLS1"
"CPC019 A549 24H-BRD-K49010888-10.0","1/71",0.0485844938901796,0.0929117932771257,0,0,21.8857142857143,66.1922672780771,"CORO1A"
"CPC006 CORL23 6H-mk-0591-80.0","1/71",0.0485844938901796,0.0929117932771257,0,0,21.8857142857143,66.1922672780771,"CORO1A"
"LJP006 MCF10A 3H-XMD-1150-3.33","1/71",0.0485844938901796,0.0929117932771257,0,0,21.8857142857143,66.1922672780771,"PLAC8"
"LJP006 MCF10A 3H-radicicol-0.12","1/71",0.0485844938901796,0.0929117932771257,0,0,21.8857142857143,66.1922672780771,"SORL1"
"CPC020 MCF7 6H-BRD-A83124583-10.0","1/71",0.0485844938901796,0.0929117932771257,0,0,21.8857142857143,66.1922672780771,"GFPT1"
"CPC006 HCT116 6H-ingenol 3, 20-dibenzoate-10.0","1/71",0.0485844938901796,0.0929117932771257,0,0,21.8857142857143,66.1922672780771,"CORO1A"
"LJP006 MDAMB231 24H-AZD-7762-10","1/71",0.0485844938901796,0.0929117932771257,0,0,21.8857142857143,66.1922672780771,"PLAC8"
"CPC006 HT29 24H-bx-795-10.0","1/71",0.0485844938901796,0.0929117932771257,0,0,21.8857142857143,66.1922672780771,"GFPT1"
"CPC006 HT29 6H-BRD-A36630025-0.35","1/71",0.0485844938901796,0.0929117932771257,0,0,21.8857142857143,66.1922672780771,"GFPT1"
"CPC006 HT29 6H-emetine dihydrochloride hydrate (74)-0.63","1/71",0.0485844938901796,0.0929117932771257,0,0,21.8857142857143,66.1922672780771,"GFPT1"
"CPC013 HEPG2 6H-BRD-K29622226-10.0","1/71",0.0485844938901796,0.0929117932771257,0,0,21.8857142857143,66.1922672780771,"PLS1"
"LJP007 HA1E 24H-sirolimus-10","1/71",0.0485844938901796,0.0929117932771257,0,0,21.8857142857143,66.1922672780771,"CORO1A"
"CPC006 NCIH2073 6H-curcubitacin i-10.0","1/71",0.0485844938901796,0.0929117932771257,0,0,21.8857142857143,66.1922672780771,"CORO1A"
"LJP007 HCC515 24H-PD-0325901-0.37","1/71",0.0485844938901796,0.0929117932771257,0,0,21.8857142857143,66.1922672780771,"EPB41L4B"
"LJP007 HCC515 24H-INK-128-0.12","1/71",0.0485844938901796,0.0929117932771257,0,0,21.8857142857143,66.1922672780771,"SORL1"
"CPC006 NCIH2073 6H-methylene blue-10.0","1/71",0.0485844938901796,0.0929117932771257,0,0,21.8857142857143,66.1922672780771,"CORO1A"
"CPC006 NCIH2073 6H-ro 28-1675 ?-160.0","1/71",0.0485844938901796,0.0929117932771257,0,0,21.8857142857143,66.1922672780771,"CORO1A"
"CPC006 NCIH596 6H-BRD-K41859756-10.0","1/71",0.0485844938901796,0.0929117932771257,0,0,21.8857142857143,66.1922672780771,"GFPT1"
"LJP008 A375 24H-dasatinib-0.04","1/71",0.0485844938901796,0.0929117932771257,0,0,21.8857142857143,66.1922672780771,"PLAC8"
"LJP005 HEPG2 24H-AZD-8330-0.37","1/72",0.0492528558004378,0.0929117932771257,0,0,21.5763813651138,64.9619085278147,"PLAC8"
"CPC006 SKLU1 6H-pifithrin- ?-10.0","1/72",0.0492528558004378,0.0929117932771257,0,0,21.5763813651138,64.9619085278147,"GFPT1"
"CPC006 T3M10 6H-wortmannin-10.0","1/72",0.0492528558004378,0.0929117932771257,0,0,21.5763813651138,64.9619085278147,"GFPT1"
"LJP008 HCC515 24H-I-BET151-0.37","1/72",0.0492528558004378,0.0929117932771257,0,0,21.5763813651138,64.9619085278147,"PLAC8"
"CPC003 HCC515 6H-hoechst  33342 (cell permeable) (bisbenzimide)-10.0","1/72",0.0492528558004378,0.0929117932771257,0,0,21.5763813651138,64.9619085278147,"GFPT1"
"CPC006 VCAP 6H-pp-110-22.2","1/72",0.0492528558004378,0.0929117932771257,0,0,21.5763813651138,64.9619085278147,"PLS1"
"LJP005 MCF10A 3H-geldanamycin-1.11","1/72",0.0492528558004378,0.0929117932771257,0,0,21.5763813651138,64.9619085278147,"EPB41L4B"
"CPC006 WSUDLCL2 6H-BRD-K37865504-10.0","1/72",0.0492528558004378,0.0929117932771257,0,0,21.5763813651138,64.9619085278147,"DDAH1"
"CPC015 A549 24H-meloxicam sodium-10.0","1/72",0.0492528558004378,0.0929117932771257,0,0,21.5763813651138,64.9619085278147,"ARHGEF18"
"CPC015 HT29 6H-sb 415286-10.0","1/72",0.0492528558004378,0.0929117932771257,0,0,21.5763813651138,64.9619085278147,"GFPT1"
"CPC007 A549 6H-BRD-K05153001-10.0","1/72",0.0492528558004378,0.0929117932771257,0,0,21.5763813651138,64.9619085278147,"GFPT1"
"CPC015 SKB 24H-geldanamycin-10.0","1/72",0.0492528558004378,0.0929117932771257,0,0,21.5763813651138,64.9619085278147,"PLS1"
"LJP006 A375 24H-PHA-793887-0.12","1/72",0.0492528558004378,0.0929117932771257,0,0,21.5763813651138,64.9619085278147,"SORL1"
"LJP006 A375 24H-linifanib-10","1/72",0.0492528558004378,0.0929117932771257,0,0,21.5763813651138,64.9619085278147,"SORL1"
"LJP006 HEPG2 24H-AS-605240-0.12","1/72",0.0492528558004378,0.0929117932771257,0,0,21.5763813651138,64.9619085278147,"DDAH1"
"CPC006 A549 24H-abt-751-10.0","1/72",0.0492528558004378,0.0929117932771257,0,0,21.5763813651138,64.9619085278147,"PLS1"
"CPC006 A673 6H-dg-041-40.0","1/72",0.0492528558004378,0.0929117932771257,0,0,21.5763813651138,64.9619085278147,"CORO1A"
"LJP006 HS578T 24H-GW-843682X-1.11","1/72",0.0492528558004378,0.0929117932771257,0,0,21.5763813651138,64.9619085278147,"PLS1"
"CPC006 AGS 6H-valdecoxib-177.6","1/72",0.0492528558004378,0.0929117932771257,0,0,21.5763813651138,64.9619085278147,"CORO1A"
"CPC020 PC3 6H-BRD-K64517075-10.0","1/72",0.0492528558004378,0.0929117932771257,0,0,21.5763813651138,64.9619085278147,"GFPT1"
"CPC012 HCC515 6H-k784-3131-10.0","1/72",0.0492528558004378,0.0929117932771257,0,0,21.5763813651138,64.9619085278147,"GFPT1"
"LJP006 MDAMB231 24H-PI-103-10","1/72",0.0492528558004378,0.0929117932771257,0,0,21.5763813651138,64.9619085278147,"PLAC8"
"CPC006 HT115 6H-piplartine-10.0","1/72",0.0492528558004378,0.0929117932771257,0,0,21.5763813651138,64.9619085278147,"GFPT1"
"LJP006 MDAMB231 3H-QL-XII-47-10","1/72",0.0492528558004378,0.0929117932771257,0,0,21.5763813651138,64.9619085278147,"PLAC8"
"CPC006 HT29 24H-hli 373-10.0","1/72",0.0492528558004378,0.0929117932771257,0,0,21.5763813651138,64.9619085278147,"CORO1A"
"CPC012 PHH 24H-BRD-K07403598-10.0","1/72",0.0492528558004378,0.0929117932771257,0,0,21.5763813651138,64.9619085278147,"PLS1"
"CPC006 JHUEM2 6H-dorsomorphin dihydrochloride-10.0","1/72",0.0492528558004378,0.0929117932771257,0,0,21.5763813651138,64.9619085278147,"CORO1A"
"LJP006 SKBR3 24H-AZD-7762-0.37","1/72",0.0492528558004378,0.0929117932771257,0,0,21.5763813651138,64.9619085278147,"PLAC8"
"LJP006 SKBR3 24H-AZD-7762-10","1/72",0.0492528558004378,0.0929117932771257,0,0,21.5763813651138,64.9619085278147,"PRKCB"
"CPC006 LOVO 6H-ym-155-0.31","1/72",0.0492528558004378,0.0929117932771257,0,0,21.5763813651138,64.9619085278147,"GFPT1"
"LJP006 SKBR3 3H-QL-XII-47-1.11","1/72",0.0492528558004378,0.0929117932771257,0,0,21.5763813651138,64.9619085278147,"SORL1"
"LJP009 HEPG2 24H-ALW-II-38-3-1.11","1/72",0.0492528558004378,0.0929117932771257,0,0,21.5763813651138,64.9619085278147,"DDAH1"
"LJP005 HCC515 24H-TWS-119-10","1/73",0.0499207817226998,0.0929117932771257,0,0,21.275641025641,63.7698595851189,"SORL1"
"LJP005 HEPG2 24H-NU-7441-10","1/73",0.0499207817226998,0.0929117932771257,0,0,21.275641025641,63.7698595851189,"PLAC8"
"CPC006 SNUC4 6H-cay10594-20.0","1/73",0.0499207817226998,0.0929117932771257,0,0,21.275641025641,63.7698595851189,"CORO1A"
"LJP005 HS578T 24H-dasatinib-3.33","1/73",0.0499207817226998,0.0929117932771257,0,0,21.275641025641,63.7698595851189,"PLAC8"
"LJP008 HT29 24H-(+)-JQ1-3.33","1/73",0.0499207817226998,0.0929117932771257,0,0,21.275641025641,63.7698595851189,"PLAC8"
"CPC006 SW620 6H-BRD-K49371609-0.09","1/73",0.0499207817226998,0.0929117932771257,0,0,21.275641025641,63.7698595851189,"GFPT1"
"CPC014 PHH 24H-s1018-10.0","1/73",0.0499207817226998,0.0929117932771257,0,0,21.275641025641,63.7698595851189,"CORO1A"
"CPC006 WSUDLCL2 6H-BRD-K19295594-11.1","1/73",0.0499207817226998,0.0929117932771257,0,0,21.275641025641,63.7698595851189,"CORO1A"
"CPC004 HA1E 6H-epicatechin monogallate-10.0","1/73",0.0499207817226998,0.0929117932771257,0,0,21.275641025641,63.7698595851189,"GFPT1"
"LJP005 MDAMB231 3H-AZD-8330-10","1/73",0.0499207817226998,0.0929117932771257,0,0,21.275641025641,63.7698595851189,"DDAH1"
"CPC004 HCC515 6H-ouabain-10.0","1/73",0.0499207817226998,0.0929117932771257,0,0,21.275641025641,63.7698595851189,"GFPT1"
"LJP005 SKBR3 24H-NVP-AUY922-1.11","1/73",0.0499207817226998,0.0929117932771257,0,0,21.275641025641,63.7698595851189,"CORO1A"
"LJP006 BT20 24H-alvocidib-0.04","1/73",0.0499207817226998,0.0929117932771257,0,0,21.275641025641,63.7698595851189,"SORL1"
"CPC017 PHH 24H-digoxin-10.0","1/73",0.0499207817226998,0.0929117932771257,0,0,21.275641025641,63.7698595851189,"PLS1"
"LJP006 HCC515 24H-BI-2536-0.12","1/73",0.0499207817226998,0.0929117932771257,0,0,21.275641025641,63.7698595851189,"PLAC8"
"LJP006 HME1 24H-AS-605240-0.12","1/73",0.0499207817226998,0.0929117932771257,0,0,21.275641025641,63.7698595851189,"PLS1"
"LJP006 HME1 24H-canertinib-0.37","1/73",0.0499207817226998,0.0929117932771257,0,0,21.275641025641,63.7698595851189,"SORL1"
"CPC006 A673 6H-BRD-K43620258-80.0","1/73",0.0499207817226998,0.0929117932771257,0,0,21.275641025641,63.7698595851189,"CORO1A"
"LJP006 HS578T 24H-KIN001-043-0.37","1/73",0.0499207817226998,0.0929117932771257,0,0,21.275641025641,63.7698595851189,"DDAH1"
"LJP006 HS578T 24H-AZD-8055-0.04","1/73",0.0499207817226998,0.0929117932771257,0,0,21.275641025641,63.7698595851189,"PLAC8"
"CPC010 PC3 24H-BRD-K28916077-10.0","1/73",0.0499207817226998,0.0929117932771257,0,0,21.275641025641,63.7698595851189,"GFPT1"
"LJP006 MCF10A 24H-dasatinib-3.33","1/73",0.0499207817226998,0.0929117932771257,0,0,21.275641025641,63.7698595851189,"DDAH1"
"CPC020 MCF7 6H-BRD-K06666320-10.0","1/73",0.0499207817226998,0.0929117932771257,0,0,21.275641025641,63.7698595851189,"GFPT1"
"LJP006 MCF7 24H-AZD-5438-1.11","1/73",0.0499207817226998,0.0929117932771257,0,0,21.275641025641,63.7698595851189,"SORL1"
"LJP006 MCF7 3H-BMS-345541-1.11","1/73",0.0499207817226998,0.0929117932771257,0,0,21.275641025641,63.7698595851189,"PLAC8"
"CPC012 NEU 24H-BRD-K03736784-10.0","1/73",0.0499207817226998,0.0929117932771257,0,0,21.275641025641,63.7698595851189,"GFPT1"
"LJP006 MDAMB231 24H-JW-7-24-1-3.33","1/73",0.0499207817226998,0.0929117932771257,0,0,21.275641025641,63.7698595851189,"PLAC8"
"LJP006 MDAMB231 24H-AZD-7762-1.11","1/73",0.0499207817226998,0.0929117932771257,0,0,21.275641025641,63.7698595851189,"PLAC8"
"CPC006 JHUEM2 6H-cot-10b-44.4","1/73",0.0499207817226998,0.0929117932771257,0,0,21.275641025641,63.7698595851189,"CORO1A"
"LJP009 PC3 24H-XMD-1499-0.12","1/73",0.0499207817226998,0.0929117932771257,0,0,21.275641025641,63.7698595851189,"DDAH1"
"CPC013 HCC515 6H-c3393m50-10.0","1/73",0.0499207817226998,0.0929117932771257,0,0,21.275641025641,63.7698595851189,"CORO1A"
"CPC013 HEPG2 6H-BRD-K49865102-10.0","1/73",0.0499207817226998,0.0929117932771257,0,0,21.275641025641,63.7698595851189,"PLS1"
"CPC006 NCIH1694 6H-BRD-K31342827-12.12","1/73",0.0499207817226998,0.0929117932771257,0,0,21.275641025641,63.7698595851189,"CORO1A"
"CPC006 NCIH2073 6H-BRD-A31107743-0.09","1/73",0.0499207817226998,0.0929117932771257,0,0,21.275641025641,63.7698595851189,"CORO1A"
"CPC006 OV7 6H-narciclasine-10.0","1/73",0.0499207817226998,0.0929117932771257,0,0,21.275641025641,63.7698595851189,"PLS1"
