"","Term","Overlap","P.value","Adjusted.P.value","Old.P.value","Old.Adjusted.P.value","Odds.Ratio","Combined.Score","Genes","%protein","num_protein"
"1","bexarotene homo sapiens gpl96 gds2777 chdir up","676/1755",1.47383953175567e-115,1.02873999316546e-112,0,0,2.27920227920228,602.642540791594,"RB1;NCKAP1;TFRC;RPL31;SERPINE1;HNRNPU;EPRS;FNBP1L;ELK3;TPGS2;RPL7;LSM12;ALCAM;RNF114;CAPNS1;MPRIP;DPYSL2;AP1S1;RPL38;RPL39;HOXA5;MT1HL1;MBNL2;RBFOX2;ACOT7;TSPYL1;RPL23;FNDC3B;CD2AP;MTAP;SCO2;PRKAR1A;ZC3H11A;RBP1;CLDN7;PSME2;YME1L1;TMEM126B;SKAP2;ATF4;NAA60;MTMR1;CRABP2;SAR1B;SHMT2;CTBP1;RPN1;IQGAP1;MRPL12;ADH5;GLG1;PRDX3;RIC8A;MRPL20;ABR;LARP1;RHOT1;CYB5R3;PRKAR2B;EPB41L2;PRDX1;CHST15;SERPINH1;PNPO;RSU1;SERF2;S100A10;HOXC6;BTF3;RPL41;ST13;TMA7;MTHFS;NR2F2;L1CAM;MAGOHB;DHFR;SETX;FERMT1;GLUD1;TBL2;SLC6A8;TDP2;HNRNPD;HNRNPC;FERMT2;ADA;ARF3;PYGB;CDKN1B;TCF25;RPLP0;LPCAT1;OSBPL10;TRMT112;TUBA1A;FAM102A;AIFM1;NKRF;TRIM2;RPLP2;NELFB;C11ORF24;NELFE;BRD3;BRD2;RING1;ANXA2;ANXA3;ANXA4;ANXA5;SSR3;EMP1;PAWR;C6ORF62;SERPINB9;BAZ1A;DYNLL1;SLC39A14;F3;DUSP6;SRP9;SERPINB6;SLC7A5;TUBB2A;GPRC5A;PSMA4;SLCO4A1;AGPS;PLIN3;PAFAH1B3;GART;ARF5;ARF6;WDR26;STAU1;SLC7A1;HSPA13;TANK;TM9SF3;NRAS;BCLAF1;PSMB2;EPCAM;UCP2;CLPTM1;RPL14;PCGF1;STAT6;CEPT1;RPS2;RPL18;EGLN1;MBD4;FARP1;SF3A1;YTHDF2;YTHDF3;MOCOS;TMCO1;TM9SF2;NFIB;ZNF217;PLP2;NUCB2;C11ORF58;MTCH2;PLOD2;PLOD1;AHR;APEH;CLU;LAPTM4B;MAEA;ABHD11;APMAP;PLS3;PIM2;NBN;SLC16A3;TMSB10;BNIP3L;MAP2K1;TLE1;MAP2K2;TPM4;S100A2;RPS8;UBE2E1;AIP;SARS;RPSA;LEMD3;CDC25B;ACLY;FSCN1;ERP29;ADAM9;S100A4;IL6ST;FKBP4;FKBP3;FKBP2;SHC1;MAX;ARL3;GLT8D1;STK39;RHOBTB3;CREBL2;HSP90B1;SLC9A3R1;TPR;EIF4EBP1;PGK1;EIF4EBP2;PLXNA1;ANKRD10;IGFBP6;NADK;MCL1;ZBTB18;FUS;ASNS;DHCR24;LSM5;MOB1A;COPS5;P4HA1;STK24;P4HA2;RHEB;SP3;SERINC1;SERINC3;NOP10;CNIH4;NFE2L1;EIF4G2;SERINC5;BCL2L1;EIF4G1;ITGB1;SLC25A1;MCFD2;WDR1;RNF13;AMD1;PTEN;PIK3CB;NXT2;CAPZB;GM2A;PPP6R1;SUMO2;CEP170;PGLS;MRPL9;TNPO1;IDH3A;ACTR2;CERS6;GPX4;AHSA1;RPL13A;NDUFC2;WIPI1;VEZF1;ARFGAP3;TNFRSF1A;PKM;ASPH;NPC2;RPL37A;TMBIM6;TOP1;SLC25A4;MET;RAB1A;CEBPB;SEC23A;CANT1;ROCK1;NDUFB2;GLRX;HSD17B11;MALT1;DNAJB1;U2AF2;POLR2E;DNAJB9;POLR2F;SH3BP4;IGF2BP3;IGF2BP2;EIF4E;SEC23B;WASF2;EIF4B;UBQLN2;POLR2L;SLC25A24;SLC35A1;CYB5A;NDUFA7;NDUFA6;IDH3G;CYP51A1;CCDC59;SEMA4C;NDUFA1;RPL23A;PTPN11;CDC42BPA;SORL1;TPD52L2;ATOX1;KLF2;MYO1B;MARCKS;KLF6;SUCLA2;PSAT1;PDCD2;P4HB;TPT1;SLC25A36;SPG21;PFKP;IFITM3;EIF4A2;EIF4A1;IFITM2;LPGAT1;FAM89B;TRAF3IP2;ARL6IP1;KDELR1;SLC35B1;CISD1;MT1X;C1GALT1C1;MT2A;LGALS1;RPS19;PPP2R1A;RPS18;BSG;ARL6IP5;SOX9;RPS11;SEC62;FBXO7;B2M;SOX4;TMPO;AGFG1;ATP6V0E1;METTL1;IFRD1;HLA-C;CSNK1D;ACTN4;ACSL3;GNPAT;POR;CFDP1;SOAT1;SUB1;MALL;AKAP9;MT1F;MT1G;MT1H;TRIB3;SUCLG1;KDELR3;PFN1;TRIB2;NBL1;MT1E;EPHA2;ANP32A;STXBP1;SUPT4H1;TWF1;NMD3;TXN;SNX3;SNX1;SGPL1;INPP5F;STC2;GSE1;RBM12;ATP6V1C1;CTSA;WWTR1;YES1;TMEM184B;GADD45B;TMEM50B;LIF;BSDC1;PTK2;MANF;EXT2;RPS25;STAG2;RPL27A;MPHOSPH10;CALM3;HIST1H4J;RPS21;AARS;CDS2;TRAM1;CLIC4;GDI1;MRPS14;C2CD2;GPAA1;CETN2;MAGT1;SLC7A11;BMI1;PTPRF;AKAP12;ACTR1A;PPP3CB;SEC61G;ENC1;RAC2;MLX;TMED2;IDS;CTSH;PHGDH;QSOX1;NANS;UBXN4;TMED7;UTP14A;HTATIP2;CTSB;TMED9;ATP6V0B;WARS;TNFRSF12A;PABPC4;TFE3;NME4;RHOC;APRT;MLF2;RHOB;RAP2C;UGDH;NME7;CSDE1;FRG1;WAC;AIDA;CD47;CRELD2;ATP6V0C;CD44;DBN1;DCP2;RAB7A;C1QB;DYNC1I2;MYCBP;TOMM40;CAB39;SLC20A1;MRPS34;GNAI3;HSD17B4;DERL2;NEDD8;CRIP2;COX5B;GNAI2;STX10;CXORF40A;LIMA1;NT5E;PGRMC1;RXRA;OS9;ORMDL2;MSX1;TBL1X;ATP6V0E2;PAK4;CA12;RANBP1;SLC31A1;NFYC;AKR1C1;AP3D1;PDP1;FKBP1A;TJP1;SPCS3;KRT19;SPCS1;AXL;MARS;HNRNPA2B1;TCEA1;PNPLA6;ESYT1;MPHOSPH8;GOLT1B;HDLBP;COMT;CNDP2;NARS;AKR7A2;CCND3;RGS2;AKR7A3;TMEM147;CCND1;PLAU;RBMX2;KHSRP;DENND5A;CAPN1;ACAA1;RALBP1;G6PD;KDM2A;DNAJB14;ATP1B1;PDIA4;PRPF4;ZNF91;PREPL;TMEM258;HNRNPUL1;CARS2;HIST1H2BD;VCL;PPIC;RAI14;IDI1;ISYNA1;VCP;TSG101;TMED10;COPB1;SLC1A3;COX7A2;SLC1A5;NDRG1;CNN3;SEL1L3;CNN2;TMEM123;SDCBP;TMEM248;ISOC1;CD99;YARS;MPST;HSPA9;PRNP;HSPA8;SMAD4;SMURF2;ARHGAP29;UBE2A;H2BFS;HIGD2A;GULP1;DNMBP;CPS1;CAPRIN1;GNAS;DEGS1;UBA1;TCF3;DYNLRB1;LRP10;GCLM;LGALS3BP;PRKCSH;HMGB3;YBX1;HMGB1;MEA1;SOBP;RND3;YBX3;ELAVL1;LMNB1;HS2ST1;LASP1;CASP6;ENOSF1;NUP62;BCL7B;C9ORF16;NPTN;FLOT1;MYBL2;COLGALT1;HIBCH;TGIF1;USP46;TTC37;RBM14;ATP6AP1;DYNLT1;H2AFZ;RPS3A;LSR;CTPS1;PPP2R5C;GLRX2;TAPBP;RBL2;VCAN;RCN1;RER1;EEF1D;ACOX1;NDUFS6;NUP50;PPDPF;CAT;PEX5;RBMS1;MYH9;TERF2IP;RALB;NXN;USP11;SLC3A2;RRBP1;ASAP2;ATP1A1;HMGCR;AGPAT2;ADD1;HMGCL;CAND1;LEPROTL1;NT5DC2;POLD2;MAPK1;NUP43;GALNT7;USP24;MBTPS1;NAA10;GALNT1;USP22;SGTA;SLC50A1;USF2;GALE;REST;WEE1;MLPH;CYP24A1;TNIP2;CDK2AP2;PMP22;CD9;CDK2AP1;TAF4;FAM50A",4.28994082840237,29
"2","trovafloxacin homo sapiens gpl96 gse9166 chdir up","1091/3831",1.12069585768807e-90,3.91122854333135e-88,0,0,1.68510083575441,349.01590892108,"ITSN2;CHIC2;TFRC;POP1;SPINT2;LIPA;CLDN1;MYLK;PSMD8;PSMD9;MPRIP;PSMD4;DPYSL2;PSMD3;AKT1;PRKACB;MEF2A;RBFOX2;RFX2;PDZK1;SCAMP3;SND1;SCAMP2;CD2AP;EML4;SLC5A6;RUFY1;RBP4;SCO2;PRKAR1A;PSME3;UNC50;CLDN7;PSME1;JTB;RBCK1;ATF3;ATF4;MTMR1;SHMT2;MEPCE;PDGFA;MRPL17;IQGAP1;SULT1A1;ADAMTS13;CYB5R3;PRKAR2A;EPB41L2;KCNMB2;RSU1;SULT1A2;JUN;JAG1;JUP;TEX30;CADM1;EDEM1;FUCA1;EIF2AK2;L1CAM;MRPL24;PBX1;LARP6;CS;QARS;FXYD3;TDP2;HYOU1;SFXN1;PSMG2;PKIG;TMEM9B;ARF3;MTMR14;RPLP0;PIGP;PRKAG2;LITAF;PQBP1;PCMTD2;MRPL41;TUBA1A;TMEM43;C11ORF24;OFD1;DUSP5;ELOVL1;LYPLA2;RING1;NSUN5;EMP1;RRAS2;LRRC40;C6ORF62;FOS;DYNLL1;SLC39A14;FAHD2A;MED28;DDB1;GPRC5B;SLC7A6;MED24;MYOT;CHST1;RAPGEF2;SLC29A1;CRYAB;DLD;ERGIC2;ARF6;KANK2;ZNF473;STAU1;GSTP1;URM1;CRCT1;SLC7A1;GGA1;HLA-DMA;NRAS;EXTL2;EXOSC10;GPA33;UCP2;NRAP;STAT4;STX4;STAT6;FLNB;HARS;MBD4;EGLN2;GOLM1;SMAGP;MBD1;TARBP2;LRRC20;LYRM1;LYRM4;TAOK3;FABP5;ZNF217;AGRN;YPEL5;FRYL;LIMS1;MTCH2;NAB1;PLOD2;APEH;ATP12A;SAT1;FADS3;LAPTM4B;OSBP;NFATC2IP;PMPCB;PMPCA;SLC16A3;AP2M1;BNIP3L;IK;S100A1;UGT2B15;UBE2E1;ATP11B;POLRMT;TUBA4B;C12ORF10;FTSJ3;ACLY;MAPKAPK3;MFNG;MAPKAPK2;FSCN1;S100A4;S100A9;S100A8;CDKL1;KHDRBS1;TXNDC9;TUBGCP2;SHC1;MAZ;TACSTD2;UAP1;ACAT2;CORO1B;HSP90B1;SOCS2;FBXO40;ATXN1;PGK1;EIF4EBP2;NAE1;ZKSCAN1;NADK;TIA1;SDF2L1;GOT1;GFPT1;FBXO34;ARPC4;EEF2;G6PC3;STK24;DMXL2;HLA-DRA;PIN1;ACO1;OGT;NFE2L1;ITGB1;SLC25A1;MCFD2;SLC25A3;ALAS1;AKAP8L;SUMO4;PIK3CD;ETFB;PIK3CB;NXT2;BICD2;MRPL4;SUMO2;PPP6R3;NCK2;ACP2;MRPL9;ACTR2;HSP90AA1;DST;KSR1;VPS37C;MSL3;ARFGAP3;ARFGAP2;ARL4C;SLC25A16;CYP2A6;SLC25A17;NPC1;DSG2;ITGA5;LCP1;MET;SEC23A;ROCK1;NDUFB6;NDUFB2;PRCP;LRP2;MALT1;GANAB;DRAM1;NCLN;U2AF2;CCL2;IARS2;SH2B3;SEC23B;EIF4B;ATP9A;SLC25A24;KCNJ5;SEC24A;NDUFA6;MBOAT7;SYT13;TPD52L2;MYO1B;NAGK;EIF3K;PDCD4;PDCD2;STUB1;SEC24C;SPG21;SLC25A36;LPGAT1;KEAP1;SPATA20;IFI30;LGALS4;UXT;LGALS3;EFR3A;LGALS1;BSG;CPNE1;RCC1;PIEZO1;LGALS8;FBXO7;SEC63;TMPO;SLC34A2;ALG8;LIMCH1;ECH1;CSNK1D;TM4SF4;BCS1L;TM4SF1;GNPAT;CFDP1;OMP;SUB1;TRIB3;PREB;MXRA7;KCTD12;KDELR3;MXRA5;CES2;MMADHC;PEX11B;SNX3;SNX1;RRAS;MIER2;MICAL1;CD19;NEU1;TSPAN4;APOE;SNX7;SNX5;ATP6V1C1;SNX6;CTSA;WWTR1;EGR1;SURF1;YES1;XRCC5;MICAL2;BSDC1;ALDH6A1;RPL27A;CDC16;ID1;CD24;AARS;MRPS16;MRPS11;CETN2;MRPS10;MIA3;SLC7A11;IDE;PTPRK;TFB1M;CD3E;RAB22A;AKAP12;ACTR1A;PPP3CB;SCML2;ACTR1B;SCML1;HYAL3;ENC1;MLX;ARIH2;SDF4;CTSH;CD36;SPTAN1;CAMP;HTATIP2;CTSB;CD53;PCYT1B;SEC13;WARS;TNFRSF12A;PABPC4;NBPF10;MRPS2;RAP2C;ENAH;GAK;CTTN;CSDE1;UFC1;MZB1;ARHGEF1;CRELD2;EEF1E1;DYNC1I2;TAGLN;CAB39;STX16;SSNA1;MRPS31;HSD17B4;CRIP2;NEDD8;CAPG;COX5B;STX10;CYP2A13;PNMA1;CAMK2N1;C22ORF24;FILIP1L;EPS15;PAK2;CXORF40B;PEX16;DYNC1H1;PEX19;GCH1;YIPF3;AKR1C1;AKR1C4;DOHH;YIF1A;PPP1CA;FKBP1A;CCNG2;TCEA1;PNPLA6;PNPLA2;ACAA2;CD83;MPG;UBE2Z;NARS;RGS3;CCND1;PLAU;SCN9A;CAPN1;OSTF1;SH3GL1;CARD10;G6PD;SPINK5;CASK;UBE4A;CYBA;GEM;BRMS1;VCL;SIDT2;PPIC;RTN3;VCP;TSG101;TMED10;PSMD14;SEL1L;HTRA2;SLC1A4;PSEN1;HIGD1A;RASGRP2;PLD3;CNN3;CNN1;EBP;NPHP4;NDUFV2;CD99;YARS;SLC52A2;UBE2A;HIGD2A;BMP4;VIL1;GCLC;CPS1;MKRN1;STT3A;GNAS;UBE2N;DEGS1;TCF3;GCLM;LSM14A;UBE2M;GSK3A;TNFAIP2;HMGB3;PCTP;TNFAIP1;HMGB1;MEA1;SEC61A1;LASP1;CA2;BCL7B;NPTN;MYBL2;LRRFIP2;TGIF1;SUN2;RBM14;ARHGEF12;MMP2;CYP4A11;DDX56;TBC1D9;GLRX2;MMP9;PJA1;EEF1G;ACTA2;SFPQ;IRF3;RER1;TMEM214;ACOX1;PPDPF;CAT;PEX5;IRF7;CRY1;ATP6V1B2;NDUFS2;IRF9;OTUB1;LAMA5;RALB;MVP;RAP1GDS1;RRBP1;CLCN3;AGPAT2;ADD1;CRYZ;PDLIM1;POLD4;HMGCL;GNG3;DNPEP;PDLIM2;TNKS2;OXCT1;DROSHA;NUP43;CRYM;DNAI1;MBTPS1;CDK11A;TAF11;ATP2B4;CHFR;HS3ST2;GALC;GALE;TNIP2;GLB1;CD9;KRAS;VIM;ROPN1B;CYFIP2;RB1;NCKAP1;CNTFR;RPL3;MAML1;HNRNPU;ABAT;EPRS;RPL8;PHB2;BACH1;ELK3;EPS8;ALCAM;TFG;ZMIZ2;MYC;CREB3L2;AP1S1;PXDC1;JUNB;IER2;UNC13B;ACOT9;MBNL2;ACOT7;GTPBP1;WDR77;NUP93;BCAN;MTAP;ARMC6;MAP1B;FDX1;YME1L1;RPL29;RPL28;CFB;ASF1A;PRR14;GNE;CDC42SE1;ZNF395;PDXDC1;CTBP1;RPN1;WDR61;ADH7;GLG1;ADH5;RRP7A;PRDX3;POU5F1B;RIC8A;NCSTN;CHST11;NUP85;FLRT3;PRDX1;PNPO;SERPINH1;S100A12;PLEK2;SERF2;FDFT1;S100A10;CHKB;H3F3B;ST13;TRIP4;MTHFS;GLUD1;SLC6A7;GLUD2;SLC6A8;EHD4;TRIP6;ATG2A;CDK13;FARSA;PAM;BTG4;BTG3;PYGB;BTG1;TCF25;WDR41;SRP54;PYGL;WDR45;GLI2;ING2;CSRP2;IMPA1;CSRP1;IMPA2;TCTN3;TRIM2;TIMP3;ANXA7;LDLRAP1;FCRL2;SERPINB2;ANXA2;PLLP;SLC2A10;ANXA3;ANXA4;TESC;ANXA5;ITPK1;COPZ2;PAWR;NUTF2;SERPINB9;COQ10B;COPZ1;PAX2;SERPINB6;RNF167;TUBB2A;EXOC3;GART;PLCB2;HBEGF;ASAH1;GRN;NBAS;SF3B2;CLDND1;RPL12;TANK;TMEM164;GPNMB;LMAN2;CHN1;RPS3;RPL13;GCNT3;RPL15;AGA;RPS2;SLC17A3;APOL2;FARP1;GSN;HSPA1L;MOCOS;LAPTM5;GUCA2B;NR1H3;SULF1;ELP6;WDR13;BLCAP;GATM;OSTM1;NFIB;ABI1;ZYX;PLP2;NUCB2;LAMTOR5;MSRB1;FAM49B;AHR;RPL10A;CLU;ZFP36;CDH2;APMAP;FCGRT;MPC1;PLS3;NBN;PHLDA1;TMSB10;GYG1;RAB2A;MAP2K1;MAP2K2;ANKRD49;RPS7;IGFBP4;IGFBP3;AIP;VRK1;VRK2;DGKZ;RAB32;RAB31;SYPL1;ARMCX6;PHIP;FKBP9;FKBP4;FAM8A1;CSNK1G2;NOTCH2;FKBP2;CD151;RAB5C;INSIG1;GLT8D1;HSPBP1;BTBD1;TPR;NDN;DVL3;PLXNA1;PLTP;MCL1;OSBPL9;OSBPL8;AKIRIN1;TRAPPC4;GLMN;M6PR;ASNS;DHCR24;MARCH6;ADAP1;TOR1B;MARCH2;MOB1A;COPS5;MAFB;P4HA1;RHEB;CPE;PLXNB2;DHCR7;SERINC3;EIF4G2;SERINC5;WDR1;AMD1;LBH;GM2A;VPS72;PSTPIP2;RNPEP;EFHD1;TNPO1;INSL3;ADAMTS6;IDH3A;SLC13A4;LANCL1;SORD;RPL13A;WIPI1;EDF1;NIPSNAP1;DUSP22;TFDP1;ASPH;TFDP2;CTDSP1;MCM5;RAB1A;WBP2;GLRX;CYP3A4;HDAC6;DNAJB1;ABLIM1;DNAJB4;POLR2E;CTNNAL1;SLC35A1;PTPN18;IDH3G;CYP51A1;SEMA4C;SPAG4;PTPN11;CDC42BPA;KLF4;PNRC1;ASS1;MARCKS;PSAT1;MGAT4B;TPT1;PFKP;BET1;SPARC;ARL6IP1;SLC35B1;PITPNB;PITPNA;PWP2;PWP1;NFU1;RPS6KA3;GOLGA5;RPS18;RUSC1;PPP2R1A;FLAD1;PART1;ARL6IP5;DENR;SOX9;SKP2;PDK1;RPS12;AGFG1;SRRM2;CPT1A;TIPIN;IL1R1;IFRD1;SLC11A2;ACSL5;KRT7;ACSL3;PSG9;CARHSP1;COX7A2L;POR;MALL;VDAC3;HECA;TTLL12;ATP6V0D1;AURKAIP1;ALDH7A1;STXBP3;IGSF3;MAGED1;GYPB;IGSF1;MGST3;TEX261;NMD3;CD79A;ZNHIT1;INPP5F;ZNHIT3;STC2;DND1;HIST1H3G;SPTBN1;VAT1;VASP;RPL39L;SRPK2;TMEM184B;TMEM50B;ALOX15B;GNG11;PARP12;DERA;STAG2;AKR1B10;RPS20;MAGED2;OR6A2;CDS2;DAZAP2;CLIC4;TRAM1;GDI1;FASTKD1;EPB41L4B;SLC22A18;ANKRD1;DLAT;UBXN4;TMED7;PSENEN;CBR1;ATP6V0B;PRMT1;TFE3;RHOF;RHOC;UCHL3;RHOD;MLF2;UGDH;MDFIC;CEACAM6;ATP6V0C;DCP2;MATN2;C1QB;PRIM2;MYCBP;AKAP7;TYMS;TRAK2;NT5E;SHOC2;LY6G6C;EMC9;CBR3;CA12;GDF11;RANBP1;NQO2;SLC31A2;CDX1;AP3D1;LHFPL2;TJP1;SPCS3;KRT19;NR6A1;FAP;DLC1;MARS;GSTA1;RAB3GAP1;MEGF9;TJP2;STEAP3;POGK;NDUFA10;HDLBP;COMT;CCDC28A;CNDP2;TMEM147;FAM162A;RBMX2;ARHGDIB;PDE8A;NSF;KDM2A;HIST1H2AI;ARID5B;NOSIP;LIG3;ATP1B1;PDIA4;ALDH3A2;DPM1;PREPL;COL4A2;ILVBL;HGS;COL4A1;HIST1H2BE;RAI14;ABCG2;ATP6V1A;IDI1;COPB1;SEL1L3;DPP3;TMEM123;SDCBP;MAN2A2;PODXL;HSPA9;MPST;HSPA8;KLHDC3;SMAD4;ARHGAP29;TDRD7;COQ2;CAPRIN1;DNAJC10;PI4KA;BLMH;TGFBI;PI4KB;NFKBIE;LRP10;GLP1R;CXCL6;ACADVL;DOCK4;HSPB8;USP34;SLC2A1;CXCL1;GTDC1;HK1;RPS4X;HEBP1;CASP6;FLOT1;MFSD1;H2AFZ;DESI2;PLAUR;RPS3A;PPP2R5C;DNM2;RBL2;DCT;OAS1;OAS2;TERF2IP;RBMS1;DNASE2;ITGB3BP;PDXK;USP16;TUFT1;TM2D3;RMND5B;ACAN;MUC1;LEPROTL1;SNCG;MAPK1;STOM;HES1;MAPK6;ABCF2;GBP1;CAMK2G;S1PR4;IGBP1;USP22;HSPE1;WEE1;CDK2AP2;CDK2AP1;ATP13A3;SCLY;CKLF",3.84967919340055,42
"3","imatinib homo sapiens gpl96 gds3043 chdir up","1385/5369",3.14454428885755e-86,7.31630637874191e-84,0,0,1.5264045953044,300.513421769267,"ITSN2;TDRKH;POP1;TMEM97;SCAMP5;PSMD8;LSM12;MPRIP;PSMD4;DPYSL2;PSMD3;AKT1;SMCO4;RBFOX2;DNTTIP2;RNASE4;PHKA1;DICER1;SCAMP3;CD2AP;EML4;SLC5A6;PRKAR1B;EWSR1;SCO2;PRKAR1A;PSME3;UNC50;JTB;PSME2;SPARCL1;CYP2E1;PADI4;FAR2;TMEM126B;ATF3;ATF4;RABL6;ZNF274;SET;RETSAT;SAR1B;SHMT2;PDGFA;AGAP1;MRPL17;IQGAP1;MRPL12;MRPL11;MRPL20;EPB41L2;PDGFD;RDH14;RSU1;ZNF267;JUN;JAG1;TEX30;CADM1;TIPARP;EDEM1;EIF2AK3;TMA7;NR2F2;LYZ;MAGOHB;FAM136A;MRPL24;MLLT11;SETX;FERMT1;UCK2;COL1A2;TBL2;EIF6;TDP2;FXYD2;FASN;FAT1;HRC;HYOU1;SFXN1;GPR18;ARF3;HIST2H2AA3;MTMR14;SNX10;SNX11;MRPL34;LITAF;PQBP1;OSBPL10;C12ORF43;HEY1;NKRF;RPLP2;NELFB;C11ORF24;DUSP5;LYPLA2;NSUN5;RIPK2;NSUN3;ACTL6A;BGN;MRPL49;EMP1;RRAS2;LRRC40;C6ORF62;FOS;DYNLL1;MED27;DUSP9;SLC39A14;DUSP6;FAHD2A;SRP9;MRPL52;MZT2B;SLC7A5;PSMA6;PLSCR1;GPRC5B;SLC7A6;PSMA4;PLSCR3;PSMA2;MYOT;CDC42EP4;AGPS;PELI1;PIGL;DLD;ARF6;ZNF473;URM1;STATH;SLC7A1;GGA1;PSMB7;SNX29;EXTL2;HLA-DMB;PSMB2;PSMB1;MICALL1;CLPTM1;HAS2;STX4;FLNB;HARS;BID;EGLN1;MBD4;EGLN3;ZNF460;SMAGP;BMP8B;ARCN1;BYSL;LETM1;LYRM1;PSMC5;LYRM4;TAOK3;FABP5;WT1;PSMC4;FABP7;C12ORF29;SRRD;PSMC2;TSR1;ZNF217;CIAPIN1;CENPO;C11ORF58;ZNF695;LIMS1;MTCH2;NAB1;PLOD2;PLOD1;APEH;LAPTM4B;OSBP;NFATC2IP;PIM1;PMPCA;PIM2;SLC16A3;SYBU;MAP3K5;ZNF440;IK;SLC38A1;CISH;UBE2E1;SARS;CNPY3;POLRMT;FBXO11;RBX1;CDC25B;FTSJ3;TPST2;ACLY;SLC9A6;MAPKAPK3;MFNG;NAAA;MRTO4;MAPKAPK2;LY6H;NPTXR;SLC27A3;PLA2R1;ANAPC1;CDKL1;KMT2D;DLX2;TXNDC9;MAX;SHC1;ARL3;MAZ;CREM;TACSTD2;UAP1;TNFRSF11B;NREP;ACAT2;RAP1GAP;HSP90B1;SOCS2;SOCS3;SLC9A3R1;ATXN1;ATXN7;MED31;EIF4EBP1;PGK1;NAE1;ZKSCAN1;ZBTB18;NOP14;SDF2L1;GOT1;FUS;GFPT1;ARPC4;G6PC3;SP4;PIN1;TUBGCP3;NOP10;ZNF410;NFE2L1;ITGB1;MCFD2;ALAS1;PIK3CB;ITGAE;MSLN;BICD2;NRGN;MRPL4;MRPL2;HHEX;CAPZB;PPP6R1;NCK2;MRPL9;ERC1;UPP1;PELP1;NCK1;ACTR2;EIF5B;HSP90AA1;CERS6;PPP1R12A;KSR1;PVRIG;VPS37C;MSL3;AHSA1;NDUFC2;TNFRSF1A;ARFGAP2;SLC25A16;SLC25A15;NPC1;DSG1;DSG2;TMBIM6;TOP1;ITGA5;LCP1;MET;SLC25A4;PRPS1;COL15A1;SEC23A;CANT1;NDUFB6;GTF3C5;NDUFB4;NDUFB2;HSD17B12;IL2RG;HSD17B10;MALT1;SRM;PPM1G;SLC25A28;NCLN;FCHO1;U2AF2;EIF4H;IARS2;EIF4E;SH2B3;SEC23B;EIF4B;UBQLN2;SLC12A2;CYB5A;PPP1R14B;NDUFA7;SEC24A;NDUFA6;GPKOW;CNBP;MBOAT7;NAGA;RPL23A;TPD52L1;HNRNPAB;TPD52L2;NECAP2;SUCLA2;EIF3K;EIF3I;STUB1;P4HB;EIF3F;PTPN7;KCNK2;RECK;EIF3D;SLC25A36;EIF4A1;SMARCB1;CERK;OGFOD3;THUMPD1;LGALS1;TRIM24;CPNE1;RCC1;SNRPD3;LGALS8;CCNL1;ATP6V1E1;SEC62;TMPO;EPHA5;ACVR1;ALG8;ST6GAL1;LIMCH1;ALG5;ALG3;TAS2R16;ACTN4;BCS1L;TM4SF1;DHX40;SOAT1;SUB1;CDC37;NINJ1;CCDC86;TRIB3;PREB;FAM76A;KDELR3;CCDC81;CES1;EPHA2;TMEM87A;PEX11B;MST1L;PCDH17;ZMPSTE24;TGOLN2;DHX30;SNX1;RAB11FIP1;RRAS;CD19;TSPAN4;RCE1;CD14;RBM12;AAR2;SNX5;ATP6V1C1;PCK2;STAT5A;EGR1;EGR2;XRCC6;YES1;EGR3;XRCC5;PPBP;SMARCA2;SMARCA4;NET1;BST2;CYP26A1;EXT2;TF;RPL27A;ID1;COL9A1;SDC1;GRB2;CALM3;DHX29;CD24;RGL2;AARS;FKBP11;ECM1;SYNM;MRPS16;PPP1R11;MRPS14;FKBP14;PTGDR2;CETN2;MIA3;SLC7A11;IDE;TFB1M;N4BP2L2;RAB22A;AKAP12;ACTR1A;SCML2;SCML1;ENC1;RAC2;DHX15;MLX;GNRHR;ARIH2;SDF4;CTSH;IDS;PHGDH;UTP14A;SPTAN1;CCR3;COX8A;CCT3;CD53;PCYT1B;SEC13;MRPS27;WARS;MME;TNFRSF12A;NBPF10;MRPS2;GAB2;APRT;RAP2C;ENAH;CTTN;KIF2A;BANK1;GAN;ARHGEF3;MZB1;ARHGEF1;CD47;CRELD2;EEF1E1;FJX1;DBN1;CAB39;STX16;MRPS34;MRPS31;GNAI3;DERL2;NEDD8;CAPG;RELA;CXORF40A;PGRMC1;EXOSC5;CAMK2N1;ORMDL2;PES1;MGAT2;CCT8;EPS15;PAK2;CXORF40B;PAK4;GABBR2;PEX19;GCH1;YIPF3;IL37;GAD1;AKR1C1;YIPF5;DOHH;KAZALD1;YIF1A;FKBP1A;BOP1;RIT1;PER3;CFHR2;CCNG2;SGSM2;HNRNPA2B1;TCEA1;ESYT1;DPAGT1;SCARB1;DCLRE1C;CD81;FHOD1;GEMIN2;BCCIP;MPO;ETS2;EEF1B2;NARS;CCND2;RGS3;CCND1;PLAU;KHSRP;SCN9A;DENND5A;BANF1;ACAA1;CARD10;MORC3;G6PD;CASK;DNAJB14;WBP11;TMEM251;CCNB1IP1;COX6B1;TMX4;BRMS1;HNRNPUL1;TMX2;MAP7D1;FETUB;GEMIN6;CARS2;VCL;DPEP3;VCP;TMED10;PSMD14;DIABLO;UBA5;SEL1L;SLC1A4;PSEN1;SLC1A5;HIGD1A;RASGRP2;CNN2;EBP;TMEM248;FUT9;ISOC1;NPHP4;CYC1;NDUFV2;NDUFV1;CD99;TFAP2A;YARS;IVNS1ABP;PRNP;DENND4B;SLC52A2;HMGA2;H2BFS;UBE2A;INHBA;CLK2;IL6;MKRN1;GNAS;UBE2N;UBA1;AMOTL2;MANSC1;DEGS1;FGF13;GCLM;LSM14A;UBE2M;RERE;GSK3B;MS4A3;DDX47;CHD7;TNFAIP3;HMGB3;TNFAIP1;HMGB1;DDX41;TRIAP1;MEA1;RND3;LMNB1;SEC61A1;UFL1;CALB1;CA2;NUP62;NPTN;UQCRFS1;CA9;MAN1A1;IFT57;MYBL1;TGIF1;SUN2;RBM14;ARHGEF12;DYNLT1;BUD31;CAD;DDX56;GLRX2;MMP8;QRSL1;UTP18;TRDN;PJA1;GREM1;ACTA2;RCN1;SFPQ;VCAN;CREB1;IRF3;RER1;TMEM214;EEF1D;ACOX1;NDUFS6;NUP50;CRY1;ATG4B;EAPP;INA;OTUB1;TMEM45A;RBM47;RALB;DNAH7;DDX21;SLC3A2;RRBP1;RNF6;HMGCR;ASAP2;PSMB10;PTHLH;CRYZ;PDLIM1;CYTH2;CAND1;DNPEP;PDLIM2;OXCT1;CBS;TDG;POLD2;SPOCK3;DROSHA;BNIP2;TMEM208;SPOCK1;TIMM8B;GALNT7;MBTPS1;CDK11A;NAA10;GALNT1;ATP2B1;SLC50A1;SOD2;TTC17;RPIA;GALE;TNIP2;ERCC8;RANGRF;RBM42;KRAS;S100P;SLIRP;VIM;GLA;RPL26L1;ROPN1B;RB1;RPL4;NCKAP1;MAML1;RPL34;SERPINE1;HNRNPU;SMC3;EPRS;RPL8;PHB2;ELK3;GJA1;ALCAM;RNF114;TFG;CLP1;MYC;CREB3L1;NAMPT;AP1S2;RPL35;CYP1B1;RPL38;JUNB;IER5;RNF111;IER2;TSPYL2;ACOT9;MBNL2;ACOT7;TSPYL1;WDR74;FNDC3B;WDR73;GTPBP1;HCFC1;WDR77;NUP93;PRKD3;ARMC6;MAP1B;FDX1;RPL24;YME1L1;HOXB2;GNE;CDC42SE1;NUP205;PRKDC;CTBP1;RPN1;NEDD4L;PRDM13;WDR61;ATXN7L3B;BCL10;ADH7;GLG1;ADH5;RRP7A;PLAC8;PRDX3;FAM171A1;PRDX4;NUP85;PRDX1;GAR1;ST3GAL4;SERPINH1;ZSCAN12;ZNF148;FDFT1;HOXC6;NAA50;PHC2;ACD;NSUN5P2;SIVA1;H3F3B;KIR2DS2;PLK2;GP2;PRRC2C;NFATC1;MTHFS;MEX3C;PRDX6;PRRC2B;HNRNPM;GLUD1;GLUD2;SLC6A8;RNF103;EHD4;HNRNPF;TRIP6;HNRNPD;SNAI1;HNRNPC;FARSA;PAM;BTG3;GPI;PHF1;WDR41;ADK;SRP54;LPCAT1;TCF20;PYGL;WDR45;ADO;PFAS;CLINT1;WDR43;GLI2;UBL5;ING2;CSRP2;IMPA1;AIFM1;TCTN3;RARS;ANXA7;TIMP1;BRD3;BRD2;TPI1;ANXA3;ITPK1;PAWR;PAX6;SERPINB9;AEN;GNL2;COQ10B;SERPINB6;BACE2;NSA2;TUBB2B;TUBB2A;SLCO4A1;MTF1;PLIN3;COL21A1;GART;HLA-DQB1;SF3B4;SF3B5;ZNF593;SF3B2;WDR26;CLDND1;PHLPP1;GPS1;HSPA14;HSPA13;SCAF8;BCLAF1;EPCAM;LMAN2;PPP1R8;RPL14;RPS3;PCGF1;RPL13;SC5D;CHML;RPL15;RPS2;RNF130;RPL17;ZNF586;DEDD;BRD4;FARP1;SF3A1;YTHDF2;WDR18;LAPTM5;SYNJ2BP;BLCAP;GTF2H5;AGMAT;TM9SF1;DHRS7;RYBP;NFIB;ABI1;ZYX;NUCB1;PLP2;FMOD;NUCB2;CCL27;MSRB1;FAM49B;ATP8A2;IRS1;TUSC3;PARK7;IPO4;ZFP36;MAEA;APMAP;MPC1;PHLDA1;TMSB10;GYG1;IFNAR2;RAB2A;USP8;CSNK1G3;TOR3A;MAP2K1;USP7;RNF44;TPM4;IGFBP4;USP3;SSUH2;CSGALNACT2;F2R;GTF3A;AIP;VRK1;DGKZ;RAB31;SYPL1;SNRPG;ADAM9;ERH;RAB38;PHIP;SNRPE;FKBP4;FKBP3;CSNK1G2;FKBP5;NOTCH2;NOTCH3;FKBP2;CD151;RAB5C;NOTCH1;INSIG1;GLT8D1;RHOBTB3;ITPR1;AK4;AEBP1;HSPBP1;RLF;BTBD1;OARD1;DDRGK1;TPR;CCDC30;CLCA2;SAFB2;NDN;PLXNA1;PLTP;MCL1;ANKRD28;OSBPL8;COA3;AKIRIN1;TRAPPC4;SEC16A;ASNS;DHCR24;TVP23B;MARCH6;LSM5;TOR1B;CHERP;MOB1A;NSFL1C;COPS6;COPS5;SCCPDH;BCL6;P4HA1;RHEB;PLEKHM1;MAFK;DHCR7;SLC26A4;SERINC3;NES;RSL24D1;EIF4G2;CNIH4;SERINC5;BCL2L1;EIF4G1;RNF13;WDR1;WDR4;AMD1;KIAA0100;DUSP11;OPA1;SNRNP70;RNPEP;EFHD2;EFHD1;NPIPA1;CEP170;TNPO1;IDH3A;ELAC1;WIPI1;EDF1;REXO2;PTBP2;DNAJC2;PKM;TFDP1;ASPH;CTDSP1;RPL37A;EFHC2;RAB1A;CEBPB;SMARCD2;CEBPD;SEMA3C;WBP2;VPS4B;CYP3A4;AP3M2;DNAJB1;DNAJB4;MROH9;POLR2E;DNAJB9;POLR2F;POLR2H;SEC11A;POLR2L;SPAG9;PTPN18;CYP51A1;CCDC59;KCNJ16;PTPN11;CDC42BPA;MARCKS;P2RX5;KLF6;CLEC2B;MFAP1;PSAT1;KIAA0586;IMPDH1;POLR3G;ESF1;TPT1;BET1;IFITM3;IFITM1;IFITM2;SPARC;ARL6IP1;SLC35B1;PITPNB;PITPNA;CISD1;RRH;PPP2R2A;CALML4;GBA3;PWP2;AQP3;PWP1;KIAA0930;RPS6KA3;RPS14;GOLGA5;PPP2R1A;RPL36AL;FLAD1;LONP1;DENR;RPS11;SKP2;SRRM2;CPT1A;TIPIN;KRT3;METTL1;IFRD1;HLA-B;HLA-C;ACSL3;KRT5;PSG2;HLA-F;TIAM2;POR;VDAC3;TFAM;SIK1;NSMF;SUCLG1;PFN1;AURKAIP1;BEX4;STXBP3;ANP32A;MAGED1;CSTF2;MGST2;TEX261;NMD3;TXN;KLK7;SGPL1;ZNHIT1;INPP5F;ZNHIT3;STC2;DND1;GSE1;SCAP;ASL;HIST1H3I;SPTBN1;CDR2;VASP;RPL39L;SRPK2;PTPRN2;GADD45B;GADD45A;PUM1;ALOX15B;MANF;RPS26;HIST1H4B;NMU;MPHOSPH10;HIST1H4H;SPRR1B;CD320;CDS2;CLIC4;TRAM1;DAZAP1;GDI1;CITED1;C2CD2;SLC35F2;FAF2;XPO1;SEC61G;TMED3;TMED2;DLAT;UBXN4;TMED7;PSENEN;CBR1;TMED9;ATP6V0B;EDN2;PRMT1;TFE3;RHOG;AMPD2;AMPD3;RHOC;UCHL3;MLF2;RHOB;UGDH;PRPF18;NME7;FRG1;CEACAM8;RAB7A;SPRR3;TOMM40;MYCBP;SLC20A1;ADH1B;AMIGO2;NOL9;UQCR11;TYMS;AKAP1;TRAK2;LIMA1;NT5E;WIF1;TWISTNB;SHOC2;TBL1X;EMC7;DCPS;EMC9;CGREF1;RANBP1;NQO2;SLC31A1;SCD5;FAM189A2;AP3D1;LHFPL2;FAH;MPP6;SPCS3;NR6A1;SPCS1;MARS;KBTBD2;LY6G5C;RAB3GAP1;MEGF9;GOLT1B;POGK;NDUFA10;ARID4B;NUCKS1;CWC25;COMT;CNDP2;TOMM22;CHCHD2;TMEM147;FAM162A;ARHGDIA;ARHGDIB;PDE8B;HIST1H2AL;TRAPPC2L;PAM16;ARID5B;KAZN;LIG3;KCTD3;ATP1B1;PDIA5;TUFM;PDIA4;DPM1;TMEM134;PRPF4;ILVBL;RAI14;IDI1;COPA;CHRNA5;NOP2;COX7A2;PRPF8;SEL1L3;TMEM123;NLRP2;STAP1;HSPA9;DARS;HSPA8;TGFB1;CBX5;SMURF2;CBX1;SMAD7;NFKBIA;NR4A2;NR4A1;DAP;COQ2;CAPRIN1;DNAJC10;CHMP2B;SRPRB;BLMH;CLASRP;DYNLRB1;NFKBIE;CXCL6;B4GALT3;THRB;USP34;CXCL1;HSPB3;CXCL3;ELAVL1;CXCL2;YBX3;TMEM100;ZC3H7B;ENOSF1;FLOT1;HIST1H1E;TMEM109;GUSB;COLGALT1;HIBCH;RBM6;HIST1H1C;POLG;SRGN;USP46;PTGIR;H2AFZ;DESI2;LSR;RPS3A;CTPS1;UPK3B;ARID1A;DNM2;TGFBR3;DCT;ALDH1A2;TERF2IP;PFDN2;PDXK;KDM3A;USP16;HIST1H2BJ;HIST1H2BI;USP11;ATP1A1;TM2D3;RMND5B;NXF1;MUC1;GMDS;DDT;LEPROTL1;TYW1;STOM;HES1;MAPK6;ABCF2;CAMK2G;OPCML;ABCF1;KDM4B;ATP13A1;USP22;SGTA;HSPE1;TSHR;WEE1;PMP22;CDK2AP1;SPRY2;SCLY;SSBP1;CKLF",3.89891696750903,54
"4","sirolimus homo sapiens gpl8300 gds3603 chdir up","479/1225",3.17064680760384e-82,5.53277867926869e-80,0,0,2.31373022581814,434.190083935319,"CYFIP2;TFRC;HNRNPU;RPL8;BACH1;PHB2;PSMD8;PSMD9;RNF115;PSMD4;MPRIP;DPYSL2;PSMD3;NAMPT;PIP4K2A;CYP1B1;RPL35;IER2;FNBP4;TSPYL2;RPL21;SND1;NISCH;TFR2;ETHE1;PSME1;JTB;PSME2;TXNIP;YME1L1;RBCK1;RPL28;TSPYL4;GNE;CFD;LRPAP1;POM121;SET;CTBP1;ZC3HAV1;IQGAP1;AKAP17A;ABR;BLOC1S1;PRDX1;BTF3;JUN;RPL41;SIVA1;H3F3B;TIPARP;SETD1B;EIF2AK2;PRRC2C;CS;HNRNPM;GLUD1;GLUD2;SLC6A8;PPT1;HNRNPC;ADA;BTG3;BTG2;SERPINA1;BTG1;TCF25;RPLP1;RPLP0;CTCF;LITAF;PQBP1;TUBA1A;CSRP1;RPLP2;TIMP1;NELFE;DUSP5;BRD2;RING1;DUSP1;ANXA5;FOS;DUSP6;SERPINB6;DDB1;SLC7A5;PSMA4;PSMA2;RAPGEF2;ARF5;HLA-DQB1;STAU1;GSTP1;RPL12;PTGS2;PSMB7;HLA-DMA;SCAF8;BCLAF1;RPS15A;PSMB1;UCP2;STAT4;STAT6;RPS2;RABAC1;BID;DEDD;SF3A1;DMTN;KIDINS220;BLCAP;PSMB9;PSMC5;FABP5;ABI1;HLA-DPB1;C11ORF58;LAMTOR5;CASC3;AHR;FBXO21;RPL10A;SAT1;ZFP36;FCGRT;PIM1;CIR1;PIM2;NBN;GYG1;MAP3K5;IFNAR2;BNIP3L;IK;USP7;MAP2K2;RPS5;RPS6;GTF3A;DYRK1A;TAP1;CTDNEP1;ACLY;SLC9A6;MAPKAPK3;SYPL1;MAPKAPK2;ERP29;SNRPG;S100A4;ERH;IL6ST;SNRNP200;S100A9;CSNK1G2;KHDRBS1;RAB5C;SHC1;CREM;FOXO3;FOXO1;SAFB2;EIF4EBP2;DVL3;NAE1;MCL1;FUS;FOXN3;EEF2;MARCH6;NFKB1;MOB1A;STK24;RHEB;HLA-DRA;PLXNB2;ZNF410;EIF4G2;EIF4G1;SLC25A1;SLC25A3;WDR1;AMD1;DUSP11;PPP6R1;SNRNP70;RNPEP;ARFGAP2;ARL4C;PKM;NPC2;RPL37A;TRIM58;TMBIM6;LCP1;TOP1;PPP1R15A;PRPS1;RAB1A;CEBPB;ROCK1;CEBPD;WBP2;CCDC69;IL2RG;HSD17B10;MALT1;PPM1G;SELENBP1;GANAB;ABLIM1;CCL7;CCL2;POLR2F;FYN;IARS2;ASCC2;SH2B3;EIF4B;UBQLN2;POLR2L;NDUFA2;NDUFA1;DDHD2;PTPN11;SORL1;GZMH;GZMK;KLF6;EIF3K;MFAP1;IMPDH1;EIF3I;EIF3F;EIF3D;SLC25A36;EIF4A2;IFITM3;EIF4A1;IFITM1;IFITM2;FAM89B;UBE2L6;PPP2R2A;IFI35;THUMPD1;IFI30;RPS15;RPS14;RPS6KA3;LGALS1;RPS19;PPP2R1A;RPL36AL;RPS18;ANPEP;BSG;TNFSF10;PIEZO1;PTGDS;RPS11;FBXO7;B2M;SOX4;SEC63;RPS12;SRRM2;CSNK1D;HLA-F;COX7A2L;CDC37;SIK1;MXRA7;PFN1;ATP6V0D1;RIN2;ANP32A;GYPB;PEX11B;TXN;ZNHIT1;RRAS;ZNHIT3;CD19;GSE1;STAT5A;SURF1;XRCC6;RABGAP1L;GADD45B;XRCC5;GADD45A;PUM1;SMARCA4;BST2;ID1;RPS21;CETN2;FAF2;CTSW;BMI1;ACTR1A;XPO1;ENC1;DHX15;RAC2;CTSH;TMED2;COX8A;CCT3;ATP6V0B;WARS;PABPC4;TFE3;APRT;MLF2;GAK;UGDH;PRPF18;IL1B;FRG1;ARHGEF1;CD47;CD44;CD63;STX16;SLC20A1;UQCR11;LILRA1;COX5B;RELA;GNAI2;CST3;RXRA;OS9;EPS15;DYNC1H1;GCH1;AP3D1;PPP1CA;FKBP1A;KRT17;KBTBD2;TCEA1;RAB9A;FAU;RAB3GAP1;GRINA;CD83;CD81;FAIM2;ARID4B;NR3C1;CCDC28A;RGS2;TMEM147;BASP1;ARHGDIA;DENND5A;KDM2A;UBE4A;ARID5B;CYBA;COX6B1;TUFM;DPM1;TMX4;ZNF91;HNRNPUL1;CD8A;HGS;IDI1;TSG101;COX7A2;SLC1A5;PSEN1;RASGRP2;PRPF8;TMEM123;MAN2A2;CYC1;NDUFV1;CD99;HSPA9;TGFB1;DENND4B;AUTS2;ISG15;UBE2A;CLK3;SMAD7;NR4A2;NFKBIA;DAP;COQ2;CAPRIN1;MKRN1;UBE2N;CHMP2A;DEGS1;TAB2;MAN2B1;PI4KB;TGFBI;LRP10;NFKBIE;LSM14A;COPE;UBE2M;RERE;GSK3B;ACADVL;TNFAIP2;TNFAIP3;YBX1;CXCL2;LMNB1;OASL;LASP1;BCL7B;UQCRFS1;CNPPD1;TGIF1;RBM14;ATP6AP1;DESI2;BUD31;PLAUR;PPP2R5C;UTP18;TAPBP;TGFBR2;EEF1G;ZAP70;SFPQ;RER1;EEF1D;IRF1;NUP50;CAT;ATP6V1B2;CRY1;BLVRB;NDUFS2;MYH9;TERF2IP;EAPP;PFDN5;IRF9;ATP6V1B1;BCL2A1;POLDIP3;SLC3A2;RNF6;PSMB10;ADD1;CHSY1;SPOCK2;BNIP2;MAPK6;GBP1;ABCF1;USP24;CDK11A;GALNT1;TAF10;USP22;TAF11;ATP2B1;SOD2;USF2;RPIA;CD9;SPRY2;KRAS;ATP13A3;SSBP1",2.2964509394572,11
"5","valproic acid homo sapiens gpl96 gds1050 chdir up","583/1642",1.10818319690828e-81,1.54702374288396e-79,0,0,2.10091604263814,391.624764755469,"RB1;RPL4;RPL3;SERPINE2;RPL31;SERPINE1;EPRS;RBPJ;RPL8;PHB2;LIPA;RPL9;MYLK;TPGS2;RPL7;RNF115;ALCAM;RNF114;AP1S2;RPL37;PRSS3;PRKACB;MT1HL1;ACOT9;RBFOX2;TSPYL1;RPL21;RPL23;SERPINF1;RNASE4;BCAN;PRKAR1A;ETHE1;MAP1A;RBP1;PSME1;TXNIP;PSME2;RPL24;YME1L1;TMEM126B;RBCK1;RPL26;RPL29;RPL28;UBA52;ASF1A;TSPYL4;ATF4;ZNF274;SET;CRABP2;HOXD1;MRPL17;WDR61;GATA3;AKAP17A;IQGAP1;GLG1;SULT1A1;HSD11B1;LARP1;PRDX4;EPB41L2;PRDX1;NCKAP1L;PLEK2;RSU1;SERF2;SULT1A2;FDFT1;GSTM4;NAA50;BTF3;RPL41;H3F3B;TIPARP;FZD6;GP2;TMA7;RMDN3;PRRC2C;MRPL24;LARP6;PBX1;MRPL22;XKR8;MLLT11;GLUD2;TBL2;COL1A2;EIF6;FXYD3;FAT1;HNRNPD;PPT1;MMS19;HNRNPC;PAM;PIGR;BTG1;CDKN1B;RPLP1;RPLP0;HEXA;ADK;LITAF;HOXC10;SERPINA5;MRC2;UBL5;TRMT112;UBL3;CSRP2;TCTN3;TRIM2;RPLP2;ANXA7;ELOVL1;RING1;ANXA2;EMP1;LRRC40;C6ORF62;EMP2;PAX6;SERPINB9;MED27;DYNLL1;COQ10B;FAHD2A;SERPINB6;PSMA6;TUBB2B;PSMA2;CRYAB;GART;DLD;PCYOX1;SF3B5;ASAH1;CLDND1;STAU1;TIMM9;RPL12;LRRC17;RPL11;HSPA13;PTGS1;TM9SF3;PSMB7;HLA-DMA;BCLAF1;RPS15A;SULT1E1;PSMB1;CHN1;RPL14;RPS3;RPL13;RPL15;AGA;RPS27A;RPL18;YTHDF1;MGMT;FMO2;DHRS1;SYNJ2BP;PSMB8;ARCN1;PSMB9;FIG4;TM9SF2;DHRS7;ABI1;HLA-DPB1;ZNF217;RHAG;CIAPIN1;FMOD;SIGLEC6;C11ORF58;LAMTOR5;F13A1;CLU;SAT1;LAPTM4B;CDH2;MPC1;PLS3;PMPCA;PHLDA1;BNIP3L;CPA2;SLC38A1;RPS7;IGFBP5;RPS8;IFNA17;RPS6;F2R;TAP1;RPSA;C12ORF10;RAB31;MAPKAPK3;SYPL1;ADAM9;RAB38;FSCN3;ERH;IL6ST;FKBP4;FAM8A1;FKBP3;NOTCH2;KHDRBS1;NOTCH3;ARL3;AK1;GLT8D1;RHOBTB3;NREP;FOXO1;HSP90B1;SNN;PGK1;NDN;ANKRD10;ZNF665;TRAPPC4;M6PR;ASNS;LSM5;LSM2;COPS6;CDK6;P4HA2;RHEB;CPE;TPP1;SERINC1;XAF1;OGT;RSL24D1;NOP10;CNIH4;EIF4G2;EIF4G1;ITGB1;CPM;MCFD2;SLC25A3;PTEN;FHL2;EFCAB14;ETFB;ATRAID;SGCE;SCPEP1;CAPZB;GM2A;OPA1;SUMO2;TNPO1;EDIL3;EIF5B;ACTR2;HSP90AA1;LANCL1;RPL13A;NDUFC2;EDF1;SLC25A16;CYP2A6;ASPH;DAD1;NPC2;TMBIM6;DSG2;DSG3;SLC25A4;PRPS1;RAB1A;SEC23A;COL15A1;NDUFB6;SEMA3C;EI24;RPL36A;PRCP;HSD17B12;CYP3A4;HSD17B10;DNAJB4;CEACAM21;IGF2BP2;SEC11A;SH2B3;SEC23B;SPAG9;CYB5A;PTPN18;NDUFA6;MYO10;NDUFA5;MBOAT7;NDUFA2;RPL23A;KLF7;MARCKS;TSPAN13;CLEC2B;EIF3K;EIF3L;EIF3I;MFAP2;MGP;PDCD4;EIF3H;EIF3E;EIF3F;TPT1;SLC25A36;IFITM3;EIF4A2;GLTP;IFITM1;AHCYL2;IFITM2;SPARC;ECI2;CISD1;MT1X;UBE2L6;IFI30;PWP1;RPS15;LGALS3;EFR3A;MT2A;LGALS1;RPS16;RPS19;RPL36AL;RPS18;ANPEP;PART1;ARL6IP5;DENR;RPS11;SEC62;B2M;SOX4;RPS12;SEC63;CPT1A;ATP6V1G2;ATP6V0E1;IFRD1;OMG;TM4SF1;SFRP4;GNPAT;COX7A2L;IFI27;PSG4;SUB1;MT1F;VDAC3;MT1G;MT1H;SUCLG1;PREB;FAM76A;KDELR3;EIF1B;NBL1;CES2;MT1E;BEX4;ANP32A;TWF1;TXN;PIK3R1;TGOLN2;SNX3;SNX1;GNG10;ZNHIT1;ZNHIT3;STC2;NEU1;SPRR2B;SPTBN1;PCK2;EGR1;SMARCA2;GNG11;BST2;RPS26;EXT2;RPS25;ALDH6A1;TF;RPS27;RPS29;RPL27A;RPS20;MAGED2;RPS21;HIST1H4D;RPS24;ITM2C;DIRAS3;COX7B;TRAM1;CITED2;MRPS11;FAF2;MAGT1;IDE;SLC7A11;TFB1M;ACTR1A;UCHL1;NMRK1;TMED2;IDS;UBXN4;TMED7;CTSB;CCT3;TMED9;ATP6V0B;WARS;NBPF10;RHOF;AMPD3;ENAH;KIF2A;CD47;MICU1;ATP6V0C;CD44;RAB7A;NAPA;CD63;SAA4;STX18;HSD17B3;HSD17B4;NEDD8;UQCR11;PTN;UQCR10;TRAK2;PGRMC1;OS9;MSX1;ATP6V0E2;EMC7;EPS15;CA12;MPP3;TMEM176A;YIPF5;PNMA2;FAH;FKBP1A;TJP1;GSTA4;MARS;SGSM2;GSTA1;RAB9A;MEGF9;NDUFA10;PLAT;SRP14;CCDC28A;CCND2;RBMX2;BASP1;KHSRP;ARHGDIB;ACAA1;PAMR1;TMEM14B;PDGFRA;WNT5A;ACOT13;UBE4A;SDHC;ATP1B1;CCNB1IP1;COX6B1;PREPL;COL4A5;NUPR1;VCL;TMED10;H6PD;CHRNA6;SEL1L;COX7A2;HIGD1A;DTX4;TMEM123;SDCBP;PCSK1N;KIF3B;MAN2A2;DARS;PRNP;HSPA8;CRTAP;UBE2A;INHBA;IGF2R;TMEM230;CLK3;GULP1;DAP;COL5A1;CPS1;CHMP2B;UBE2N;CRYL1;DEGS1;DYNLRB1;TGFBI;USP34;HMGB1;OASL;RPS4X;NPTN;MADCAM1;SRGN;ABCC4;DYNLT1;H2AFZ;DESI2;CYP4A11;PLAUR;RPS3A;IQCG;DCN;GREM1;RBL2;VCAN;NDUFS6;COL6A3;BLVRB;PFDN5;DNAH3;COLEC11;RALB;DDX21;ATP1A1;TOB2;PDLIM1;ACAN;GNG3;LEPROTL1;SPOCK1;TMEM208;STOM;TIMM8B;IGBP1;PRAF2;TAF11;HSPE1;MLPH;PMP22;PTX3;CHPT1;ATP13A3;VIM;SSBP1;GLA;CKLF",3.60205831903945,21
"6","vitamin c homo sapiens gpl570 gds3635 chdir up","1046/3773",2.1050938799084e-78,2.44892588029344e-76,0,0,1.64043178171907,293.40316189235,"TMEM97;LIPA;PSMD8;PSMD9;CAPNS1;DPYSL3;PSMD3;SMCO4;TMEM8A;GSTK1;RFX2;DNTTIP2;RNASE4;RNASE3;DICER1;EML4;RUFY1;CH25H;EWSR1;PSME3;UNC50;PSME1;UQCRC1;TXNIP;PSME2;TMEM126B;ATF3;ATF4;MTMR1;SET;RETSAT;CRABP2;SAR1B;MRPL17;ZNF22;ZC3HAV1;BAZ2B;IQGAP1;ADAMTS12;MRPL11;MRPL20;ADAMTS13;LARP1;CYB5R3;PRKAR2A;EPB41L2;PDGFD;RDH14;GSTM4;JUN;TEX30;LRBA;TMA7;MAGOHB;FAM136A;MRPL24;LARP6;MRPL22;DHFR;COL1A1;CS;UCK2;COL1A2;QARS;TDP2;FASN;PSMG2;PKIG;ARF3;MTMR14;QPRT;CTCF;MRPL34;MRPL35;PQBP1;OSBPL10;PCMTD2;MRPL41;TRMT112;TUBA1A;TMEM43;APPL2;NELFE;OFD1;LYPLA2;RIPK2;SPHK1;ACTL6A;EMP1;LRRC40;EMP2;BAZ1A;F3;SLC39A14;FAHD2A;SRP9;MED28;MRPL52;SLC7A5;PLSCR1;MED24;PSMA4;PSMA2;PTRH2;CDC42EP4;AGPS;PIGK;DLD;ERGIC2;ARF6;LRRC15;GSTP1;COL11A1;PTGS2;SLC7A1;PSMB7;NRAS;EXTL2;EXOSC10;SRPX2;PSMB2;PSMB1;MICALL1;C11ORF49;HAS2;STX4;STAT6;HARS;RPS27A;MBD4;EGLN2;SMAGP;MBD1;PSMB8;ARCN1;TMCO1;PSMB9;LYRM2;COL3A1;PSMC5;TAOK3;FABP5;C12ORF29;PSMC2;CIAPIN1;CENPO;MTCH2;NAB1;PLOD3;CASC3;APEH;OLFML2A;SAT1;LAPTM4B;SLK;NFATC2IP;PIM1;SLC16A7;MAP3K8;PMPCA;CIR1;MAP3K4;MAP3K5;MYLIP;IK;CISH;FST;SARS;ATP11B;CNPY3;RBX1;CDC25B;TPST2;SLC9A6;NAAA;MRTO4;S100A4;IL6ST;SNRNP200;ANAPC1;KHDRBS1;TXNDC9;ARL3;MAZ;UAP1;NREP;ACAT2;CORO1B;HSP90B1;SOCS3;EIF4EBP1;TIA1;GOT1;FUS;UROS;FBXO34;NFKB1;MFHAS1;RGCC;STK24;SP3;TUBGCP3;ACO1;OGT;NOP10;ITGB1;SLC25A3;PTEN;SUMO4;NXT2;ALAD;DSE;SUMO2;ACP2;MRPL9;UPP1;EIF5B;HSP90AA1;VPS37C;NDUFC2;NDUFC1;VEZF1;TNFRSF1A;ARL4C;SLC25A16;NPC2;PCCB;TMBIM6;PPP1R15A;SEC23A;FOCAD;CANT1;C1S;ROCK1;NDUFB6;GTF3C5;C1R;NDUFB4;CXXC1;NDUFB2;NDUFB1;ATP10A;PRCP;HSD17B12;HSD17B10;SRM;DRAM1;SLC25A28;U2AF2;EIF4H;CCL2;IGF2BP3;FYN;EIF4E;SH2B3;UBQLN2;SLC25A24;CYB5A;PPP1R14B;NDUFA6;MYO10;NDUFA5;CNBP;NDUFA2;NDUFA1;NAGA;SORL1;HNRNPAB;ATOX1;NECAP2;TSPAN13;NAGK;SUCLA2;EIF3K;PDCD4;PDCD2;CD248;KCNK2;RECK;EIF4A2;EIF4A1;ECI2;MT1M;OGFOD3;MT1X;UBE2L6;IFI35;THUMPD1;SPATA20;IFI30;TXNDC15;RCBTB2;LGALS3;MT2A;C1GALT1C1;LGALS1;PEG10;ANPEP;TRIM24;CPNE1;RCC1;SNRPD3;LGALS8;CCNL1;TRIM21;TRIM22;TMPO;ALG8;ALG5;ALG3;CSNK1D;BCS1L;TM4SF1;GNPAT;SOAT1;SUB1;MT1F;MXRA8;MT1G;MT1H;KCTD12;FAM76A;KDELR3;RIN2;TP53;MXRA5;EIF1B;TRIB2;MT1E;TMEM87A;NRN1;PEX11B;PIK3R3;PIK3R1;APH1A;PPCS;NEU1;TSPAN4;RBM12;SNX7;SNX5;ATP6V1C1;SNX6;WWTR1;XRCC6;YES1;XRCC5;MICAL2;RASSF8;SMARCA2;NET1;EXT2;ALDH6A1;LPAR6;RPL27A;CDC16;SDC1;CALM3;DHX29;AARS;FKBP11;COX7B;MRPS16;MRPS14;FKBP14;GPAA1;MRPS11;CETN2;TECR;MRPS10;TFB1M;PEPD;N4BP2L2;AKAP12;ACTR1A;SCML2;CTSO;ACTR1B;SCML1;NMRK1;CTSK;DHX15;MLX;NANS;CTSB;COX8A;CCT3;SEC13;MRPS27;MME;TNFRSF12A;NBPF10;RAP2C;KIF2A;ARHGEF3;UFC1;ARHGEF1;MICU2;CD47;CRELD2;EEF1E1;FJX1;CD44;NAPA;DYNC1I2;CD63;MRPS34;MRPS31;GNAI3;NEDD9;HSD17B4;DERL2;NEDD8;CAPG;COX5B;CXORF40A;PGRMC1;PNMA1;ORMDL2;PES1;MGAT2;CCT8;CXORF40B;IL32;AKR1C1;PLEKHA5;AKR1C3;VEGFC;RPA2;YIF1A;PPP1CA;KLHL9;FKBP1A;HNRNPA2B1;DPAGT1;CD81;GEMIN2;BCCIP;WBP1L;PLAT;PRDM1;NR3C1;SRP14;ETS2;NARS;AKR7A2;RGS3;PLAU;BANF1;ACAA1;CARD10;PDGFRA;ACOT13;CASK;SDHC;CYBA;TBC1D2B;TMEM251;GEM;COX6B1;TMEM258;HNRNPUL1;GEMIN6;MASP1;PPIC;PSMD14;UBA5;HTRA2;SLC1A3;SLC1A4;HIGD1A;DDX60;CNN3;EBP;TMEM248;ISOC1;CYC1;NDUFV1;CD99;YARS;CRTAP;PHF11;HMGA2;ISG15;H2BFS;INHBA;TMEM230;SSH1;QDPR;IL6;NAT1;COL5A1;GNAS;UBE2N;UBA1;TCF3;TNFAIP2;HMGB3;HMGB1;TRIAP1;LMNB1;SEC61A1;NUP62;UQCRFS1;MYBL2;LRRFIP2;MAN1A1;IFT57;MYBL1;CNPPD1;TGIF1;SUN2;TTC37;RBM14;DDX58;CAD;HUNK;TBC1D8;TBC1D9;GLRX2;NAV2;UTP18;TAPBP;PJA1;GREM1;SFPQ;RER1;TMEM214;NDUFS6;NUP50;IRF7;CRY1;ATP6V1B2;NDUFS2;EAPP;IRF9;MVP;DDX21;SLC3A2;RRBP1;ASAP1;HMGCR;ASAP2;CBL;PSMB10;CRYZ;PDLIM1;HMGCL;CAND1;OXCT1;TDG;TMEM208;NUP43;TIMM8B;GALNT6;CDK11A;TAF10;GALNT1;MX1;ATP2B1;SLC50A1;SOD2;TTC19;RPIA;TNIP2;GLB1;ABHD17A;ERCC1;CD9;RANGRF;PTX3;SLIRP;VIM;GLA;RB1;NCKAP1;RPL30;GUSBP11;XYLT1;GPATCH4;SMC3;EPRS;BACH1;ELK3;TPGS2;RPL7;EPS8;GJA1;RNF115;MYC;CREB3L1;AP1S2;RPL35;PIP4K2A;PXDC1;RPL38;RPL39;IER5;CDK5RAP3;IER2;MT1HL1;UNC13B;ACOT9;TSPYL1;RPL21;SERPINF1;WDR77;NUP93;DYNC1LI1;PRKD3;FDX1;HOXB2;RPL26;TSPYL4;ASF1A;CDC42SE1;NUP205;PRKDC;CTBP1;WDR61;ADH5;RRP7A;RIC8A;PRDX4;BLOC1S1;NUP85;GAR1;PNPO;CHST15;S100A13;SERPINH1;SERF2;FDFT1;S100A10;RPL41;CHKB;SIVA1;H3F3B;MTHFS;HNRNPL;FIBP;HNRNPM;EHD4;HNRNPD;PPT1;HNRNPC;BTG3;CDKN1B;WDR41;ADK;PYGL;WDR45;ADO;PFAS;WDR43;UBL5;FAM102A;CSRP2;IMPA1;AIFM1;TCTN3;RARS;ANXA7;ANXA2;SLC2A10;ANXA4;ANXA5;SSR3;COPZ2;GNL2;COPZ1;BACE2;TUBB2B;TUBB2A;TMSB15A;GAS1;GART;SF3B4;SF3B5;ASAH1;ZNF593;RPL12;TIMM9;HSPA13;BCLAF1;GPNMB;OLFML3;CHN1;PCGF1;RPL13;SC5D;AGA;APOL2;CDKN2B;SF3A1;CDKN2C;GSN;YTHDF2;CDKN2A;MGMT;MOCOS;DHRS1;ELP6;BLCAP;GTF2H5;FIG4;TM9SF1;NFIB;NUCB1;PLP2;FMOD;LAMTOR3;NUCB2;LAMTOR5;FAM49B;PROS1;TNC;PARK7;RPL10A;TM7SF3;CDH6;ZFP36;APMAP;MPC1;NBN;PHLDA1;TMSB10;GYG1;RAB2A;ANKRD49;RPS7;RPS8;CSGALNACT2;GTF3A;AIP;TAP1;VRK1;VRK2;BSCL2;RAB32;ARMCX3;ARMCX6;SNRPG;ADAM9;ERH;SNRPE;FKBP9;ADNP;FKBP3;CSNK1G2;FKBP5;RAB5C;INSIG1;AK1;GLT8D1;RHOBTB3;AEBP1;TPR;ANKRD10;PLXNA1;PLTP;MCL1;MPDU1;ANKRD28;COA3;TRAPPC4;SEC16A;GLMN;DHCR24;LSM5;TOR1B;LSM2;MARCH2;MOB1A;COPS6;COPS5;CDK6;SCCPDH;RHEB;TPP1;DHCR7;XAF1;CNIH4;SERINC5;BCL2L1;PLEKHF2;CPM;AMD1;KIAA0100;SGCE;DUSP11;SCPEP1;GM2A;EFHD2;NPIPA1;TNPO1;ADAMTS6;IDH3A;HAUS4;WIPI1;ASPN;TFDP1;ASPH;TFDP2;DAD1;MCM5;SMPDL3A;CEBPB;SEMA3C;EI24;RPL36A;GLRX;THSD4;SELENBP1;POLR2E;POLR2F;POLR2H;CTNNAL1;POLR2L;SLC35A1;PTPN18;IDH3G;CYP51A1;CCDC59;AHNAK2;PTPN13;OXR1;KLF2;TPCN1;MARCKS;KLF6;CLEC2B;MFAP2;TPT1;BET1;IFITM3;GLTP;IFITM1;IFITM2;SPARC;ARL6IP1;TRAF3IP2;SLC35B1;PITPNB;CISD1;PWP1;IFIT3;IFIT2;KIAA0930;NFU1;RPS15;RPS6KA3;RPS16;RUSC1;RPL36AL;RPS6KA2;ARL6IP5;DENR;RPS11;SKP2;B2M;TNS3;TIPIN;IL1R1;HLA-B;ACSL3;MRPS18C;RRAGC;VDAC3;TTLL12;PFN1;AURKAIP1;ALDH7A1;BEX4;CUTA;SLC35D1;STXBP3;MAGED1;MGST3;CSTF2;MGST2;NMD3;TXN;SGPL1;INPP5F;SPTBN1;BANP;VAT1;RPL39L;RABGAP1L;GADD45B;GADD45A;GNG11;PARP12;DERA;STAG2;MAGED2;RPS24;DAZAP2;CLIC4;TRAM1;DAZAP1;FASTKD1;EPM2AIP1;XPO1;PCF11;TMED3;TMED2;DLAT;UBXN4;TMED7;TMED9;ATP6V0B;CLDN11;PRPF18;MDFIC;NME7;AIDA;RAB7A;PRIM2;TOMM40;MYCBP;SLC20A1;PRIM1;UQCR11;UQCR10;TYMS;LIMA1;ANKMY2;NT5E;DCPS;CBR3;RANBP1;NFYC;C1GALT1;LHFPL2;PDP1;TJP1;SPCS3;SPCS1;GSTA4;FAP;AXL;MARS;RAB9A;GOLT1B;POGK;ARID4B;NUCKS1;CNDP2;CHCHD2;TMEM147;BASP1;ARHGDIA;ARHGDIB;HIST1H2AC;TMEM14B;NSF;PHYH;TRAPPC2L;KCTD3;PDIA5;TUFM;PDIA4;DPM1;PRPF4;DPM3;ATP6V1A;IDI1;NOP2;NID2;LTBP1;DPP3;SDCBP;MPST;KLHDC3;SMAD1;CBX5;SMURF2;CBX1;ARHGAP29;NFKBIA;DAP;COQ2;CAPRIN1;DNAJC10;RFXAP;CHMP2B;CHMP2A;SRPRB;BLMH;PI4KB;COPE;GTDC1;HSPB3;YBX1;PKD2;YBX3;CASP7;ENOSF1;FLOT1;TMEM109;GUSB;COLGALT1;HIBCH;HIST1H1C;ABCC4;H2AFZ;DCXR;PLAUR;RPS3A;PPP2R5C;DCN;DNM2;TGFBR3;COL6A2;OAS3;COL6A3;RBMS1;PFDN2;ITGB3BP;COLEC12;PDXK;USP16;PON2;HIST1H2BK;ATP1A1;TM2D3;THBS2;RMND5B;MUC1;CHSY1;GMDS;LEPROTL1;LRIG1;MAPK1;STOM;ABCF2;GBP1;SASH1;PRAF2;HSPE1;PMP22;CDK2AP1;SSBP1;CKLF",4.11089866156788,43
"7","arsenic trioxide homo sapiens gpl201 gse48441 chdir up","1091/3998",4.35438739170938e-78,4.34194628487593e-76,0,0,1.61471268178468,287.629501989361,"ITSN2;TDRKH;CHIC2;SPINT2;RBPJ;MYLK;PSMD8;PSMD9;TBK1;CAPNS1;DPYSL3;PSMD3;LRAT;PRKACB;MEF2A;STARD3;RFX2;DNTTIP2;LDOC1;RFX1;SCAMP3;SCAMP2;CD2AP;PRKAR1A;RBP1;CLDN7;TXNIP;RBCK1;PADI1;ATF3;ATF4;SKAP2;ZNF274;CRABP2;PDGFA;ABCB9;IQGAP1;ADAMTS12;HSD11B1;CYB5R1;C6;C7;EPB41L2;KCNMB2;KCNMB3;ZNF267;CREBBP;JAG1;JUP;PBX2;EIF2AK2;AZU1;L1CAM;COL1A1;UCK2;HRC;FXYD5;PSMG2;PKIG;ARF3;PIGR;HEXA;SNX11;HOXC10;MMP25;HEY1;NKRF;RPLP2;CTLA4;SLC18A2;DUSP5;LYPLA2;DUSP2;MYBPC1;DUSP1;RIPK2;SPHK1;ACTL6A;EMP1;EMP2;BAZ1A;FOS;F3;DUSP6;MMP10;HIST2H2BE;DDB1;SLC7A5;SLC7A6;GPRC5A;PSMA4;PLSCR3;PSMA2;AGPS;PELI1;CHST1;RAPGEF2;PIGL;SLC29A1;GPRC5D;CRYAB;ARF6;STAU1;STATH;ABCB11;SLC7A1;PTGS1;GGA1;PSMB7;SRPX2;PSMB2;GPA33;UCP3;PSMB1;AGR2;CLPTM1;STX4;STAT6;HARS;CYP2F1;EGLN1;MBD4;CRBN;BMP8B;TARBP2;PSMC5;TAOK3;FABP5;WT1;PSMC4;PSMC2;HLA-DPB1;ZNF217;SIGLEC8;C11ORF58;LIMS1;SIGLEC5;PLOD3;F13A1;PLOD2;SAT1;LAPTM4B;OSBP;SLC16A6;PIM1;MAP3K8;MAP3K4;SLC16A4;CPA3;CPA2;MYLIP;BNIP3L;SLC38A1;S100A2;UGT2B15;UBE2E1;SARS;RBX1;C12ORF10;CDC25B;TPST2;MAPKAPK3;MFNG;MAPKAPK2;LY6D;FSCN1;LY6H;S100A7;PFKFB2;DLX2;TXNDC9;SHC1;MAZ;CREM;CREBL2;TNFRSF11B;FOXO3;ACAT2;RAP1GAP;SOCS2;FBXO40;SNN;ATXN1;ATXN7;EIF4EBP1;PGK1;NAE1;SRD5A2;DEFA4;HTR1D;GFPT1;EEF2;DRAP1;MFHAS1;TBXAS1;HLA-DRA;TUBGCP3;ACO1;LRCH4;OGT;ZNF410;NFE2L1;BCAR3;ALAS1;AKAP8L;PTEN;FHL2;PIK3CD;PIK3CB;ITGAE;CAPZB;DSE;ACP2;UPP1;EDIL3;NKX3-1;NCK1;HSP90AA1;PPP1R12A;DST;ITGA2;MSL3;AHSA1;HTR3A;NDUFC1;VEZF1;ARFGAP3;TNFRSF1A;NPC1;TMBIM1;DSG1;BPI;DSG2;TOP1;DSG3;ITGA5;LCP1;MET;BIRC3;PPP1R15A;COL15A1;SEC23A;ROCK1;NDUFB6;GTF3C5;NDUFB4;CXXC1;MLLT1;IL2RG;MALT1;PPM1G;CCL7;U2AF2;KATNA1;EIF4H;SH3BP4;IGF2BP3;FYN;IGF2BP2;SH2B2;UBQLN2;SLC12A2;NDUFA6;MYO10;NDUFA5;CNBP;MBOAT7;NDUFA1;TPD52L1;TPD52L2;ATOX1;GZMK;NELL2;NELL1;TSPAN13;NAGK;SUCLA2;EIF3K;EIF3I;EIF3H;PTPN7;RECK;EIF3D;SEC24C;SPG21;EIF4A2;EPHB6;EIF4A1;KDELR1;KEAP1;MT1X;RCBTB2;LGALS4;UXT;HERC5;LGALS3;LGALS1;TRIM24;SNRPD3;CCNL1;ATP6V1E1;FBXO7;TRIM21;SCN1B;ACVR1;MIA;CSNK1D;ACTN4;OMP;SOAT1;SUB1;CDC37;TRIB3;TAGLN3;MXRA7;EIF1B;CES1;EPHA2;RRAD;SUPT4H1;CD1E;CD1D;KALRN;PCDH17;SNX3;RRAS;RCE1;TSPAN1;ATP6V1C1;SNX6;STAT5A;CTSA;EGR1;EGR2;YES1;EGR3;TNFSF15;RANBP17;IFI44;PRG4;PTK2;NET1;MSRA;GRB2;CD24;RGL2;COX7B;ECM1;DOC2A;PPP1R11;PTGDR2;AP4E1;CTSW;SLC7A11;DOC2B;BMI1;CD3E;RAB22A;AKAP12;ACTR1A;CTSO;UIMC1;RAC2;MLX;ARIH2;IDS;CTSG;QSOX1;CD36;UTP14A;SPTAN1;CTSD;CTSB;NDEL1;COX8A;CD53;TNFRSF12A;IL19;GAB2;RAP2C;GAK;CTTN;KIF2A;GAN;ARHGEF3;ARHGEF1;EEF1E1;FJX1;DBN1;CD44;NAPA;CD63;TAGLN;CAB39;MRPS31;GNAI3;NEDD8;RELA;GNAI2;CYP2A13;PNMA1;MSX1;CCT8;FILIP1L;EPS15;DYNC1I1;PAK4;PEX16;NPDC1;IL32;GABBR2;PEX19;KLK14;VEGFC;RPA2;MYO9A;KLK12;PPP1CA;FKBP1A;RIT1;CFHR2;KCNS3;CCNG2;HNRNPA2B1;TCEA1;PNPLA6;CD83;CD81;FHOD1;PRDM5;MPL;PLAT;NR3C1;COX6A2;ETS2;ACTG2;CCND3;RGS2;AKR7A3;RGS3;KHSRP;KIF5A;CAPN1;OSTF1;TGM3;PDGFRA;SPINK5;UBE4A;WBP11;GEM;ZNF91;CD8A;SCNN1A;MASP1;SIDT2;VCP;PSMD14;DAPP1;HTRA2;SLC1A3;PSEN1;SLC1A5;RASGRP2;NDRG1;PLD3;TAF5L;CNN2;SPTA1;CNN1;TAC3;NDUFV2;YARS;TFAP2B;PRNP;PHF11;H2BFS;UBE2A;MT3;IGF2R;CLK3;BMP3;GCLC;CPS1;NAT1;COL5A1;MKRN1;GNAS;AMOTL2;DEGS1;GCLM;UBE2M;RERE;GSK3B;GSK3A;TNFAIP3;DDX43;TNFAIP1;DDX41;MEA1;CALB2;GRM5;LASP1;CALB1;UBE2Q1;GRM6;CA2;BCL7B;NUP62;NPTN;LRRFIP2;CA8;A4GALT;CNPPD1;TGIF1;RBM14;DYNLT1;DDX58;MMP2;BUD31;CAD;HUNK;MMP8;MMP9;PJA1;GREM1;IRF3;NUP50;IRF7;CRY1;ATP6V1B2;BLVRB;CHI3L1;SCN4A;FBP1;INA;IRF9;RALB;BCL2A1;MVP;RAP1GDS1;DDX21;SLC3A2;RNF6;RETN;ASAP2;CBL;AGPAT1;PPOX;CLCN3;PTHLH;CRYZ;POLD4;IL1RL1;IL1RL2;GNG3;TNKS2;OXCT1;BNIP2;SPOCK1;LAMB3;MX1;ATP2B1;SOD2;S100B;USF2;REST;CYP24A1;CD5;ERCC1;ERCC8;CD9;PTX3;KRAS;TAF4;GLA;RPL26L1;FAM50A;RB1;NCKAP1;CNTFR;RPL30;SERPINE2;MAML1;SMC3;BACH1;ELK3;TFG;CLP1;AP1S2;CYP1B1;PIP4K2A;AP1S1;HOXA1;PRSS3;HOXA7;JUNB;HOXA6;HOXA5;IER2;HOXA4;UNC13B;TSPYL2;NKX2-8;ACOT9;ACOT7;HCFC1;PRKD3;MAP1A;YME1L1;HOXB2;ZNF395;PRKDC;PRDM13;BCL10;ABR;CHST11;ST3GAL4;S100A13;SERPINH1;S100A14;ZNF148;ELANE;HOXC6;S100A10;BTF3;PHC2;KIR2DS1;FZD5;SIVA1;ST13;PLK2;FZD6;KIR2DS5;TRIP4;NFATC1;MTHFS;BRAF;HNRNPL;SLC6A7;RNF103;TCN1;SNAI1;SNAI2;MMS19;TNFSF8;HNRNPC;ADA;BTG3;PYGB;BTG1;ADK;SRP54;SLC6A1;GLI2;UBL5;UBL3;IMPA1;ANXA7;TIMP1;TIMP4;BRD2;TPI1;SERPINB2;ANXA2;ANXA3;TNNC1;ANXA5;EN2;COPZ2;PAWR;SERPINB9;BACE2;MTF1;GART;HLA-DQB1;HBEGF;SF3B4;ZNF593;GRN;SF3B2;CLDND1;RPL11;HSPA14;TANK;GCNT3;GCNT4;CHML;SLC17A1;DEDD;BRD4;CDKN2B;SF3A1;YTHDF2;AOC2;HSPA1L;CDKN2A;LAPTM5;WWP2;BLCAP;DHRS3;GTF2H5;TM9SF2;RYBP;DHRS9;ABI1;ZYX;FOSB;RHAG;PLP2;CCL27;LAMTOR5;MSRB1;PF4;CSF3;CSF2;ATP8A2;IRS1;TUSC3;AHR;CDH6;ZFP36;FGF9;PLS3;PHLDA1;TMSB10;IFNAR2;USP8;CSNK1G3;MAP2K1;SLC15A1;MAP2K2;USP6;TPM4;IGFBP4;RPS8;RPS5;F2R;DYRK1A;AIP;VRK2;GOLGA8B;SNRPG;ADAM9;ERH;RAB38;SNRPE;FKBP4;RHCG;NOTCH2;RAB5C;INSIG1;AK1;ITPR1;AEBP1;HSPBP1;BTBD1;CLCA2;NDN;DVL3;IGFBP6;PLTP;MCL1;M6PR;MARCH6;C1ORF61;CHERP;NSFL1C;COPS5;CDK6;MAFB;P4HA2;PIP;PIR;CPE;TPP1;MAFK;CNOT8;SERINC3;RSL24D1;BCL2L1;PSCA;DUSP11;SCPEP1;GM2A;SGCA;TNPO1;CLEC1B;IDH3A;SLC13A4;TRPC6;LANCL1;ASPN;PTBP2;ASPH;DAD1;MEP1A;CNGB1;GTF2A1;CEBPB;VPS4B;RAB1B;SEMA3F;CYP3A4;HDAC9;AP3M2;DNAJB1;ABLIM1;P2RY4;DNAJB4;POLR2E;WASF2;CTNNAL1;POLR2L;SPAG9;CMA1;SPAG6;CDC42BPA;KLF4;PNRC1;KLF2;MARCKS;P2RX5;KLF6;CLEC2B;VAPB;IMPDH1;MGAT4B;POLR3G;FOLR3;PFKP;GLTP;OXTR;PITPNB;RRH;PPP2R2A;HSF2BP;AQP2;AQP3;NFU1;RUSC1;FTH1;PART1;PDK4;DPF3;RPS11;B2M;PDK1;AGFG1;SRRM2;ATP6V0E1;IL1R1;KRT2;IFRD1;ACSL5;KRT7;KRT5;PSG2;CHIT1;PSG9;COX7A2L;RRAGC;PSG4;HECA;PFN1;TLN1;NBL1;PTGES;GYPA;STXBP3;HIST1H3J;GYPC;STXBP1;IGSF1;CSTF2;KLK5;TWF1;TXN;KLK8;CD79A;CYP27B1;STC2;HIST1H3F;HIST1H3G;HIST1H3I;VAT1;VASP;SRPK2;GADD45B;HIST1H4L;GADD45A;TMEM50B;LIF;CIDEA;GNG11;RPS26;STAG2;HIST1H4B;AKR1B10;HIST1H4H;SPRR1A;HIST1H4D;HIST1H4E;DAZAP2;DAZAP1;GDI1;SLC35F2;RYR3;ESM1;UCHL1;XPO1;PCF11;SEC61G;CHMP1A;ANKRD1;PSD;CBR1;ATP6V0B;TFE3;RHOG;AMPD1;GP1BA;GFRA1;AMPD3;RHOC;UCHL3;RHOD;MLF2;PRPF18;FRG1;KRT36;TNNT3;TFF1;ATP6V0C;PRIM2;ADH1B;CST4;NT5E;WIF1;SHOC2;NT5M;TBL1X;LY6G6C;GABRD;CA12;GDF11;SLC31A2;CDX1;C1GALT1;FAH;MPP6;SLURP1;BATF;PDP1;KRT19;NR6A1;FAP;GSTA3;AXL;KRT15;MARS;RAB9A;F2RL2;FCN3;NDUFA10;ARID4B;FAIM2;FAM162A;ARHGDIA;ARHGDIB;HIST1H2AG;NRCAM;NSF;HIST1H2AL;RALBP1;LMO3;WNT5A;LIG3;ATP1B1;KRT75;TUFM;DPM1;HGS;COL4A1;HIST1H2BF;HIST1H2BE;HIST1H2BH;HIST1H2BB;HIST1H2BD;HIST1H2BC;RAI14;ABCG2;ATP6V1A;COPA;CHRNA3;H6PD;CHRNA5;COPB1;CHRNA6;COX7A2;LTBP1;AGER;SCUBE2;SDCBP;MAN2A2;PODXL;MAN2A1;MYH13;HSPA9;CBX8;DARS;SMAD4;TGFB1;CBX5;CPSF1;SMURF2;EPHX1;CBX1;ARHGAP29;SMAD7;NR4A2;PYY;TRPV6;CAPRIN1;MAN2B1;PI4KB;COPE;THRB;HSPB8;CXCL1;YBX1;CXCL2;HEBP1;CASP7;UPK1A;CA5B;CASP6;FLOT1;HIST1H1D;HIST1H1B;RBM6;HIST1H1C;SRGN;ABCC4;ABCC1;H2AFZ;OR2H2;PLAUR;PPP2R5C;ARID1A;DNM2;TMPRSS11D;AIM2;OAS1;OAS3;ALDH1A2;CDH12;COL6A3;TERF2IP;MYH9;RBMS1;DNASE2;PFDN2;DNASE1;CDH17;LTK;PDXK;USP16;HIST1H2BJ;TUFT1;USP11;HIST1H2BK;KRT83;NXF1;MUC1;MUC2;SNCG;MAPK1;ABCF2;OPCML;ABCF1;IGBP1;ZNF185;PDE6G;USP22;SGTA;MEIS2;PMP22;CDK2AP1;SPRY2;SCLY;SSBP1",2.47479376718607,27
"8","imatinib homo sapiens gpl96 gds3045 chdir up","1093/4070",9.7673650698548e-74,8.52202602344831e-72,0,0,1.58905543520928,267.139684822786,"POP1;TMEM97;VPREB3;PSMD8;LSM12;MPRIP;PSMD4;DPYSL3;PSMD3;AKT1;SMCO4;DNTTIP2;DICER1;SCAMP3;CD2AP;EML4;SLC5A6;EWSR1;PRKAR1A;PSME3;UNC50;RBP1;JTB;PSME2;FAR2;TMEM126B;ATF3;ATF4;ZNF274;SET;RETSAT;SAR1B;SHMT2;PDGFA;AGAP1;MRPL17;IQGAP1;MRPL12;MRPL11;MRPL20;EPB41L2;RSU1;ZNF267;ABCA1;JUN;TEX30;CADM1;TIPARP;EDEM1;EIF2AK3;NR2F2;LYZ;MAGOHB;FAM136A;MRPL24;PBX1;MLLT11;SETX;UCK2;COL1A2;EIF6;TDP2;FASN;HRC;HYOU1;SFXN1;ARF3;MTMR14;SNX10;SNX11;MRPL34;LITAF;OSBPL10;MMP27;HEY1;NKRF;NELFB;JAK3;C11ORF24;DUSP5;ARG1;NSUN5;RIPK2;NSUN3;ACTL6A;MRPL49;RRAS2;SIRT5;LRRC40;TMC7;FOS;DYNLL1;MED27;DUSP9;SLC39A14;FAHD2A;MRPL52;SLC7A5;PSMA6;PLSCR1;SLC7A6;PSMA4;PSMA2;CDC42EP4;AGPS;PELI1;PIGL;DLD;ARF6;ZNF473;SLC7A1;GGA1;PSMB7;PSMB2;PSMB1;MICALL1;STX4;FLNB;HARS;BID;EGLN1;EGLN3;ZNF460;SMAGP;PSMB8;ARCN1;BYSL;LETM1;PSMC5;LYRM4;TAOK3;FABP5;WT1;PSMC4;C12ORF29;SRRD;TSR1;ZNF217;CIAPIN1;C11ORF58;SIGLEC6;ZNF695;LIMS1;SIGLEC5;MTCH2;NAB1;PLOD1;APEH;LAPTM4B;OSBP;NFATC2IP;PIM1;SLC16A7;PMPCA;PIM2;SLC16A3;MAP3K5;CPA3;ZNF440;SLC38A1;CISH;IFNA17;UBE2E1;SARS;POLRMT;RBX1;CDC25B;FTSJ3;TPST2;ACLY;MAPKAPK3;MFNG;NAAA;MRTO4;MAPKAPK2;PLA2R1;IL6ST;SNRNP200;ANAPC1;DSC3;KCNE1;TXNDC9;MAX;SHC1;ARL3;CREM;UAP1;NREP;ACAT2;HSP90B1;SOCS2;SOCS3;SLC9A3R1;EIF4EBP1;PGK1;NAE1;NOP14;SDF2L1;SRD5A2;GOT1;FUS;GFPT1;ARPC4;BFSP1;G6PC3;HLA-DRA;NOP10;ZNF410;ITGB1;MCFD2;PIK3CB;ITGAE;BICD2;MRPL4;MRPL2;CAPZB;PMEPA1;CCIN;MRPL9;NCK1;ACTR2;EIF5B;HSP90AA1;CERS6;DST;AHSA1;NDUFC2;TNFRSF1A;ARFGAP2;SLC25A15;NPC1;DSG2;TMBIM6;TOP1;DSG3;ITGA5;LCP1;SLC25A4;PRPS1;SEC23A;CANT1;SLC47A1;ROCK1;NDUFB6;NDUFB2;LRP2;HSD17B12;IL2RG;HSD17B10;SRM;PPM1G;NCLN;FCHO1;U2AF2;EIF4H;IARS2;EIF4E;SH2B3;SEC23B;SLC12A2;KCNJ5;PPP1R14B;NDUFA7;CNBP;MBOAT7;NAGA;RPL23A;TPD52L1;HNRNPAB;TPD52L2;GZMK;NECAP2;MYO1B;SUCLA2;EIF3K;EIF3I;STUB1;P4HB;PTPN7;RECK;SPG21;SLC25A36;EIF4A1;SMARCB1;CERK;OGFOD3;THUMPD1;IL36A;LGALS1;RCC1;SNRPD3;LGALS8;TMPO;ACVR1;ALG8;ST6GAL1;ATP6V1G2;ALG5;ALG3;ACTN4;TM4SF1;SOAT1;SUB1;CDC37;NINJ1;CCDC86;TRIB3;PREB;MXRA5;EPHA2;PEX11B;ZMPSTE24;TGOLN2;DHX30;RAB11FIP1;RRAS;TSPAN4;RCE1;RBM12;SNX5;ATP6V1C1;PCK2;STAT5A;EGR1;XRCC6;YES1;EGR3;XRCC5;GREB1;SMARCA2;SMARCA4;NET1;BST2;CYP26A1;MYO5C;ID1;COL9A1;SDC1;GRB2;CD24;AARS;FKBP11;ECM1;MRPS16;FKBP14;PTGDR2;CETN2;CTSW;SLC7A11;IDE;TFB1M;N4BP2L2;AKAP12;ACTR1A;PPP3CB;ENC1;RAC2;DHX15;ARIH2;SDF4;CTSH;IDS;PHGDH;UTP14A;SPTAN1;COX8A;CCT3;CD53;SEC13;MRPS27;WARS;MME;TNFRSF12A;NBPF10;MRPS2;GAB2;APRT;RAP2C;ENAH;GAK;CTTN;KIF2A;ARHGEF3;CD47;CRELD2;FJX1;DBN1;CD44;CAB39;STX16;MRPS34;MRPS31;GNAI3;DERL2;CAPG;CXORF40A;PGRMC1;EXOSC5;ORMDL2;PES1;MGAT2;CCT8;EPS15;PAK2;CXORF40B;GABBR2;GCH1;GAD1;PLEKHA5;DOHH;YIF1A;FKBP1A;BOP1;PER3;CFHR2;CCNG2;HNRNPA2B1;ESYT1;PNPLA2;DPAGT1;SCARB1;FHOD1;GEMIN2;PRDM5;BCCIP;ETS2;NARS;CCND2;RGS3;CCND1;PLAU;KHSRP;DENND5A;CARD10;PDGFRA;MORC3;G6PD;CASK;DNAJB14;TBC1D2B;WBP11;CCNB1IP1;TMX4;BRMS1;HNRNPUL1;TMX2;MAP7D1;FETUB;GEMIN6;VCL;VCP;TMED10;PSMD14;DIABLO;UBA5;SEL1L;PSEN1;SLC1A5;HIGD1A;RASGRP2;CNN2;EBP;CYC1;NDUFV1;CD99;TFAP2A;YARS;IVNS1ABP;PRNP;MUC16;SLC52A2;HMGA2;H2BFS;IL6;ALPP;MKRN1;STT3A;GNAS;UBE2N;DEGS1;TCF3;FGF13;GCLM;RERE;GSK3B;DDX47;CHD7;TNFAIP3;HMGB3;HMGB1;DDX41;TRIAP1;RND3;LMNB1;CALB1;NUP62;NPTN;UQCRFS1;CA9;IFT57;TGIF1;SUN2;RBM14;ARHGEF12;DYNLT1;AZGP1P1;BUD31;CAD;DDX56;GLRX2;QRSL1;UTP18;PJA1;ACTA2;SFPQ;IRF3;TMEM214;NDUFS6;NUP50;CRY1;CHI3L1;EAPP;ATP6V1B1;RBM47;RALB;DDX21;RRBP1;HMGCR;ASAP2;CBL;PSMB10;PTHLH;CRYZ;PDLIM1;IL1RL1;CAND1;DNPEP;PDLIM2;OXCT1;CBS;TDG;SPOCK2;POLD2;DROSHA;BNIP2;TMEM208;TIMM8B;GALNT7;MBTPS1;NAA10;GALNT1;LAMB4;ATP2B1;SLC50A1;SOD2;RPIA;GALE;TNIP2;RANGRF;RBM42;S100P;SLIRP;VIM;GLA;RPL26L1;ROPN1B;CYFIP2;NCKAP1;SERPINE2;RPL31;SERPINE1;HNRNPU;SMC3;EPRS;ELK3;RPL7;RNF114;CLP1;MYC;CREB3L1;NAMPT;RPL35;PIP4K2A;AP1S1;JUNB;IER5;RNF111;IER2;TSPYL2;ACOT9;MBNL2;ACOT7;TSPYL1;WDR74;FNDC3B;TAAR2;WDR73;GTPBP1;HCFC1;WDR77;NUP93;PRKD3;MAP1B;FDX1;RPL24;YME1L1;HOXB2;TSPYL4;GNE;CDC42SE1;NUP205;POM121;PRKDC;CTBP1;RPN1;WDR61;AKAP17A;BCL10;RRP7A;FAM171A1;PRDX4;NUP85;PRDX1;GAR1;SERPINH1;PROM1;ELANE;FDFT1;NAA50;ACD;NSUN5P2;SIVA1;H3F3B;PRRC2C;NFATC1;MEX3C;PRDX6;HNRNPL;HNRNPM;GLUD1;GLUD2;EHD4;HNRNPD;HNRNPC;FARSA;PAM;BTG3;GPI;GABRB1;WDR41;ADK;SRP54;TCF20;PYGL;WDR45;ADO;PFAS;CLINT1;WDR43;UBL5;CSRP2;IMPA1;AIFM1;TCTN3;RARS;TRIM2;ANXA7;TIMP1;GPR135;BRD3;FCRL2;TPI1;ANXA3;ITPK1;NUTF2;PAX6;SERPINB9;AEN;PAX5;GNL2;COQ10B;PAX2;SERPINB6;NSA2;TUBB2B;SLCO4A1;PLIN3;GART;HBEGF;SF3B4;SF3B5;ZNF593;SF3B2;WDR26;CLDND1;HSPA14;HSPA13;SCAF8;BCLAF1;OLFML3;PCGF1;SC5D;CHML;RPL15;AGA;SLC17A1;RPL17;YTHDF2;CDKN2A;WDR18;LAPTM5;FMO2;GTF2H5;RYBP;NFIB;ZYX;FOSB;NUCB1;PLP2;NUCB2;MSRB1;FAM49B;ATP8A2;TUSC3;PARK7;AHR;IPO4;CDH6;ZFP36;APMAP;MPC1;NBN;PHLDA1;TMSB10;IFNAR2;CSNK1G3;TOR3A;MAP2K1;USP7;RNF44;TPM4;IGFBP5;IGFBP4;USP3;GTF3A;AIP;DGKZ;RAB31;SNRPG;ADAM9;ERH;SNRPE;FKBP4;CSNK1G2;FKBP5;FKBP2;CD151;RAB5C;NOTCH1;INSIG1;UBR4;RHOBTB3;ITPR1;AK4;HSPBP1;RLF;BTBD1;OARD1;TPR;SAFB2;PLXNA1;IGFBP6;PLTP;MCL1;ANKRD28;OSBPL8;COA3;AKIRIN1;TRAPPC4;ASNS;DHCR24;TVP23B;MARCH6;LSM5;TOR1B;CHERP;MOB1A;NSFL1C;COPS5;MAFB;BCL6;P4HA1;RHEB;DHCR7;RSL24D1;EIF4G2;CNIH4;SERINC5;BCL2L1;EIF4G1;DAGLA;WDR1;WDR4;AMD1;KIAA0100;DUSP11;OPA1;SNRNP70;RNPEP;CNGA1;EFHD2;EFHD1;CEP170;TNPO1;IDH3A;EDF1;REXO2;PTBP2;DNAJC2;PKM;ASPH;DAD1;CRP;HDAC4;RAB1A;GTF2A1;CEBPB;SMARCD2;CEBPD;SEMA3C;WBP2;CYP3A4;AP3M2;MROH9;POLR2E;DNAJB9;POLR2F;CEACAM21;POLR2H;CTNNAL1;SPAG9;CYP51A1;CCDC59;PTPN11;CDC42BPA;KLF4;TPCN1;MARCKS;SNRNP40;KLF6;CLEC2B;PSAT1;VAPB;IMPDH1;POLR3G;ESF1;BET1;IFITM3;IFITM1;IFITM2;ARL6IP1;SLC35B1;PITPNB;CISD1;PPP2R2A;PWP2;AQP3;PWP1;KIAA0930;RPS6KA3;RPL36AL;FLAD1;PART1;LONP1;DENR;SKP2;CPT1A;TIPIN;METTL1;IFRD1;HLA-B;HLA-C;KRT7;ACSL3;KRT5;HLA-F;TIAM2;CHIT1;PSG9;POR;TFAM;SIK1;SUCLG1;PFN1;AURKAIP1;BEX4;ANP32A;CSTF2;EBI3;MGST2;NMD3;TXN;CYP27B1;SGPL1;ZNHIT3;STC2;ASL;HIST1H3C;SPTBN1;CDR2;VASP;RPL39L;GADD45B;GADD45A;TYR;MANF;RPS26;NMU;MPHOSPH10;CD320;TRAM1;DAZAP1;SLC35F2;XPO1;SEC61G;TMED2;DLAT;UBXN4;TMED7;PSENEN;PSD;CBR1;TMED9;ATP6V0B;PRMT1;TFE3;RHOG;AMPD2;GFRA1;AMPD3;RHOF;RHOC;UCHL3;MLF2;RHOB;UGDH;PRPF18;NME7;CEACAM6;TFF2;DNASE1L2;DCP2;TOMM40;MYCBP;SLC20A1;AMIGO2;NOL9;LILRA1;TYMS;TRAK2;CST3;LIMA1;SCEL;TBL1X;EMC7;DCPS;EMC9;RANBP1;NQO2;MPP3;SLC31A1;LHFPL2;FAH;MPP6;BATF;SPCS3;SPCS1;KRT16;DLC1;MARS;KBTBD2;RAB3GAP1;MEGF9;FCGBP;GOLT1B;POGK;NDUFA10;ARID4B;NUCKS1;FAIM2;COMT;CNDP2;TOMM22;CHCHD2;TMEM147;FAM162A;BASP1;ARHGDIA;ARHGDIB;PAM16;ARID5B;KAZN;NOSIP;LIG3;KRT76;KCTD3;ATP1B1;PDIA5;TUFM;PDIA4;DPM1;ALDH3A1;PRPF4;ILVBL;RAI14;IDI1;CHRNA5;NOP2;COX7A2;SEL1L3;TMEM123;HSPA9;DARS;HSPA8;TGFB1;CBX5;SMURF2;CBX1;ARHGAP29;NFKBIA;NR4A2;DNAJC10;MYF6;SRPRB;BLMH;CLASRP;NFKBIE;CXCL6;CXCL1;CXCL3;ELAVL1;CXCL2;YBX3;ZC3H7B;ENOSF1;FLOT1;TMEM109;HIBCH;RBM6;HIST1H1C;SRGN;USP46;H2AFZ;DESI2;LSR;CTPS1;ARID1A;TMPRSS11E;DCN;TGFBR3;AIM2;MYH3;DCT;OAS1;OAS3;ALDH1A2;PFDN2;USP16;ATP1A1;NXF1;MUC1;DDT;LEPROTL1;TYW1;STOM;HES1;MAPK6;ABCF2;CAMK2G;ABCF1;KDM4B;ATP13A1;USP22;SGTA;HSPE1;WEE1;PPP2R2B;PMP22;CDK2AP1;SPRY2;SCLY;SSBP1;CKLF",3.84263494967978,42
"9","imatinib homo sapiens gpl96 gds3042 chdir up","871/3004",3.72814909152014e-73,2.89138673986785e-71,0,0,1.71566116972242,286.125616954628,"POP1;SPINT2;TMEM97;LIPA;PSMD8;LSM12;DPYSL2;PSMD3;SMCO4;RBFOX2;DNTTIP2;DICER1;RNASE2;ISL1;SCAMP3;EML4;SLC5A6;EWSR1;PRKAR1A;PSME3;JTB;PSME2;TMEM126B;FAR2;ATF3;RABL6;ATF4;SET;RETSAT;SAR1B;SHMT2;GATA6;PDGFA;MRPL17;IQGAP1;MRPL12;MRPL11;EPB41L2;RSU1;ZNF267;ABCA1;JUN;GPR12;TIPARP;EDEM1;EIF2AK3;NR2F2;MAGOHB;FAM136A;LYZ;MRPL24;MLLT11;SETX;UCK2;COL1A2;EIF6;FASN;SFXN1;HYOU1;ARF3;SNX10;LITAF;OSBPL10;PQBP1;HEY1;NKRF;NELFB;C11ORF24;DUSP5;LYPLA2;NSUN5;RIPK2;ACTL6A;NSUN3;MRPL49;RRAS2;FOS;MED27;DUSP9;SLC39A14;SLC7A5;PSMA6;SLC7A6;PSMA4;PLSCR3;CDC42EP4;AGPS;PELI1;PIGL;ERGIC2;ARF6;ZNF473;ABCB11;SLC7A1;GGA1;PSMB2;MICALL1;FLNB;HARS;BID;EGLN3;SMAGP;PSMB9;BYSL;LETM1;PSMC5;TAOK3;LYRM4;FABP5;WT1;PSMC4;C12ORF29;SRRD;TSR1;ZNF217;CIAPIN1;LIMS1;MTCH2;NAB1;APEH;LAPTM4B;OSBP;NFATC2IP;PIM1;PMPCA;PIM2;SLC16A3;SYBU;SLC38A1;CISH;UGT2B15;SARS;POLRMT;CDC25B;RBX1;FTSJ3;TPST2;ACLY;MAPKAPK3;MFNG;MRTO4;ANAPC1;DLX2;MAX;ARL3;CREM;UAP1;TNFRSF11B;ACAT2;HSP90B1;SOCS2;SLC9A3R1;SOCS3;EIF4EBP1;PGK1;NAE1;NOP14;SDF2L1;GOT1;FUS;GFPT1;ARPC4;BFSP1;G6PC3;STK24;MDM2;NOP10;ITGB1;MCFD2;ITGAE;PIK3CB;NRGN;MRPL4;MRPL2;PPP6R1;NKX3-1;EIF5B;ACTR2;HSP90AA1;AHSA1;NDUFC2;TNFRSF1A;SLC25A15;NPC1;TMBIM6;DSG2;ITGA5;LCP1;TOP1;SLC25A4;PRPS1;SEC23A;COL15A1;NDUFB2;IL2RG;HSD17B10;SRM;PPM1G;NCLN;FCHO1;EIF4H;EIF4E;SH2B3;SEC23B;SLC12A2;PPP1R14B;NDUFA7;CNBP;MBOAT7;TPD52L1;HNRNPAB;SORL1;EIF3I;STUB1;PTPN7;KCNK2;SLC25A36;EIF4A1;CERK;OGFOD3;THUMPD1;LGALS1;RCC1;SNRPD3;LGALS8;TRIM22;TMPO;ALG8;ST6GAL1;ALG5;ALG3;ACTN4;CDC37;SUB1;NINJ1;CCDC86;TRIB3;TMEM87A;PEX11B;CD1A;ZMPSTE24;TGOLN2;RAB11FIP1;RRAS;TSPAN4;B4GALNT1;SNX5;PCK2;STAT5A;EGR1;EGR2;XRCC6;YES1;EGR3;XRCC5;GREB1;IFI44;PPBP;NET1;BST2;CYP26A1;ID1;GRB2;CD24;ECM1;MRPS16;MRPS14;PTGDR2;FKBP14;CETN2;IDE;SLC7A11;TFB1M;AKAP12;ACTR1A;ENC1;GNRHR;RAC2;DHX15;ARIH2;IDS;CTSH;PHGDH;QSOX1;SPTAN1;UTP14A;CCR3;COX8A;CCT3;CD53;SEC13;WARS;TNFRSF12A;MME;NBPF10;MRPS2;GAB2;APRT;RAP2C;GAK;ENAH;KIF2A;ARHGEF3;CD47;EEF1E1;CRELD2;FJX1;DBN1;CAB39;MRPS31;GNAI3;CAPG;CXORF40A;EXOSC5;PGRMC1;ORMDL2;PES1;MSX1;CCT8;EPS15;PAK2;CXORF40B;GABBR2;GCH1;GAD1;YIPF5;PLEKHA5;DOHH;YIF1A;FKBP1A;BOP1;PER3;CFHR2;CCNG2;HNRNPA2B1;ESYT1;DPAGT1;SCARB1;GEMIN2;PRDM1;ETS2;EEF1B2;NARS;CCND2;CCND1;PLAU;KHSRP;SCN9A;DENND5A;BANF1;CARD10;PDGFRA;G6PD;DNAJB14;WBP11;CCNB1IP1;TMX4;TMX2;MAP7D1;GEMIN6;VCL;VCP;TMED10;PSMD14;DIABLO;UBA5;SLC1A4;SLC1A5;PSEN1;HIGD1A;RASGRP2;CNN2;EBP;TMEM248;CYC1;CD99;TFAP2A;YARS;IVNS1ABP;PRNP;SLC52A2;COL5A1;UBE2N;AMOTL2;DEGS1;FGF13;GCLM;DDX47;CHD7;TNFAIP3;TRIAP1;HMGB1;DDX41;MEA1;RND3;LMNB1;CALB1;NPTN;UQCRFS1;CA9;IFT57;TGIF1;SUN2;RBM14;CAD;DDX56;OLIG2;GLRX2;QRSL1;UTP18;TRDN;GREM1;VCAN;RCN1;SFPQ;TMEM214;IRF3;NDUFS6;NUP50;CRY1;CHI3L1;MS4A1;TMEM45A;RBM47;RALB;BCL2A1;DDX21;RRBP1;ASAP2;HMGCR;PTHLH;CRYZ;CAND1;CBS;OXCT1;TDG;POLD2;TMEM208;BNIP2;TIMM8B;GALNT7;CDK11A;NAA10;GALNT1;SLC50A1;ATP2B1;RPIA;GALE;RANGRF;SLIRP;VIM;GLA;RPL26L1;CYFIP2;ROPN1B;NCKAP1;SERPINE1;HNRNPU;EPRS;SMC3;ELK3;RNF114;CLP1;MYC;NAMPT;AP1S2;IER5;IER2;TSPYL2;MBNL2;ACOT7;WDR74;FNDC3B;TAAR2;WDR73;WDR77;NUP93;BCAN;PRKD3;MAP1B;FDX1;YME1L1;HOXB2;GNE;CDC42SE1;NUP205;PRKDC;HOXD1;RPN1;WDR61;ATXN7L3B;BCL10;AKAP17A;RRP7A;FAM171A1;PRDX4;PRDX1;SERPINH1;FDFT1;ACD;NSUN5P2;SIVA1;H3F3B;GP2;PRRC2C;NFATC1;MEX3C;PRDX6;XKR8;HNRNPM;GLUD1;EHD4;RNF103;HNRNPD;HNRNPC;FARSA;PAM;GPI;BTG3;LPCAT1;WDR45;ADO;PFAS;CLINT1;WDR43;IMPA1;TCTN3;RARS;ANXA7;TIMP1;TPI1;ANXA3;SLC2A10;SSR3;NUTF2;AEN;SERPINB9;GNL2;SERPINB6;BACE2;TUBB2B;RIPPLY3;SLCO4A1;MTF1;PLIN3;GART;PLCB2;HBEGF;SF3B5;ZNF593;WDR26;CLDND1;HSPA14;HSPA13;SCAF8;BCLAF1;PCGF1;SC5D;CHML;ZNF586;WDR18;LAPTM5;BLCAP;GTF2H5;RYBP;NFIB;ZYX;NUCB1;PLP2;NUCB2;MSRB1;FAM49B;TUSC3;PARK7;IPO4;ZFP36;FGF9;APMAP;PHLDA1;TMSB10;IFNAR2;TOR3A;USP7;MAP2K1;RNF44;TPM4;IGFBP4;USP3;F2R;GTF3A;DGKZ;RAB31;SNRPG;ADAM9;RAB38;SNRPE;ERH;FKBP4;FKBP5;FKBP2;NOTCH1;INSIG1;GLT8D1;RHOBTB3;ITPR1;AK4;HSPBP1;BTBD1;OARD1;TPR;PLXNA1;PLTP;MCL1;ANKRD28;COA3;AKIRIN1;TRAPPC4;ASNS;DHCR24;TOR1B;LSM5;MARCH6;HOPX;CHERP;MOB1A;LHX3;BCL6;P4HA1;RHEB;DHCR7;SERINC3;RSL24D1;NES;CNIH4;BCL2L1;EIF4G1;WDR1;AMD1;KIAA0100;DUSP11;OPA1;SNRNP70;RNPEP;EFHD2;EFHD1;CEP170;TNPO1;IDH3A;EDF1;REXO2;DNAJC2;PKM;ASPH;CTDSP1;DAD1;MEP1A;RPL37A;EFHC2;CRP;CEBPB;SMARCD2;CEBPD;AP3M2;POLR2E;DNAJB9;POLR2F;POLR2H;SPAG9;CYP51A1;CCDC59;PTPN11;CDC42BPA;KLF4;P2RX5;MARCKS;KLF6;CLEC2B;PSAT1;KIAA0586;POLR3G;ESF1;BET1;IFITM3;IFITM1;IFITM2;ARL6IP1;SLC35B1;PITPNB;CISD1;PPP2R2A;PWP2;PWP1;KIAA0930;RPS6KA3;FLAD1;LONP1;DENR;RPS11;SKP2;SOX4;TIPIN;IL1R1;METTL1;IFRD1;HLA-C;ACSL3;POR;TFAM;SUCLG1;SIK1;PFN1;AURKAIP1;BEX4;ANP32A;MAGED1;MGST2;TWF1;NMD3;TXN;CYP27B1;SGPL1;STC2;DND1;ASL;SPTBN1;CDR2;VASP;RPL39L;GADD45A;MANF;RPS26;NMU;MPHOSPH10;OR6A2;SPRR1B;CD320;TRAM1;DAZAP1;SLC35F2;GYS2;SEC61G;TMED2;DLAT;UBXN4;TMED7;PSENEN;CBR1;TMED9;ATP6V0B;PRMT1;TFE3;RHOG;AMPD2;AMPD3;UCHL3;RHOC;MLF2;RHOB;CLDN10;UGDH;PRPF18;NME7;CEACAM5;C1QA;MYCBP;TOMM40;SLC20A1;AMIGO2;NOL9;CST3;LIMA1;TWISTNB;TBL1X;EMC7;DCPS;EMC9;GABRP;RANBP1;NQO2;SLC31A1;LHFPL2;FAH;MPP6;SPCS3;SPCS1;FAP;MARS;KBTBD2;RAB3GAP1;GOLT1B;POGK;NDUFA10;CWC25;ARID4B;COMT;CNDP2;TOMM22;CHCHD2;TMEM147;FAM162A;ARHGDIA;ARHGDIB;PAM16;NOSIP;ARID5B;LIG3;ATP1B1;PDIA5;TUFM;PDIA4;DPM1;ALDH3A2;PRPF4;ILVBL;RAI14;IDI1;CHRNA5;NOP2;SEL1L3;HSPA9;DARS;HSPA8;CBX5;TGFB1;SMURF2;CBX1;SMAD7;NR4A2;NFKBIA;CHMP2B;DNAJC10;SRPRB;BLMH;NFKBIE;CXCL1;CXCL3;YBX3;CXCL2;ELAVL1;CYP2R1;FLOT1;TMEM109;HIBCH;RBM6;SRGN;USP46;H2AFZ;DESI2;LSR;CTPS1;TGFBR3;OAS1;DCT;ALDH1A2;PFDN2;USP16;MUC1;LEPROTL1;TYW1;STOM;HES1;MAPK6;ABCF2;ABCF1;HSPE1;WEE1;PMP22;CDK2AP1;SPRY2;SSBP1;CKLF",4.01836969001148,35
"10","methotrexate homo sapiens gpl571 gse9412 chdir up","317/712",2.5825487292264e-69,1.80261901300003e-67,0,0,2.63446579349777,416.060114822488,"CYFIP2;RPL4;RPL3;TFRC;FAM89B;RPL31;KDELR1;RPL34;SPINT2;TMEM97;SPATA20;IFI30;PHB2;RPL9;PSMD8;UXT;LGALS4;RPS14;RPS16;CAPNS1;CREB3L1;FTH1;BSG;RPL36;AKT1;RPL37;RPL39;TNS3;ATP6V0E1;RPL23;CSNK2A2;WDR74;ALG3;TM4SF1;COX7A2L;ETHE1;UQCRC1;RPL24;JTB;TRIB3;RBCK1;RPL29;LETMD1;CUTA;SHMT2;MGST3;TXN;MRPL11;SULT1A1;RIC8A;APH1A;TGOLN2;CYB5R3;ZNHIT1;TSPAN8;RRAS;S100A13;TSPAN4;ASL;TSPAN1;SERF2;SPTBN1;S100A10;FDFT1;BTF3;VAT1;RPL41;SURF1;JAG1;SIVA1;PRDX6;CS;RPS26;FIBP;RPS25;RPS27;AKR1B10;QARS;FXYD3;RPS29;SDC1;MMS19;FXYD5;PSMG2;PAM;RPS21;SLC2A4RG;RPS24;ITM2C;GPI;PYGB;SERPINA1;MRPS16;PPP1R11;TCF25;RPLP0;QPRT;PEPD;LITAF;PTPRF;TRMT112;ACTR1B;IMPA2;TCTN3;SLC22A18;TMED3;RAC2;RPLP2;CTSB;COX8A;PSENEN;DUSP5;ANXA2;PRMT1;RHOG;NME4;RHOD;FAHD2A;F5;MLF2;APRT;MZT2B;DDB1;MZT2A;TUBB2B;SLCO4A1;PAFAH1B3;CD44;RAB7A;RPL12;GSTP1;URM1;RPL11;CAPG;CRIP2;COX5B;TYMS;CST3;HLA-DMA;RPS15A;CAMK2N1;LMAN2;UCP2;AGR2;RPS3;RPL13;RPL15;RPS2;RABAC1;RPL17;NPDC1;CA12;GSN;MGMT;AKR1C1;AKR1C3;NR1H3;WDR13;YIF1A;FKBP1A;OSTM1;NUCB1;FAU;AGRN;MSRB1;DPAGT1;MPG;CD81;HDLBP;APEH;RPL10A;COMT;CLU;EEF1B2;AKR7A2;TMEM147;AKR7A3;APMAP;FCGRT;PMPCA;BANF1;TMSB10;AP2M1;G6PD;TLE1;MAP2K2;RPS7;RPS8;IGFBP4;RPS5;CYBA;ATP1B1;C12ORF10;CDC25B;COX6B1;TUFM;TMEM134;ALDH3A1;DPM3;ARMCX6;NUPR1;HIST1H2BD;CD151;TUBGCP2;MAZ;SLC1A5;CORO1B;RAP1GAP;PLD3;EBP;NDUFV2;NDUFV1;CD99;MPST;COA3;TRAPPC4;EPHX1;SLC52A1;DHCR24;H2BFS;EEF2;HIGD2A;NFKBIA;DAP;PXMP2;CHMP2A;GNAS;CRYL1;TPP1;MAN2B1;DHCR7;TCF3;RNF187;BCL2L1;UBE2M;SLC25A1;RERE;SLC25A3;PRKCSH;ETFB;NENF;CALB2;HEBP1;RPS4X;LASP1;GM2A;SUMO2;RNPEP;C9ORF16;FLOT1;UQCRFS1;CA9;PGLS;SLC37A4;ABCC1;GPX4;CAD;RPL13A;RPS3A;LSR;NIPSNAP1;TNFRSF1A;EEF1G;DALRD3;NPC2;DAD1;NDUFS6;TMBIM1;PEX5;BLVRB;ST6GALNAC4;PFDN5;OTUB1;PDXK;RAB1B;HIST1H2BK;RPL36A;NDUFB1;RRBP1;ATP1A1;AGPAT2;PPM1G;PDLIM1;POLD4;ABLIM1;GANAB;MUC1;MTA1;RAB25;DDT;NT5DC2;POLD2;POLR2E;POLR2H;SEC11A;EIF4B;POLR2L;TAF10;NDUFA2;NDUFA1;RPL23A;SORL1;USF2;ATOX1;TSPAN13;EIF3K;EIF3L;EIF3I;ERCC1;MGAT4B;CDK2AP2;CDK2AP1;RBM42;P4HB;EIF3F;TPT1;SPG21",5.6782334384858,18
"11","imatinib homo sapiens gpl96 gds3049 chdir up","718/2351",7.54922949065564e-69,4.79032925861603e-67,0,0,1.80711216931483,283.458059658253,"POP1;SERPINE1;HNRNPU;TMEM97;ELK3;PSMD8;LSM12;MYC;NAMPT;PSMD3;SMCO4;IER5;IER2;MBNL2;ACOT7;WDR74;FNDC3B;DNTTIP2;WDR73;DICER1;SCAMP3;WDR77;NUP93;EML4;SLC5A6;PRKD3;PRKAR1A;MAP1B;PSME3;FDX1;PSME2;HOXB2;FAR2;ATF3;GNE;NUP205;SET;RETSAT;SAR1B;SHMT2;PRKDC;RPN1;PDGFA;MRPL17;WDR61;BCL10;IQGAP1;MRPL12;MRPL11;RRP7A;PRDX3;FAM171A1;MRPL20;PRDX4;EPB41L2;PDGFD;PRDX1;SERPINH1;ZNF267;FDFT1;JUN;ACD;NSUN5P2;TEX30;H3F3B;TIPARP;EDEM1;EIF2AK3;PRRC2C;NFATC1;NR2F2;MAGOHB;FAM136A;LYZ;MEX3C;MRPL24;PRDX6;HNRNPL;MLLT11;SETX;HNRNPM;GLUD1;UCK2;GLUD2;EHD4;COL1A2;EIF6;FASN;HNRNPD;SFXN1;HYOU1;HNRNPC;FARSA;FERMT2;ARF3;GPI;BTG3;SRP54;PYGL;WDR45;ADO;LITAF;PFAS;CLINT1;WDR43;OSBPL10;CSRP2;AIFM1;HEY1;IMPA1;NKRF;RARS;ANXA7;TIMP1;C11ORF24;DUSP5;BRD2;TPI1;NSUN5;RIPK2;ANXA3;ACTL6A;NSUN3;SSR3;MRPL49;RRAS2;NUTF2;AEN;SERPINB9;FOS;MED27;GNL2;DUSP9;SLC39A14;SERPINB6;SLC7A5;PSMA6;SLC7A6;NSA2;TUBB2B;PSMA4;SLCO4A1;CDC42EP4;PELI1;GART;ARF6;ZNF473;SF3B5;ZNF593;WDR26;CLDND1;HSPA14;SLC7A1;HSPA13;GGA1;SCAF8;BCLAF1;PSMB2;MICALL1;SC5D;FLNB;HARS;CHML;BID;EGLN3;YTHDF2;SMAGP;WDR18;LAPTM5;BYSL;PSMC5;RYBP;TAOK3;LYRM4;FABP5;WT1;PSMC4;ZYX;TSR1;NUCB1;ZNF217;CIAPIN1;PLP2;MSRB1;MTCH2;TUSC3;NAB1;PARK7;APEH;IPO4;LAPTM4B;PIM1;PMPCA;PIM2;SLC16A3;PHLDA1;TMSB10;RAB2A;IFNAR2;MAP2K1;SLC38A1;RNF44;CISH;TPM4;IGFBP4;F2R;GTF3A;UBE2E1;SARS;POLRMT;DGKZ;CDC25B;RBX1;FTSJ3;TPST2;ACLY;RAB31;MAPKAPK3;MRTO4;SNRPG;ADAM9;SNRPE;ERH;FKBP4;CSNK1G2;ANAPC1;FKBP5;DLX2;NOTCH1;MAX;INSIG1;ARL3;MAZ;CREM;ITPR1;UAP1;AK4;HSPBP1;ACAT2;HSP90B1;SOCS2;SLC9A3R1;SOCS3;ATXN1;BTBD1;EIF4EBP1;PGK1;PLXNA1;NAE1;PLTP;MCL1;COA3;AKIRIN1;SDF2L1;GOT1;FUS;TRAPPC4;GFPT1;ASNS;ARPC4;DHCR24;TOR1B;LSM5;MOB1A;G6PC3;BCL6;P4HA1;RHEB;DHCR7;RSL24D1;NES;NOP10;CNIH4;EIF4G2;BCL2L1;EIF4G1;ITGB1;MCFD2;WDR1;AMD1;WDR4;ITGAE;KIAA0100;PIK3CB;BICD2;NRGN;MRPL4;DUSP11;MRPL2;OPA1;PPP6R1;RNPEP;EFHD2;EFHD1;TNPO1;IDH3A;NCK1;EIF5B;ACTR2;HSP90AA1;CERS6;PEG3;AHSA1;NDUFC2;EDF1;REXO2;TNFRSF1A;DNAJC2;SLC25A15;PKM;NPC1;ASPH;DAD1;TMBIM6;DSG2;ITGA5;LCP1;PRPS1;CEBPB;SEC23A;COL15A1;CEBPD;NDUFB2;HSD17B12;IL2RG;HSD17B10;SRM;PPM1G;AP3M2;FCHO1;U2AF2;EIF4H;POLR2E;DNAJB9;POLR2F;IARS2;POLR2H;EIF4E;SH2B3;SEC23B;SLC12A2;SPAG9;PPP1R14B;NDUFA7;CNBP;CYP51A1;CCDC59;PTPN11;TPD52L1;CDC42BPA;HNRNPAB;TPD52L2;SNRNP40;P2RX5;MARCKS;KLF6;SUCLA2;CLEC2B;PSAT1;KIAA0586;IMPDH1;EIF3I;POLR3G;ESF1;PTPN7;SLC25A36;BET1;IFITM3;EPHB6;EIF4A1;IFITM1;IFITM2;CERK;ARL6IP1;SLC35B1;PITPNB;CISD1;OGFOD3;PPP2R2A;THUMPD1;PWP2;PWP1;HERC5;KIAA0930;RPS6KA3;LGALS1;FLAD1;LONP1;RCC1;DENR;SNRPD3;LGALS8;SKP2;TMPO;ALG8;ST6GAL1;IL1R1;METTL1;ALG5;IFRD1;ALG3;ACTN4;ACSL3;TM4SF1;POR;SUB1;CCDC86;TFAM;TRIB3;PFN1;BEX4;MAOB;MAGED1;MGST2;CD1E;TEX261;TXN;ZMPSTE24;CYP27B1;SNX1;SGPL1;RAB11FIP1;RRAS;STC2;DND1;TSPAN4;ASL;SPTBN1;CDR2;PCK2;STAT5A;VASP;RPL39L;EGR1;XRCC6;YES1;EGR3;GADD45B;XRCC5;GADD45A;SMARCA4;MANF;NET1;BST2;RPS26;CYP26A1;ID1;NMU;SDC1;MPHOSPH10;GRB2;CALM3;CD24;CD320;AARS;ECM1;TRAM1;DAZAP1;PPP1R11;SLC35F2;PTGDR2;FKBP14;IDE;SLC7A11;TFB1M;AKAP12;ACTR1A;SEC61G;ENC1;RAC2;DHX15;ARIH2;SDF4;TMED2;CTSH;PHGDH;QSOX1;DLAT;UBXN4;TMED7;SPTAN1;UTP14A;PSENEN;CCT3;CD53;CBR1;TMED9;SEC13;ATP6V0B;MRPS27;WARS;TNFRSF12A;PRMT1;TFE3;NBPF10;RHOG;MRPS2;AMPD2;GAB2;UCHL3;RHOC;APRT;MLF2;RHOB;RAP2C;ENAH;UGDH;KIF2A;GAN;NME7;CD47;CRELD2;FJX1;DBN1;RAB7A;MYCBP;TOMM40;CAB39;SLC20A1;AMIGO2;GNAI3;CAPG;LIMA1;EXOSC5;PGRMC1;CAMK2N1;PES1;MGAT2;CCT8;TBL1X;EMC7;EPS15;PAK2;DCPS;EMC9;GABBR2;RANBP1;NQO2;GCH1;SLC31A1;GAD1;AKR1C1;DOHH;FAH;MPP6;YIF1A;FKBP1A;BOP1;SPCS3;SPCS1;PER3;CCNG2;MARS;HNRNPA2B1;KBTBD2;ESYT1;RAB3GAP1;DPAGT1;FCGBP;SCARB1;GOLT1B;FHOD1;GEMIN2;POGK;BCCIP;COMT;ETS2;CNDP2;TOMM22;NARS;CHCHD2;CCND2;TMEM147;CCND1;PLAU;FAM162A;ARHGDIA;ARHGDIB;DENND5A;G6PD;CASK;ARID5B;DNAJB14;LIG3;WBP11;CCNB1IP1;PDIA5;TUFM;PDIA4;DPM1;PRPF4;TMX4;HNRNPUL1;TMX2;ILVBL;MAP7D1;GEMIN6;VCL;RAI14;IDI1;TMED10;CHRNA5;PSMD14;NOP2;SLC1A4;SLC1A5;HIGD1A;RASGRP2;SEL1L3;CNN2;EBP;TMEM248;YARS;IVNS1ABP;HSPA9;DARS;PRNP;HSPA8;CBX5;TGFB1;SMURF2;SLC52A2;UBE2A;H2BFS;NFKBIA;CHMP2B;DNAJC10;UBE2N;GNAS;SRPRB;DEGS1;BLMH;FGF13;GCLM;DDX47;CHD7;TRIAP1;HMGB1;DDX41;CXCL3;YBX3;CXCL2;ELAVL1;LMNB1;CALB1;NUP62;FLOT1;UQCRFS1;TMEM109;IFT57;HIBCH;RBM6;TGIF1;SRGN;RBM14;H2AFZ;DESI2;CAD;DDX56;TBC1D8;LSR;CTPS1;GLRX2;QRSL1;UTP18;TRDN;ACTA2;TGFBR3;RCN1;SFPQ;TMEM214;RER1;IRF3;NDUFS6;ALDH1A2;CRY1;CHI3L1;PFDN2;DNAH3;RBM47;RALB;HIST1H2BJ;USP11;DDX21;RRBP1;HMGCR;PTHLH;CRYZ;MUC1;CBS;OXCT1;TDG;LEPROTL1;POLD2;TMEM208;BNIP2;STOM;HES1;MAPK6;ABCF2;ABCF1;TIMM8B;ATP13A1;GALNT1;ATP2B1;HSPE1;RPIA;GALE;WEE1;PMP22;CDK2AP1;SPRY2;SLIRP;VIM;SCLY;SSBP1;GLA;CKLF",5.15320334261838,37
"12","vorinostat homo sapiens gpl10558 gse35242 chdir up","547/1617",1.19192548264931e-67,6.9330332240768e-66,0,0,2.00166134232068,308.45127127313,"RPL4;RPL3;TFRC;RPL31;RPL34;SPINT2;TMEM97;EPRS;SMC3;RPL8;CLDN1;RPL9;PSMD8;RNF115;RNF114;CAPNS1;TFG;PSMD4;DPYSL2;MYC;DPYSL3;RPL35;RPL39;GSTK1;ACOT7;RPL21;SCAMP3;EML4;SLC5A6;SCO2;PRKAR1A;PSME3;UNC50;PSME1;JTB;PSME2;RPL24;TMEM126B;RPL26;RPL29;RPL28;UBA52;CDC42SE1;ZNF395;PDXDC1;CTBP1;PRKDC;MEPCE;MRPL17;AKAP17A;GLG1;PRDX3;RIC8A;ABR;NCSTN;RHOT1;NUP85;BLOC1S1;PRDX1;SERPINH1;PNPO;AMZ2;SERF2;CREBBP;SIVA1;TMA7;EIF2AK2;FAM136A;MRPL24;PRDX6;LARP6;HNRNPM;GLUD1;QARS;FASN;FXYD2;TRIP6;FAT1;MMS19;PAM;TMEM9B;HIST2H2AA3;ARF3;GPI;PYGB;BTG1;TCF25;MTMR14;PHF1;RPLP1;ADK;MRPL34;PQBP1;PCMTD2;MRPL41;TRMT112;TUBA1A;FAM102A;AIFM1;TMEM43;OLR1;RPLP2;BRD2;TPI1;DUSP1;RIPK2;ANXA5;PAX6;GNL2;DYNLL1;COQ10B;SRP9;MED28;DDB1;GCHFR;SLC7A5;TUBB2B;TUBB2A;CDC42EP4;SLC29A1;PAFAH1B3;GART;PCYOX1;GRN;SF3B2;ZNF593;STAU1;GSTP1;URM1;RPL12;GPS1;RPL11;PSMB7;EXOSC10;RPS15A;PSMB2;PSMB1;RPL14;RPS3;RPL13;HARS;RPL15;AGA;RPS2;RPS27A;RPL18;EGLN2;WDR18;PSMB8;GTF2H5;RYBP;LAMTOR5;PLOD2;PLOD1;CASC3;PARK7;APEH;FBXO21;RPL10A;MAEA;OSBP;PIM1;SLC16A3;GYG1;TMSB10;AP2M1;TOR3A;USP7;MAP2K1;TLE1;MAP2K2;RPS8;RPS5;F2R;TAP1;RPSA;FBXO11;C12ORF10;CDC25B;RAB32;BSCL2;ARMCX3;ACLY;MAPKAPK3;SYPL1;ERP29;PHIP;S100A4;ZNF674;ANAPC1;FKBP5;CD151;SHC1;TUBGCP2;UBR4;AK4;FOXO3;CORO1B;ACAT2;SLC9A3R1;TPR;NAE1;PLTP;COA3;UROS;M6PR;ASNS;ARPC4;EEF2;MARCH6;NFKB1;LSM2;SCCPDH;CDK6;STK24;RHEB;PIR;PIN1;ACO1;TPP1;CNOT8;SERINC3;OGT;NOP10;NFE2L1;EIF4G2;EIF4G1;BCAR3;WDR1;ETFB;PPP6R3;SUMO2;TNPO1;SLC37A4;HSP90AA1;GPX4;ITGA2;VPS37C;SORD;AHSA1;RPL13A;TFDP1;NPC2;PCCB;TMBIM6;MTRF1L;SLC25A4;CEBPB;CANT1;EI24;NDUFB2;PPM1G;GANAB;SLC25A28;NCLN;EIF4H;POLR2F;IARS2;POLR2H;EIF4B;SLC35A1;NDUFA2;AHNAK2;NDUFA1;PTPN11;TPD52L1;TPD52L2;KLF2;SNRNP40;KLF6;NAGK;EIF3L;EIF3I;PDCD2;EIF3F;SEC24C;TPT1;SPG21;PFKP;EIF4A2;EIF4A1;IFITM1;ARL6IP1;KEAP1;UBE2L6;IFI35;THUMPD1;IFIT2;HERC5;RPS15;RPS14;RPS16;RPS19;RUSC1;LONP1;PIEZO1;RCC1;EIF2D;ATP6V1E1;RPS11;PTGDS;TNS3;RPS12;METTL1;ECH1;ACSL5;CSNK1D;CARHSP1;IFI27;RRAGC;PSG4;CDC37;VDAC3;TRIB3;ATP6V0D1;PFN1;AURKAIP1;CUTA;TMEM87A;MAGED1;TXN;ZMPSTE24;APH1A;TGOLN2;SNX3;RRAS;ZNHIT3;STC2;NEU1;TSPAN4;SCAP;APOE;BANP;VAT1;TMEM50B;BSDC1;PUM1;PTK2;SMARCA4;NET1;BST2;RPS25;RPS27;RPS29;RPL27A;CDC16;SDC1;ECHDC2;CALM3;CD24;RPS21;RPS24;CD320;AARS;DAZAP2;SLC44A4;C2CD2;SLC35F2;CETN2;FAF2;BMI1;PEPD;RAB22A;PPP3CB;XPO1;UIMC1;DHX15;ARIH2;TMED2;PHGDH;QSOX1;CTSB;COX8A;CCT3;ATP6V0B;MRPS27;WARS;PABPC4;NBPF10;TYK2;APRT;MLF2;GAK;UGDH;UFC1;ARHGEF3;ATP6V0C;CD44;DCP2;RAB7A;CD63;TAGLN;FOXC1;CAB39;COX5B;CXORF40A;PGRMC1;ATP6V0E2;PAK2;CA12;DYNC1H1;YIPF3;GAD1;AKR1C3;RPA2;PDZK1IP1;TJP1;BOP1;RIT1;KBTBD2;PNPLA6;ESYT1;FAU;DPAGT1;SCARB1;GALNT11;NARF;CD81;POGK;BCCIP;UBE2Z;SRP14;EEF1B2;AKR7A2;CCND3;AKR7A3;TMEM147;CCND1;BASP1;KHSRP;DENND5A;NRCAM;BANF1;CAPN1;NSF;PHYH;TRAPPC2L;PAM16;NOSIP;SDHC;ATP1B1;COX6B1;PCP4;TMX2;HGS;ILVBL;MAP7D1;NUPR1;RPP25;HIST1H2BD;VCL;SIDT2;RAI14;ATP6V1A;RTN3;VCP;DIABLO;SLC41A3;NOP2;DAPP1;PRPF8;CNN3;TMEM123;CYC1;NDUFV1;YARS;HSPA9;DARS;HSPA8;SLC52A2;PHF11;UBE2A;TMEM230;CLK3;HIGD2A;BMP4;GNAS;PI4KA;CHMP2A;STT3A;SRPRB;UBA1;DYNLRB1;LSM14A;SLC35E2B;UBE2M;RERE;LGALS3BP;DDX47;SLC2A1;YBX1;DDX41;MEA1;HK1;RPS4X;SEC61A1;LASP1;UQCRFS1;CNPPD1;HIST1H1C;TTC37;ABCC4;ATP6AP1;H2AFZ;DESI2;DCXR;TAPBP;EEF1G;RBL2;TGFBR3;CREB1;EEF1D;OAS2;OAS3;PEX5;ATP6V1B2;MYH9;DNASE2;PFDN5;IRF9;PDXK;KDM3B;NXN;HIST1H2BK;SLC3A2;RRBP1;HMGCR;PSMB10;ADD1;NXF1;MUC1;RAB40C;CBS;TDG;POLD2;ERBB2;ABCF1;ZNF185;MX1;SOD2;HSPE1;TTC17;GLB1;PMP22;CHPT1;GLA;FAM50A",4.57038391224863,25
"13","decitabine homo sapiens gpl570 gse30985 chdir up","809/2805",6.07643514943446e-66,3.26257825715789e-64,0,0,1.70658903690578,256.271987114285,"ITSN2;CHIC2;TFRC;SPINT2;RBPJ;PSMD8;PSMD9;LSM12;CAPNS1;PSMD4;MEF2A;CXADR;PRKAR1A;PSME3;RBP1;TXNIP;ATF3;SKAP2;ZNF274;RETSAT;SAR1B;MRPL20;CYB5R1;CYB5R3;PRKAR2A;AMZ2;RSU1;JUN;JAG1;TIPARP;FUCA1;NR2F2;LARP6;COL1A1;MLLT11;EIF6;HYOU1;PSMG2;TMEM9B;ARF3;MTMR14;RPLP1;RPLP0;QPRT;PRKAG2;OSBPL10;PQBP1;MRPL41;TUBA1A;RPLP2;C11ORF24;DUSP5;ELOVL1;DUSP1;NSUN5;EMP1;RRAS2;C6ORF62;DYNLL1;SLC39A14;F3;DUSP6;HIST2H2BE;DDB1;MRPL52;PSMA6;GPRC5A;PLSCR3;PSMA2;PTRH2;RAPGEF2;ERGIC2;ARF6;STAU1;PSMB7;NRAS;TUBA3D;PSMB2;PSMB1;UCP2;FLNB;HARS;FLNC;RABAC1;EGLN1;SMAGP;MBD1;ARCN1;TMCO1;BYSL;LYRM1;PSMC5;PSMC4;C12ORF29;PSMC2;SRRD;TSR1;ZNF217;CIAPIN1;YPEL5;C11ORF58;LIMS1;MTCH2;RASL11B;SAT1;FADS3;LAPTM4B;SLC16A6;BNIP3L;S100A2;UBE2E1;SARS;RBX1;FTSJ3;ACLY;DSC3;DLX2;TXNDC9;MAX;ARL3;TACSTD2;CREBL2;UAP1;FOXO3;CORO1B;ACAT2;HSP90B1;SOCS2;SLC9A3R1;ATXN1;MED31;PGK1;EIF4EBP2;NADK;GOT1;GFPT1;DRAP1;STK24;MDM2;LRCH4;ZNF410;ITGB1;MCFD2;ALAS1;PTEN;FHL2;NXT2;DSE;SUMO2;UPP1;NCK1;DSP;ACTR2;HSP90AA1;CERS6;ITGA2;NDUFC2;ARFGAP3;NPC1;ADORA2B;NPC2;TMBIM1;PCCB;TMBIM6;DSG2;ST6GALNAC4;SLC25A4;SEC23A;NDUFB2;NDUFB1;DRAM1;SH3BP4;FYN;EIF4E;SEC23B;SLC25A24;SLC12A2;SEC24A;NDUFA1;RPL23A;SYT13;TPD52L1;TPD52L2;ATOX1;NELL2;NAGK;EIF3K;EIF3I;EIF3H;PDCD2;STUB1;EIF3F;P4HB;EIF3D;EIF4A2;MT1X;IFI35;IFI30;TXNDC15;LGALS3;MT2A;LGALS1;PEG10;CPNE1;ATP6V1E1;LGALS8;FBXO7;SFMBT1;ALG5;SOAT1;IFI27;CDC37;SUB1;MT1F;MT1G;MT1H;PREB;KCTD12;KDELR3;MXRA7;EIF1B;CES2;MMADHC;EPHA2;SUPT4H1;ZMPSTE24;SNX3;RAB11FIP1;RRAS;NEU1;SNX7;TSPAN1;SNX6;WWTR1;EGR3;MICAL2;RPL27A;CDC16;MYO5C;GRB2;CALM3;CD24;RGL2;FKBP11;DIRAS3;COX7B;MRPS16;PPP1R11;GPAA1;MRPS11;CETN2;AP4E1;BMI1;RAB22A;AKAP12;ACTR1A;ENC1;RAC2;MLX;SDF4;IDS;NANS;CTSB;NDEL1;COX8A;SEC13;FOXD1;APRT;RAP2C;CTTN;UFC1;ARHGEF3;CRELD2;CD44;DYNC1I2;CD63;CAB39;GNAI3;DERL2;NEDD8;COX5B;CXORF40A;PGRMC1;PNMA1;ORMDL2;MGAT2;MSX1;EPS15;CXORF40B;PEX16;DYNC1H1;GCH1;YIPF5;PNMA2;YIF1A;KLHL9;FKBP1A;RIT1;PER3;NARF;ACAA2;BCCIP;PLAT;PRDM1;UBE2Z;ETS2;CCND3;RGS2;CCND1;OSTF1;MORC3;UBE4A;CYBA;TMEM251;COX6B1;TMX2;PPIC;VCP;TSG101;TMED10;PSMD14;DIABLO;HTRA2;PSEN1;HIGD1A;NDRG1;CNN3;TMEM248;NDUFV1;PRNP;SLC52A2;ISG15;UBE2A;H2BFS;IGF2R;TMEM230;GULP1;NAT1;UBE2N;GNAS;AMOTL2;DEGS1;MANSC1;GCLM;GSK3B;DDX47;DDX43;TNFAIP1;TRIAP1;MEA1;RND3;SEC61A1;IFT57;RBM14;BUD31;TBC1D9;UTP18;PJA1;ACTA2;VCAN;RER1;ACOX1;CRY1;IRF7;BLVRB;ATG4B;EAPP;INA;IRF9;OTUB1;TMEM45A;RBM47;MVP;ASAP1;ASAP2;HMGCR;CBL;CLCN3;PSMB10;PDLIM1;POLD4;TNKS2;CRYM;TIMM8B;LAMB3;TAF10;TAF11;CHFR;TTC17;GALE;ERCC1;CD9;CHPT1;GPD1L;VIM;GLA;RPL26L1;FAM50A;CYFIP2;SERPINE2;SERPINE1;RPL8;RPL9;ELK3;RPL7;RNF115;RNF114;TFG;CLP1;NAMPT;AP1S2;PIP4K2A;PXDC1;HOXA1;RPL38;PIP4K2C;RPL37;RPL39;IER5;HOXA5;ACOT9;TSPYL1;FNDC3B;WDR77;DYNC1LI1;RNF128;MAP1B;FDX1;RPL24;HOXB2;UBA52;HOXD1;NEDD4L;WDR61;BCL10;ADH5;PLAC8;RIC8A;PRDX4;CHST11;PRDX1;S100A13;CHST15;SERF2;FDFT1;S100A10;HOXC6;BTF3;RPL41;FZD5;ST13;PLK2;TRIP4;EHD4;RNF103;FARSA;PAM;BTG3;BTG2;BTG1;SERPINA1;WDR41;SRP54;WDR45;ADO;SMG8;UBL5;UBL3;CSRP2;CSRP1;IMPA1;RARS;TIMP1;SERPINB2;ANXA2;ANXA3;TNNC1;SSR3;ANXA5;PAWR;PAX6;AEN;SERPINB9;COQ10B;SERPINB5;GCHFR;TUBB2B;TUBB2A;HBEGF;SF3B5;ASAH1;ZNF593;WDR26;RPL11;HSPA14;TM9SF3;GPNMB;RPL13;RPL15;RPS2;YTHDF1;CDKN2B;GSN;YTHDF3;DHRS1;WDR13;BLCAP;GTF2H5;TM9SF2;TM9SF1;RYBP;OSTM1;ABI1;NUCB2;LAMTOR5;MSRB1;FAM49B;TUSC3;PARK7;TM7SF3;CLU;MAEA;MPC1;PLS3;IL13RA2;GYG1;TMSB10;RAB2A;CSNK1G3;MAP2K1;TPM4;USP3;RPS5;CSGALNACT2;GTF3A;AIP;TAP1;RPSA;RAB32;BSCL2;ARMCX3;ADAM9;FAM8A1;NOTCH2;FKBP2;AK1;UBR4;AK4;BTBD1;DDRGK1;SAFB2;IGFBP6;MCL1;COA3;AKIRIN1;TRAPPC4;DHCR24;TOR1B;MARCH6;CHERP;NSFL1C;MOB1A;COPS6;CNOT6;COPS5;SCCPDH;CDK6;P4HA1;P4HA2;RHEB;CPE;SERINC1;SERINC3;RSL24D1;CNIH4;PLEKHF2;WDR1;DUSP11;GM2A;VPS72;EFHD1;TNPO1;WIPI1;EDF1;REXO2;DALRD3;DAD1;RPL37A;RAB1A;GTF2A1;SEMA3C;EI24;RPL36A;GLRX;DNAJB1;DNAJB4;DNAJB9;POLR2F;CTNNAL1;POLR2L;SPAG9;IDH3G;CYP51A1;KLF4;PNRC1;ASS1;KLF6;MFAP1;APOC1;TPT1;PFKP;IFITM3;GLTP;IFITM2;SPARC;ARL6IP1;SLC35B1;PITPNA;CISD1;AQP3;PWP1;RPS16;RPS19;RPL36AL;RPS18;FTH1;ARL6IP5;SOX9;RPS11;TNS4;B2M;RPS12;PDK1;AGFG1;CPT1A;ATP6V0E1;IFRD1;HLA-B;KRT7;HLA-C;HLA-F;MRPS18C;RRAGC;ATP6V0D1;AURKAIP1;BEX4;CUTA;MAOB;STXBP1;MGST3;CSTF2;KLK5;TWF1;NMD3;TXN;KLK8;KLK7;SGPL1;ZNHIT1;INPP5F;DND1;HIST1H3H;ASL;TRPM6;SPTBN1;BANP;VAT1;VASP;RPL39L;PTPRN2;GADD45B;TMEM50B;GNG11;PARP12;RPS25;CABYR;RPS27;RPS29;RPS20;HIST1H4D;RPS24;TRAM1;CLIC4;GDI1;CITED2;KRT23;EPM2AIP1;EPB41L4B;UCHL1;SEC61G;CHMP1A;ANKRD1;TMED2;TMED7;PSENEN;CBR1;ATP6V0B;RHOF;UCHL3;RHOC;RHOD;RHOB;CLDN11;PRPF18;NME7;AIDA;ATP6V0C;RAB7A;SLC20A1;AMIGO2;NOL9;UQCR11;RASIP1;CST3;NT5E;SHOC2;EMC7;SLC31A2;SCD5;AP3D1;TJP1;SPCS3;KRT19;SPCS1;KRT17;KRT15;RAB9A;FAU;GOLT1B;ARID4B;CHCHD2;TMEM147;FAM162A;HIST1H2AG;TMEM14B;NSF;TRAPPC2L;NOSIP;ATP1B1;DPM1;PREPL;HIST1H2BF;HIST1H2BE;HIST1H2BH;HIST1H2BD;HIST1H2BC;ABCG2;ATP6V1A;IDI1;COPA;COPB1;COX7A2;DPP3;SDCBP;SCIN;ATP6V1H;HSPA8;SMURF2;ARHGAP29;NR4A2;DAP;CAPRIN1;CHMP2B;CHMP2A;SRPRB;DYNLRB1;LRP10;ZCCHC2;ACADVL;SOWAHC;HSPB8;USP34;SLC2A1;HK1;CASP7;MFSD1;HIST1H1C;SRGN;USP46;ABCC4;DESI2;DCXR;PLAUR;RPS3A;LSR;IQCG;DCN;COL6A3;RBMS1;TERF2IP;PFDN5;PDXK;HIST1H2BI;NXN;TUFT1;USP11;HIST1H2BK;ATP1A1;TM2D3;TOB2;DDT;LEPROTL1;MAPK1;STOM;HES1;MAPK6;MLPH;CDK2AP1;SSBP1",3.70828182941904,30
"14","hydrocortisone homo sapiens gpl570 normal scar gds3071 chdir up","439/1191",7.25267895186265e-66,3.61597850600009e-64,0,0,2.18105217136413,327.134368982286,"NCKAP1;CHIC2;SERPINE2;SERPINE1;XYLT1;HNRNPU;RBPJ;BACH1;MYLK;GJA1;CAPNS1;ZMIZ1;DPYSL2;CREB3L1;DPYSL3;CYP1B1;PXDC1;IER2;RBFOX2;FNDC3B;DICER1;CH25H;PRKAR1A;UNC50;MAP1A;YME1L1;TSPYL4;CFB;CFD;CRABP2;CTBP1;GATA6;BCL10;GLG1;RIC8A;CYB5R3;PRDX4;SERPINH1;RSU1;ST3GAL1;SERF2;HOXC6;JUN;CADM1;H3F3B;ST13;PLK2;LARP6;PBX1;COL1A1;COL1A2;FAT1;SNAI2;HYOU1;FXYD5;HNRNPC;CDK13;PAM;FERMT2;MRC2;TUBA1A;CSRP2;UBL3;TRIM2;RPLP2;ANXA7;TIMP1;TPI1;ANXA5;SSR3;BGN;PAWR;EMP2;C6ORF62;F3;SRP9;SLC7A5;PLSCR3;PIGK;PLIN3;CRYAB;PCYOX1;KANK2;LRRC15;GRN;WDR26;SLC7A1;HSPA13;TM9SF3;GPNMB;OLFML3;CLPTM1;HAS2;FLNC;RABAC1;EGLN1;FARP1;GSN;CRBN;YTHDF3;KIDINS220;SULF1;TM9SF2;COL3A1;ABI1;ZYX;ZNF217;NUCB1;AGRN;YPEL5;CRLF1;NUCB2;LIMS1;TUSC3;TNC;PLOD3;PLOD2;PLOD1;AHR;CLU;CDH2;SLC16A3;PHLDA1;MAP3K4;RAB2A;BNIP3L;CSNK1G3;SLC38A1;MAP2K2;IGFBP5;IGFBP4;FST;IGFBP3;UBE2E1;SARS;ARMCX3;ACLY;RAB31;ERP29;S100A4;PHIP;FKBP9;DLX2;CD151;SHC1;INSIG1;RHOBTB3;UAP1;NREP;AEBP1;HSP90B1;SOCS2;ATXN1;PGK1;ANKRD10;DVL3;IGFBP6;SOCS5;ZBTB18;OSBPL8;GFPT1;MARCH6;P4HA1;RHEB;P4HA2;SP3;MDM2;PLXNB2;CPE;TPP1;SERINC1;SERINC3;OGT;NFE2L1;EIF4G2;RNF187;ITGB1;RNF13;WDR1;FHL2;ATRAID;LBH;CAPZB;SUMO2;PMEPA1;CEP170;NPIPA1;EMX2;HSP90AA1;PPP1R12A;DST;ITGA2;NDUFC1;PKM;ASPH;NPC2;TMBIM6;PRPS1;RAB1A;GTF2A1;SEC23A;COL15A1;C1S;SEMA3C;RAB1B;GANAB;DRAM1;U2AF2;SH3BP4;UBQLN2;NDUFA5;KLF4;OXR1;MYO1B;MARCKS;KLF6;TSPAN13;CLEC2B;PSAT1;MFAP2;MGAT4B;CD248;P4HB;KCNK2;RECK;SLC25A36;TPT1;EIF4A2;IFITM1;SPARC;KDELR1;MT1M;LGALS3;EFR3A;FTH1;BSG;SOX9;B2M;SOX4;ACVR1;ATP6V0E1;LIMCH1;IFRD1;HLA-B;HLA-C;ACTN4;PSG9;MXRA8;MXRA7;PFN1;ATP6V0D1;MXRA5;NBL1;MMADHC;STXBP1;TGOLN2;SNX3;RRAS;STC2;TSPAN4;GSE1;CTSA;VAT1;WWTR1;MICAL2;SMARCA2;GNG11;EXT1;EXT2;RPS27;STAG2;ID1;SDC1;CALM3;RGL1;DAZAP2;ECM1;GDI1;GPAA1;PTPRK;SLC7A11;MAGT1;N4BP2L2;PTPRF;CTSK;IDS;SDF4;TMED2;QSOX1;TMED7;CTSD;CTSB;HTATIP2;TMED9;FOXD1;TNFRSF12A;NBPF10;ZDHHC17;ITFG1;RHOB;CLDN11;CTTN;MDFIC;WAC;CD47;AIDA;ATP6V0C;CD44;DBN1;RAB7A;CD63;TAGLN;AMIGO2;PTN;GNAI2;CST3;LIMA1;PGRMC1;NT5E;OS9;MSX1;TBL1X;EMC7;YIPF5;PLEKHA5;AKR1C3;VEGFC;KLHL9;AXL;CCNG2;TCEA1;RAB3GAP1;CD81;NUCKS1;ARID4B;SRP14;NR3C1;COMT;RGS2;CCND1;ARHGDIA;DENND5A;PAMR1;TMEM14B;PDGFRA;RALBP1;WNT5A;ARID5B;DNAJB14;ATP1B1;PDIA4;ALDH3A2;PREPL;TMEM258;COL4A2;HGS;MASP1;PPIC;RTN3;COPA;TMED10;SEL1L;HTRA1;SLC1A5;NDRG1;CNN3;SDCBP;PODXL;CD99;HSPA9;PRNP;SMAD1;HSPA8;TGFB1;AUTS2;SMURF2;EPHX1;INHBB;UBE2A;INHBA;TMEM230;SMAD7;COL5A1;GNAQ;CHMP2B;GNAS;STT3A;AMOTL2;TGFBI;LRP10;LSM14A;SLC35E2B;GSK3B;CXCL6;THRB;PRKCSH;HSPB8;HMGB1;PKD2;RND3;SEC61A1;NPTN;MFSD1;LRRFIP2;MYBL1;ABCC1;ARHGEF12;ATP6AP1;MMP2;PLAUR;PPP2R5C;GREM1;VCAN;CREB1;RASA4;PEAK1;PPDPF;COL6A2;COL6A3;RBMS1;TERF2IP;COLEC12;RRBP1;SLC3A2;AGPAT1;THBS2;TNKS2;SPOCK1;MAPK6;SASH1;PRAF2;ATP2B4;C14ORF132;SOD2;MEIS2;ABHD17A;CDK2AP1;VIM;ATP13A3",3.87243735763098,17
"15","estradiol homo sapiens gpl96 gse4668 chdir up","384/980",1.57069089605715e-65,7.30894830298594e-64,0,0,2.3185605603188,345.96752769577,"EIF4A2;RPL4;RPL3;RPL31;RPL34;ZDHHC7;SPATA20;IFI30;RPL8;AQP3;RPL7;EPS8;LGALS3;EFR3A;RPS16;PSMD4;CAPNS1;RPS19;RPL36AL;RPS18;ZMIZ2;MYC;FTH1;TRIM24;TNFSF10;RPL36;ARL6IP5;PIEZO1;RPL35;RPL37;RPS11;RPL39;JUNB;IER2;CDK5RAP3;RPS12;FNBP4;TSPYL2;GSTK1;CPT1A;ATP6V0E1;RPL23;CSNK2A2;ECH1;SLC11A2;SLC6A14;GOLPH3L;LDOC1;ACTN4;ACSL3;DHX40;COX7A2L;ZC3H11A;ETHE1;SUB1;NINJ1;FDX1;AKAP9;PSME1;KDELR3;RPL26;LETMD1;RPL29;ATP6V0D1;RPL28;UBA52;MMADHC;ATF4;CUTA;LXN;SET;CRABP2;IGSF3;SUPT4H1;PIK3R3;GATA3;PIK3R1;SNX3;CYB5R1;LARP1;STC2;NEU1;S100A13;CHST15;HIST1H3H;TSPAN1;SNX5;SERF2;CTSA;BTF3;SURF1;RPL41;PHC2;JUP;H3F3B;ST13;LRBA;PLK2;NR2F2;PUM1;ALDH6A1;RPS27;STAG2;QARS;FXYD3;RPS29;RPL27A;GOLGB1;MYO5C;PPT1;HIST1H4H;RPS20;MAGED2;PSMG2;CD24;RGL2;HIST1H4D;RPS21;TMEM9B;ARF3;DAZAP2;BTG2;BTG1;PPP1R11;TCF25;CITED2;RPLP1;PIGP;RPLP0;PTPRK;PTPRF;PQBP1;PCMTD2;XPO1;TMEM43;CSRP1;RPLP2;CTSH;UTP14A;BRD3;ZHX2;PABPC4;GAA;NBPF10;PAWR;C6ORF62;GFRA1;RHOC;HIST2H2BE;APRT;RHOB;PSMA6;RNF167;NSA2;GPRC5A;PLSCR3;CTTN;CSDE1;UFC1;CD47;DLD;DCP2;HLA-DQB1;DYNC1I2;ASAH1;GRN;STAU1;URM1;RPL12;AMIGO2;NEDD9;CRIP2;COX5B;TANK;AKAP1;CST3;GGA1;CXORF40A;LIMA1;RXRA;ERMP1;RPS15A;OS9;CAMK2N1;UCP2;RPL14;RPL13;RPL15;RPS2;RPL18;P4HTM;PAK2;RPL17;RNF130;CXORF40B;PEX16;NPDC1;CRBN;YIPF3;AKR1C1;AKR1C3;TAOK3;OSTM1;NFIB;CCNG2;SGSM2;ZNF217;FAU;YPEL5;PNPLA2;TJP2;ACAA2;MPG;NDUFA10;SRP14;RPL10A;COMT;SAT1;CLU;EEF1B2;NARS;ABHD11;APMAP;FAM162A;PMPCB;NRCAM;GYG1;MYLIP;IK;SLC38A1;TPM4;RPS7;IGFBP5;USP3;RPS5;RPS6;SARS;UBE4A;NOSIP;SDHC;CYBA;RPSA;KCTD3;ATP1B1;CCNB1IP1;C12ORF10;COX6B1;TUFM;ZNF91;ILVBL;SCNN1A;ARMCX6;ERP29;HIST1H2BF;ADAM9;COL4A5;HIST1H2BG;HIST1H2BD;PPIC;ATP6V1A;KHDRBS1;TSG101;MAZ;SEL1L;TACSTD2;RHOBTB3;COX7A2;FOXO3;CORO1B;RAP1GAP;SOCS2;SCUBE2;BTBD1;DDRGK1;TPR;NDUFV2;ZKSCAN1;MCL1;IVNS1ABP;TFAP2A;HSPA8;TIA1;FUS;DHCR24;H2BFS;EEF2;MARCH6;HIGD2A;EFNA1;NFKBIA;MAFB;SCCPDH;NAT1;GNAQ;CAPRIN1;MKRN1;CHMP2B;CHMP2A;TPP1;SERINC1;PI4KB;SERINC3;LRP10;OGT;RSL24D1;RNF187;BCL2L1;PLEKHF2;PSCA;USP34;PTEN;HMGB1;RND3;HEBP1;RPS4X;ENOSF1;C9ORF16;MFSD1;PGLS;GUSB;HIST1H1C;RBM14;TBC1D9;RPL13A;NIPSNAP1;RBL2;DALRD3;EEF1D;CTDSP1;RPL37A;TOP1;FBP1;PFDN5;OTUB1;LAMA5;TUFT1;RAB1B;HIST1H2BK;RPL36A;NDUFB1;SEMA3F;TM2D3;AGPAT1;CLCN3;AGPAT2;PDLIM1;SELENBP1;RMND5B;POLD4;DRAM1;DNPEP;RAB25;ERBB3;ERBB2;STOM;HES1;SEC11A;ATP9A;EIF4B;MAPK3;IGBP1;SLC35A1;IDH3G;USP22;SEMA4C;NDUFA1;RPL23A;PNRC1;SLC25A38;MYO1B;NAGK;TSPAN13;MLPH;EIF3K;EIF3L;GLB1;EIF3H;CD9;EIF3E;EIF3F;GPD1L;SMAP1;EIF3D;TPT1",6.25,24
"16","gemcitabine homo sapiens gpl96 gse6914 chdir up","593/1897",1.26566772249087e-59,5.5214754393664e-58,0,0,1.8496972797285,250.850249229706,"RPL4;RPL30;RPL3;MAML1;RPL31;RPL34;TMEM97;SMC3;RBPJ;RPL8;PHB2;LIPA;RPL9;TPGS2;EPS8;PSMD8;GJA1;RNF115;RNF114;TFG;PSMD4;MYC;NAMPT;RPL36;RPL35;RPL38;PIP4K2C;RPL37;PRKACB;CDK5RAP3;FNBP4;CXADR;RBFOX2;ACOT7;RPL23;WDR74;GTPBP1;NUP93;ARMC6;ZC3H11A;PSME3;FDX1;UQCRC1;PSME1;RPL24;YME1L1;RPL26;LETMD1;RPL29;RPL28;UBA52;CDC42SE1;NAA60;POM121;SET;PRKDC;MRPL17;WDR61;ATXN7L3B;ADH5;SULT1A1;PRDX4;PRKAR2A;S100A13;S100A14;PROM1;GSTM4;NAA50;BTF3;RPL41;JAG1;CHKB;TEX30;SIVA1;H3F3B;TIPARP;ST13;FUCA1;PLK2;LRBA;PBX2;TRIP4;PRRC2C;NFATC1;MRPL24;PRDX6;XKR8;HNRNPM;GLUD1;UCK2;QARS;EIF6;FXYD3;FASN;TRIP6;PPT1;ATG2A;SFXN1;PAM;BTG2;BTG1;PIGT;RPLP1;RPLP0;HEXA;ADK;SRP54;TCF20;ADO;WDR43;BBC3;PQBP1;PCMTD2;UBL3;CSRP2;TMEM43;CSRP1;TCTN2;RPLP2;ANXA7;ELOVL1;TPI1;NSUN5;RIPK2;NSUN3;MED27;GNL2;COQ10B;SERPINB5;MED28;DDB1;MZT2B;MZT2A;PSMA6;NSA2;AFTPH;PLSCR3;PSMA2;PTRH2;PIGL;GART;SF3B4;SF3B5;GRN;ASAH1;SF3B2;CLDND1;RPL12;RPL11;SLC7A1;TANK;PSMB7;GGA1;RPS15A;PPP1R8;PSMB1;RPL14;RPS3;RPL13;STX4;HARS;RPL15;AGA;RABAC1;RPL18;RPL17;SF3A1;CDKN2A;LYRM1;DHRS7;PSMC5;RYBP;OSTM1;LYRM4;FABP5;PSMC2;TSR1;CIAPIN1;AGRN;SIGLEC6;LIMS1;FAM49B;IRS1;ZBTB20;PARK7;FBXO21;RPL10A;SAT1;FADS3;LAPTM4B;FGF9;MPC1;NFATC2IP;PMPCB;PMPCA;NBN;PHLDA1;GYG1;MAP3K4;AP2M1;RAB2A;IFNAR2;IK;RPS7;USP3;RPS5;RPS6;GTF3A;VRK1;POLRMT;C12ORF10;RBX1;BSCL2;RAB31;MAPKAPK3;MFNG;MRTO4;ARMCX6;PHIP;SNRPE;ERH;FKBP9;ANAPC1;DSC3;NOTCH2;KHDRBS1;TXNDC9;RAB5C;UBR4;BTBD1;TPR;NAE1;OSBPL8;TIA1;FUS;UROS;TRAPPC4;GLMN;M6PR;EEF2;MARCH6;ZZEF1;MOB1A;G6PC3;TPP1;DHCR7;CNOT8;OGT;RSL24D1;SNAP25;SLC25A3;ALAS1;WDR1;AKAP8L;FHL2;SUMO4;ITGAE;NENF;ETFB;KIAA0100;DUSP11;MRPL2;GM2A;ACP2;SLC37A4;IDH3A;DSP;EIF5B;ACTR2;SORD;RPL13A;NIPSNAP1;ARFGAP2;SLC25A16;SLC25A15;TFDP1;TFDP2;ASPH;TMBIM1;MCM5;DSG2;LCP1;PRPS1;RAB1A;ROCK1;NDUFB6;RAB1B;EI24;NDUFB4;CXXC1;RPL36A;NDUFB1;HSD17B10;ABLIM1;RAB25;EIF4H;IARS2;E2F4;POLR2H;SEC11A;SEC23B;CTNNAL1;EIF4B;SLC12A2;NDUFA6;NDUFA5;CNBP;NDUFA2;DDHD2;RPL23A;TPD52L1;KLF4;HNRNPAB;PNRC1;ASS1;SLC25A38;MARCKS;PFKL;EIF3K;MFAP1;EIF3L;EIF3H;PDCD2;EIF3E;EIF3F;EIF3D;TPT1;SLC25A36;BET1;EIF4A1;IFITM1;PITPNB;PITPNA;ZDHHC7;CALML4;PWP1;RPS15;LGALS3;RPS14;EFR3A;RPS16;GOLGA5;RPS19;RPL36AL;PEG10;FTH1;CPNE1;PIEZO1;ARFIP2;DENR;SNRPD3;ATP6V1E1;RPS11;CCNL1;TRIM21;B2M;TRIM22;RPS12;TMPO;AGFG1;SRRM2;ALG8;ALG5;HLA-B;HLA-C;ACSL5;ACSL3;COX7A2L;KEL;PSG4;CDC37;SUB1;ATP6V0D1;AURKAIP1;EIF1B;TP53;TRIB2;MMADHC;CUTA;TMEM87A;ANP32A;IGSF3;MAGED1;IGSF1;MGST3;KLK8;APH1A;SNX3;DHX30;SCFD1;ZNHIT3;APOE;RCE1;BANP;VASP;EGR1;XRCC6;XRCC5;GADD45A;PUM1;SMARCA4;RPS26;MSRA;RPS27;RPS29;ID1;PDE3A;SDC1;RPS20;MAGED2;ALDH18A1;CD24;RPS21;SPRR1A;RPS24;CD320;FKBP11;DAZAP2;COX7B;TRAM1;MRPS16;MRPS11;CTSZ;PTPRK;TFB1M;RAB22A;PTPRF;XPO1;SCML1;SLC22A18;TMED3;DHX15;MLX;ARIH2;COX8A;CCT3;APOBEC2;MRPS27;PRMT1;GAA;NBPF10;GP1BA;UCHL3;RHOD;CTTN;UFC1;EEF1E1;RAB7A;CD63;GNAI3;COX5B;TYMS;RASIP1;AKAP1;CST3;ANKMY2;OS9;PES1;SHOC2;EMC7;PAK2;DCPS;PEX16;DYNC1H1;MPP3;GAD1;YIPF5;KLHL9;BOP1;FAU;PNPLA2;GALNT11;STEAP3;CD81;NDUFA10;NUCKS1;UBE2Z;NR3C1;COMT;EEF1B2;CHCHD2;FAM162A;ARHGDIA;TMEM14B;NSF;PHYH;TRAPPC2L;UBE4A;ARID5B;SDHC;CCNB1IP1;PDIA5;COX6B1;TUFM;DPM1;ALDH3A2;TMEM134;ILVBL;ATP6V1A;RTN3;PSMD14;DAPP1;HIGD1A;PRPF8;CYC1;NDUFV2;NDUFV1;DARS;HSPA8;CPSF7;PHF11;ISG15;QDPR;BMP4;NR4A2;GCLC;GNAQ;CAPRIN1;CHMP2B;CHMP2A;SRPRB;TCF3;PI4KB;LSM14A;UBE2M;RERE;GSK3A;ACADVL;USP34;SLC2A1;PCTP;TRIAP1;HMGB1;HS2ST1;RPS4X;HEBP1;ENOSF1;C9ORF16;MFSD1;UQCRFS1;TMEM109;MAN1A1;IFT57;GUSB;DCXR;CYP4A11;CAD;DDX56;PLAUR;RPS3A;MMP8;UTP18;DCN;EEF1G;SFPQ;RER1;IRF3;IRF1;CRY1;BLVRB;ATG4B;PFDN2;EAPP;PFDN5;ITGB3BP;OTUB1;PAPPA2;PON3;TUFT1;PON2;DDX21;HMGCR;CRYZ;PDLIM1;NXF1;DNPEP;TDG;TYW1;CAMK2G;TIMM8B;IGBP1;GALNT3;GALNT1;TAF10;ATP2B4;C14ORF132;HSPE1;TTC19;CHPT1;ATP13A3;SSBP1;CKLF;RPL26L1",4.89038785834739,29
"17","estradiol homo sapiens gpl570 gse16683 chdir up","425/1195",1.40890385934342e-58,5.78479349306885e-57,0,0,2.10442920452576,280.324960726085,"RPL30;RPL3;SERPINE1;RPL8;PHB2;PSMD8;PSMD4;CAPNS1;MYC;PSMD3;DPYSL3;RPL36;AKT1;RPL38;CSNK2A2;SND1;SCAMP3;NISCH;ETHE1;UQCRC1;PSME1;JTB;RPL29;RABL6;NAA60;LRPAP1;LXN;PDXDC1;SHMT2;CTBP1;RPN1;MRPL12;RIC8A;FAM171A1;S100A13;SERPINH1;FDFT1;PHC2;JUP;H3F3B;BRAF;MRPL24;PRDX6;CS;HNRNPM;FIBP;EHD4;SLC6A8;EIF6;QARS;TRIP6;HYOU1;FXYD5;EZH1;ARF3;GPI;BTG1;MTMR14;RPLP0;HEXA;LPCAT1;MRPL34;TRMT112;UBL5;CSRP1;TIMP1;TPI1;DUSP1;SPHK1;BGN;MRPL49;DYNLL1;SLC39A14;FAHD2A;SERPINB6;DDB1;SLC7A5;MZT2A;BACE2;TUBB2B;SLC29A1;PCYOX1;GRN;STAU1;GSTP1;URM1;PTGS1;GGA1;BCLAF1;SRPX2;LMAN2;RPL13;STAT6;FLNB;RPS2;RABAC1;BID;RNF130;FARP1;GSN;LAPTM5;WDR13;PSMB8;DHRS3;OSTM1;ZYX;NUCB1;PLP2;MTCH2;PLOD3;PLOD1;RPL10A;CLU;FADS3;LAPTM4B;APMAP;FCGRT;PMPCA;SLC16A3;AP2M1;TPM4;IGFBP4;RPS6;SARS;ATP11B;DGKZ;C12ORF10;MFNG;FSCN1;ERP29;SNRPE;FKBP4;NOTCH3;CD151;RAB5C;TUBGCP2;SHC1;MAZ;GLT8D1;UBR4;HSP90B1;SNN;EIF4EBP1;EEF2;LSM2;DRAP1;STK24;PIR;PLXNB2;TPP1;DHCR7;NES;NFE2L1;BCL2L1;EIF4G1;WDR1;FHL2;PTEN;ETFB;CAPZB;PGLS;GPX4;RPL13A;NDUFC1;EDF1;TNFRSF1A;DALRD3;DAD1;TMBIM1;ITGA5;NDUFB2;RPL36A;MLLT1;SEMA3F;PPM1G;GANAB;EIF4H;POLR2E;SH3BP4;SH2B3;WASF2;POLR2L;IDH3G;MBOAT7;CNBP;NDUFA2;AHNAK2;NDUFA1;RPL23A;CDC42BPA;ATOX1;PFKL;EIF3K;EIF3L;EIF3I;MFAP2;MGAT4B;STUB1;P4HB;SLC25A36;PFKP;TPT1;IFITM3;EIF4A1;IFITM1;IFITM2;SPARC;FAM89B;MT1X;SPATA20;UXT;LGALS3;MT2A;RPS16;RPS19;PPP2R1A;RPS18;ANPEP;RPS6KA2;CPNE1;PIEZO1;ARFIP2;FBXO7;HLA-B;KRT7;HLA-C;ACTN4;TM4SF4;HLA-F;CDC37;MT1F;CCDC86;MT1G;MT1H;SUCLG1;TTLL12;TLN1;PFN1;ATP6V0D1;AURKAIP1;TP53;EPHA2;CUTA;MAGED1;TEX261;DHX30;RRAS;DND1;TSPAN4;CTSA;VAT1;GADD45B;XRCC5;MICAL2;SMARCA2;SMARCA4;EXT1;RPS26;MAGED2;RGL2;SLC2A4RG;AARS;FKBP11;PPP1R11;GDI1;PTPRF;ACTR1A;ACTR1B;RAC2;ARIH2;TMED3;SDF4;QSOX1;NANS;UTP14A;SPTAN1;CTSB;COX8A;CCT3;SEC13;WARS;PRMT1;PABPC4;RHOG;MRPS2;NME4;RHOC;APRT;MLF2;GAK;CEACAM5;CRELD2;FJX1;ATP6V0C;FOXC2;TAGLN;MRPS34;NEDD8;CAPG;CRIP2;UQCR11;TYMS;STX10;GNAI2;CST3;NT5E;OS9;ORMDL2;LY6G6C;IL32;NPDC1;DYNC1H1;YIPF3;YIF1A;PPP1CA;FKBP1A;SPCS1;DLC1;MARS;HNRNPA2B1;FAU;NARF;CD81;FHOD1;HDLBP;UBE2Z;COMT;CCND2;TMEM147;ARHGDIA;WWC3;BANF1;TMEM14B;SH3GL1;G6PD;SPINK5;NOSIP;PDIA5;TUFM;DOK2;PRPF6;COL4A2;COL4A1;HGS;MAP7D1;IDI1;VCP;COPA;TMED10;SLC41A3;HTRA1;PRPF8;PLD3;CYC1;NDUFV1;CD99;IVNS1ABP;MPST;HSPA8;CRTAP;TGFB1;CPSF1;SLC52A1;POU2F2;HIGD2A;NFKBIA;COL5A1;GNAS;CHMP2A;MAN2B1;PI4KB;COPE;ACADVL;PRKCSH;DDX41;YBX1;MEA1;HK1;FLOT1;UQCRFS1;TMEM109;GUSB;POLG;ABCC4;RBM14;ABCC1;ATP6AP1;MMP2;CAD;ARID1A;TAPBP;TGFBR2;EEF1G;TMEM214;RER1;EEF1D;PPDPF;BLVRB;RBMS1;MYH9;OTUB1;PDXK;MVP;SLC3A2;ATP1A1;ADD1;POLD4;DNPEP;MTA1;CBS;NT5DC2;POLD2;SPOCK1;STOM;MAPK3;NAA10;TAF10;PRAF2;TAF11;SGTA;SLC50A1;GLB1;ERCC1;VIM;FAM50A",5.17647058823529,22
"18","valproic acid homo sapiens gpl6883 gse26940 chdir up","933/3508",2.05742171923003e-58,7.97822422234754e-57,0,0,1.57374859155405,209.038636131114,"CHIC2;LIPA;MYLK;SCAMP5;PSMD9;LSM12;CAPNS1;MPRIP;DPYSL2;DPYSL3;TMEM8A;GSTK1;WDR83OS;RBFOX2;CSNK2A2;RNASE4;LDOC1;PHKA1;RFX1;EML4;CH25H;UNC50;RBP1;UQCRC1;JTB;TMEM126B;ATF4;ZNF274;SET;RETSAT;CRABP2;AGAP1;MRPL17;ZC3HAV1;BAZ2B;ABCB9;CYB5R1;MRPL20;RHOT1;CYB5R3;PDGFD;AMZ2;RSU1;ABCA1;CREBBP;JUN;JUP;TEX30;CADM1;TIPARP;EDEM1;LRBA;TMA7;PBX2;NR2F2;MRPL24;LARP6;MLLT11;COL1A1;CS;COL1A2;TBL2;PSMG2;TMEM9B;ARF3;PIGT;RPLP1;QPRT;HEXA;RPLP0;PIGP;MRPL34;LITAF;MRPL35;PCMTD2;TRMT112;HEY1;TMEM43;RPLP2;APPL2;RING1;ACTL6A;EMP1;FOS;DYNLL1;SLC39A14;DUSP6;MMP10;HIST2H2BE;SRP9;MED28;PLSCR3;PELI1;CHST1;DLD;ARF5;KANK2;LRRC15;STAU1;URM1;COL11A1;LRRC17;PTGS2;HLA-DMA;EXTL2;SRPX2;PSMB1;STAT4;C11ORF49;HAS2;STX4;RPS27A;CRBN;SMAGP;MBD1;SAMD4B;ARCN1;LYRM2;COL3A1;LYRM4;PSMC4;FABP7;GID8;ZNF217;YPEL5;LIMS1;RASL11B;NAB1;PLOD2;CASC3;PLOD1;FBXO21;OLFML2A;SAT1;LAPTM4B;OSBP;PIM1;MAP3K4;AP2M1;MYLIP;IK;UBE2E1;SARS;CNPY3;FBXO11;TPST2;SLC9A6;MAPKAPK2;S100A4;LY6H;PLA2R1;SHC1;ARL3;MAZ;GSTT2;NREP;FOXO1;RAP1GAP;ATXN1;EIF4EBP2;SOCS5;TIA1;UROS;FBXO34;ARPC4;FOXN3;DRAP1;G6PC3;RGCC;ACO1;OGT;NOP10;ITGB1;SLC25A1;SNAP25;SLC25A3;PTEN;ETFB;ATRAID;BICD2;CAPZB;DSE;SUMO2;PMEPA1;PGLS;SPG11;NCK1;EMX2;CERS6;ITGA2;NPC2;ITGA5;FOCAD;CANT1;C1S;NDUFB6;C1R;PRCP;GANAB;SLC25A28;KATNA1;EIF4H;SH3BP4;FYN;SH2B3;SEC23B;EIF4B;ATP9A;UBQLN2;CYB5A;NDUFA1;RPL23A;ATOX1;GZMH;MYO1B;NAGK;EIF3L;EIF3E;CD248;EIF3F;KCNK2;RECK;SMAP1;SPG21;AHCYL2;SMARCB1;KDELR1;UBE2L6;UXT;LGALS3;EFR3A;LGALS1;ANPEP;TNFSF10;SEC62;FBXO7;TRIM22;SCN1B;ACVR1;ST6GAL1;ATP6V1G2;ECH1;DHX40;GNPAT;CFDP1;SUB1;MXRA8;MXRA7;KDELR3;ALPK1;RIN2;TP53;MXRA5;EIF1B;TRIB2;CES2;MMADHC;PEX11B;SUPT4H1;CEND1;PIK3R1;ZMPSTE24;APH1A;SNX3;NEU1;APOE;SNX7;CTSA;EGR1;EGR2;SURF1;XRCC5;MICAL2;BSDC1;IFI44;SMARCA2;NET1;EXT2;LPAR6;RPL27A;SDC1;GRB2;CALM3;DHX29;RGL1;AARS;COX7B;ECM1;PPP1R11;GPAA1;CETN2;CTSZ;TECR;PTPRK;PEPD;BMI1;RAB22A;CTSO;ACTR1B;NMRK1;CTSK;ENC1;SDF4;IDS;QSOX1;CTSD;CTSB;COX8A;FOXD1;MME;NBPF10;RAP2C;CTTN;KIF2A;ARHGEF3;CD47;MICU1;CRELD2;FJX1;DBN1;CD44;DYNC1I2;CD63;TAGLN;CAB39;STX16;SATB2;HSD17B4;COX5B;RELA;STX10;CXORF40A;PGRMC1;OS9;PNMA1;MSX1;EPS15;CXORF40B;GABBR2;PEX19;AKR1C3;YIF1A;KLHL9;FKBP1A;RIT1;CCNG2;SGSM2;TCEA1;GRINA;DPAGT1;NARF;CD82;CD81;WBP1L;PLAT;PRDM1;SRP14;EEF1B2;AKR7A2;RGS2;CCND2;AKR7A3;PLAU;WWC3;CAPN1;OSTF1;PAMR1;PDGFRA;G6PD;ACOT13;CASK;UBE4A;TBC1D2B;GEM;COX6B1;TMX4;HNRNPUL1;VCL;SIDT2;PPIC;TSG101;TMED10;UBA5;HTRA1;HTRA2;SLC1A3;HIGD1A;NDRG1;PLD3;CNN2;KIF3B;TMEM248;CD99;IVNS1ABP;PRNP;CRTAP;AUTS2;UBE2A;TMEM230;CLK3;HIGD2A;COL5A1;MKRN1;UBA3;GNAS;TCF3;RERE;TNFAIP1;TRIAP1;SOBP;RND3;CALB2;SEC61A1;NPTN;LRRFIP2;MAN1A1;TGIF1;TTC37;ATP6AP1;DYNLT1;MMP2;TBC1D9;GLRX2;UTP18;PJA1;EEF1G;GREM1;ACTA2;VCAN;TMEM214;ACOX1;PPDPF;ATP6V1B2;ATG4B;IRF9;ATP6V1B1;TMEM45A;MVP;SLC3A2;RRBP1;ASAP1;HMGCR;CBL;AGPAT1;CLCN3;ADD1;POLD4;CAND1;OXCT1;SPOCK1;MBTPS1;NAA10;TAF10;MX1;ATP2B4;ATP2B1;USF2;GLB1;ERCC1;KRAS;VIM;CYFIP2;NCKAP1;RPL30;RPL3;RPL31;MAML1;FNBP1L;RPL9;ELK3;TPGS2;RPL7;GJA1;RNF114;TFG;ZMIZ1;AP1S2;RPL35;CYP1B1;AP1S1;RPL38;JUNB;RPL39;IER5;CDK5RAP3;TSPYL2;ACOT9;TSPYL1;RPL21;RPL23;SERPINF1;NISCH;RNF128;MAP1B;MAP1A;RPL24;HOXB2;RPL26;RPL28;UBA52;TSPYL4;ASF1A;PRR14;GNE;CDC42SE1;CTBP1;HOXD1;AKAP17A;GLG1;ADH5;PRDX3;BLOC1S1;ST3GAL4;PNPO;S100A13;SERPINH1;SERF2;FDFT1;HOXC6;BTF3;RPL41;PHC2;CHKB;H3F3B;ST13;PRRC2C;TRIP4;MEX3C;PRDX6;XKR8;FIBP;TNFSF4;SNAI2;MMS19;PLCH2;CDK13;PAM;ADA;BTG2;BTG1;TCF25;PHF1;WDR41;WDR45;ADO;CLINT1;MRC2;UBL5;ING2;UBL3;FAM102A;CSRP2;IMPA2;TCTN3;TRIM2;TIMP3;TIMP1;SERPINB2;SLC2A10;ANXA5;COPZ2;NUTF2;AEN;COPZ1;ITPKB;BACE2;AFTPH;NSA2;TMSB15A;PLIN3;GAS1;SF3B5;ASAH1;GRN;WDR26;RPL12;RPL11;BCLAF1;RPS15A;GPNMB;OLFML3;ABI3BP;CHN1;RPL14;PCGF1;RPS2;RNF130;RPL17;CDKN2B;YTHDF1;CDKN2C;GSN;YTHDF2;YTHDF3;CDKN2A;KIDINS220;MGMT;SULF1;DHRS1;WDR13;BLCAP;GTF2H5;TM9SF2;DHRS7;RYBP;FOSB;NUCB1;FMOD;LAMTOR3;NUCB2;LAMTOR5;IRS1;DGKB;TUSC3;PROS1;TNC;MAEA;FCGRT;MPC1;PHLDA1;TMSB10;IFNAR2;CSNK1G3;TOR3A;TPM4;IGFBP5;IGFBP4;RPS5;RPS6;DYRK1A;BSCL2;ARMCX3;GOLGA8B;RAB31;ARMCX6;ERP29;ADNP;FKBP3;FAM8A1;CSNK1G2;NOTCH3;FKBP2;SEMA7A;CD151;RAB5C;GLT8D1;ITPR1;SLC38A10;AEBP1;BTBD1;NDN;DVL3;PLXNA1;IGFBP6;PLTP;MCL1;STRA6;OSBPL9;OSBPL8;COA3;OSBPL7;AKIRIN1;TRAPPC4;M6PR;HOPX;MARCH2;CNOT6;COPS5;MAFB;BCL6;P4HA2;ITGA10;PLEKHM1;CPE;TPP1;SERINC1;CNOT8;NES;ZNF532;EIF4G2;BCL2L1;RNF13;WDR1;AMD1;PIK3C2B;SCPEP1;LBH;GPX4;LANCL1;RPL13A;WIPI1;REXO2;NIPSNAP1;PKM;ASPH;TFDP2;DAD1;CTDSP1;RPL37A;CEBPB;WBP2;VPS4B;EI24;GLRX;SELENBP1;ABLIM1;DNAJB9;SPAG9;SLC35A1;IDH3G;PTPN13;OXR1;ASS1;MARCKS;MFAP1;CROCC;MFAP2;MGAT4B;TPT1;BET1;IFITM3;IFITM1;IFITM2;SPARC;FAM89B;PPP2R2A;NFU1;RPS15;RPS14;RPS16;RPS19;RUSC1;RPS6KA2;SOX9;RPS11;SKP2;B2M;TNS3;SOX4;RPS12;IFRD1;ACSL3;CARHSP1;RRAGC;HECA;ATP6V0D1;NBL1;ALDH7A1;BEX4;CUTA;GYPC;MAGED1;STXBP1;MGST3;TSHZ2;TXN;SCFD1;GNG10;SGPL1;ZNHIT1;GSE1;SCAP;SPTBN1;VAT1;SRPK2;TMEM50B;PUM1;GNG11;RPS25;RPS27;STAG2;RPS29;GOLGB1;RPS20;MAGED2;RPS24;ITM2C;DAZAP2;CLIC4;C2CD2;FAF2;EPM2AIP1;UCHL1;XPO1;SEC61G;SLC22A18;TMED2;TMED7;TMED9;MANBA;RHOG;NME4;UCHL3;MLF2;RHOB;MDFIC;NME7;FRG1;WAC;FAM20B;ATP6V0C;MATN2;RAB7A;SLC20A1;PTN;UQCR10;TRAK2;CST3;ANKMY2;NT5E;SHOC2;DCPS;CA12;SLC31A2;SCD5;LHFPL2;FAH;SPCS3;SPCS1;GSTA4;FAP;KRT17;RAB9A;GALNT11;GOLT1B;POGK;NDUFA10;FAIM2;CCDC28A;CHCHD2;RBMX2;BASP1;HIST1H2AC;NSF;PHYH;WNT5A;ARID5B;ATP1B1;PDIA5;PDIA4;DPM1;TMEM134;PREPL;DPM3;COL4A5;NUPR1;HIST1H2BD;RAI14;ATP6V1A;IDI1;COPA;CLEC16A;CHRNA9;COX7A2;PRPF8;SDCBP;SCIN;ATP6V1H;SMAD4;EPHX1;CBX1;POU2F2;ACSF2;DAP;CAPRIN1;DNAJC10;CHMP2B;CHMP2A;PI4KA;CRYL1;MAN2B1;TGFBI;PI4KB;DYNLRB1;LRP10;COPE;ACADVL;USP34;GTDC1;YBX1;PKD2;TMEM100;HEBP1;CASP7;CA5B;C9ORF16;FLOT1;MFSD1;HIBCH;USP46;CAMK1D;DESI2;SPATS2;PLAUR;RPS3A;DCN;TGFBR2;RBL2;DNM3;COL6A2;COL6A3;TERF2IP;MYH9;RBMS1;DNASE2;CDH17;PFDN5;COLEC12;USP16;NXN;USP11;HIST1H2BK;TM2D3;THBS2;LEPROTL1;NT5DC2;LRIG1;HES1;MAPK6;ABCF2;CAMK2G;SASH1;OPCML;MAPK3;IGBP1;PRAF2;MEIS2;MLPH;PIK3IP1;PMP22;SPRY2;SSBP1;CKLF",2.67952840300107,25
"19","deferasirox homo sapiens gpl570 gds3558 chdir down","486/1450",3.19439229220568e-58,1.1735188526103e-56,0,0,1.98326872066925,262.562047441266,"RPL4;CHIC2;RPL30;RPL3;TFRC;RPL31;RPL34;TMEM97;EPRS;RPL8;BACH1;RPL9;RPL7;PSMD4;TFG;ZMIZ1;CREB3L2;NAMPT;RPL35;RPL38;SMCO4;RPL37;RPL39;IER5;IER2;MEF2A;MBNL2;RPL21;CSNK2A2;FNDC3B;SND1;BCAN;PRKAR1A;ZC3H11A;MAP1B;TXNIP;RPL24;YME1L1;RBCK1;LETMD1;RPL29;RPL28;UBA52;ATF3;SKAP2;ATF4;ZNF274;PDXDC1;SHMT2;PDGFA;IQGAP1;AKAP17A;SERF2;FDFT1;BTF3;JUN;C11ORF21;PHC2;RPL41;JUP;EDEM1;EIF2AK3;NR2F2;ABCA8;SLC6A8;HYOU1;BTG2;BTG1;RPLP1;PHF1;RPLP0;PIGP;QPRT;WDR45;MRC2;TUBA1A;TMEM43;HEY1;RPLP2;DUSP1;ANXA3;ANXA5;SSR3;C6ORF62;SLC7A5;PLSCR1;AFTPH;TUBB2B;TUBB2A;PELI1;RAPGEF2;PLIN3;GRN;NBAS;WDR26;CLDND1;STAU1;RPL12;RPL11;SLC7A1;HSPA13;TANK;RPS15A;UCP2;RPL14;RPS3;RPL13;SC5D;FLNC;RPL15;RPS2;RABAC1;RPS27A;RPL18;RPL17;BRD4;MBD4;GSN;CRBN;LAPTM5;ARCN1;LYRM1;RYBP;ABI1;ZYX;NUCB1;PLP2;YPEL5;LIMS1;RPL10A;SAT1;LAPTM4B;ZFP36;OSBP;PIM1;PMPCB;PHLDA1;TMSB10;MYLIP;BNIP3L;SLC38A1;TPM4;RPS7;RPS5;RPS6;UBE2E1;DYRK1A;SARS;RPSA;VRK2;ARMCX3;GOLGA8B;MAPKAPK2;ARMCX6;ERP29;ADAM9;IL6ST;FAM8A1;SHC1;INSIG1;CREM;UBR4;FOXO3;ACAT2;CORO1B;HSP90B1;SOCS2;OARD1;TPR;PGK1;ANKRD10;ZKSCAN1;MCL1;ANKRD28;OSBPL8;SDF2L1;GOT1;SEC16A;GFPT1;EEF2;BMX;MARCH6;STK24;P4HA1;RHEB;P4HA2;PIR;TPP1;SERINC1;DHCR7;SERINC3;OGT;RSL24D1;NES;ZNF410;NFE2L1;CNIH4;RNF187;BCL2L1;SLC25A1;ITGB1;PLEKHF2;MCFD2;SLC25A3;WDR1;FHL2;PIK3CB;SPG11;TAPT1;PPP1R12A;KSR1;GPX4;VPS37C;HAUS4;RPL13A;WIPI1;ARFGAP3;NPC1;TFDP2;NPC2;TMBIM1;RPL37A;DSG2;TMBIM6;ITGA5;PPP1R15A;RAB1A;CEBPB;ROCK1;WBP2;RPL36A;HSD17B12;HSD17B11;DNAJB9;SH2B3;SEC23B;WASF2;SEC11A;CTNNAL1;EIF4B;SLC25A24;SPAG9;SEC24A;SEMA4C;CYP51A1;RPL23A;OXR1;PNRC1;KLF6;TSPAN13;CLEC2B;EIF3K;EIF3L;PSAT1;VAPB;PDCD4;EIF3H;EIF3E;P4HB;EIF3F;SEC24C;SMAP1;PFKP;TPT1;BET1;EPHB6;KDELR1;IFIT3;RPS14;LGALS1;RPS16;GOLGA5;RPS19;RPS18;FTH1;TRIM24;LONP1;ATP6V1E1;LGALS8;RPS11;SEC63;AGFG1;PDK1;RPS12;ACVR1;ECH1;IFRD1;GOLPH3L;ACSL3;COX7A2L;KEL;RRAGC;TRIB3;HECA;KDELR3;MXRA7;EIF1B;GYPA;GYPC;GYPB;GYPE;NMD3;RAB11FIP1;NEU1;SNX5;SPTBN1;PCK2;EGR1;RABGAP1L;GADD45A;BSDC1;MICAL2;MANF;RPS27;STAG2;RPS29;RPL27A;GOLGB1;RPS20;RGL2;RPS21;RPS24;AARS;DAZAP2;TRAM1;CLIC4;GDI1;CITED2;FAF2;SLC7A11;MAGT1;PTPRF;AKAP12;PPP3CB;ACTR1B;SLC22A18;SEC61G;RAC2;CTSH;TMED2;PHGDH;UBXN4;CTSB;CD53;SEC13;TMED9;MANBA;WARS;TFE3;GAB2;RHOC;RHOB;CTTN;KIF2A;FAM20B;WAC;AIDA;CD44;DCP2;DYNC1I2;STX16;SLC20A1;PRIM1;HSD17B4;ANKMY2;OS9;FILIP1L;EPS15;YIPF3;SLC31A1;YIPF5;TJP1;RIT1;KRT19;AXL;CCNG2;MARS;KBTBD2;TCEA1;ESYT1;RAB3GAP1;TJP2;GOLT1B;HDLBP;NUCKS1;NR3C1;COMT;CCDC28A;EEF1B2;NARS;CHCHD2;CCND1;DENND5A;CCNB1IP1;PDIA5;PDIA4;TMEM258;VCL;PPIC;RTN3;IDI1;ISYNA1;COPA;TMED10;TSG101;DIABLO;COPB1;SEL1L;SLC1A4;COX7A2;SLC1A5;NDRG1;LTBP1;PLD3;SEL1L3;SDCBP;EBP;MAN2A2;MAN2A1;PACSIN2;ATP6V1H;CD99;YARS;DARS;CBX5;ISG15;IGF2R;CLK3;NFKBIA;DAP;MKRN1;GNAS;PI4KA;DYNLRB1;SLC35E2B;COPE;ACADVL;MS4A3;RPS4X;SEC61A1;LASP1;CALB1;C9ORF16;FLOT1;MAN1A1;SRGN;ABCC4;ATP6AP1;DYNLT1;BUD31;RPS3A;EEF1G;RBL2;TMEM214;EEF1D;RASA4;ALDH1A2;ATP6V1B2;CRY1;TERF2IP;ITGB3BP;KDM3A;USP11;ASAP1;SLC3A2;RNF6;HMGCR;CLCN3;CBL;PDLIM1;HMGCL;CHSY1;CBS;MAPK1;MAPK6;IGBP1;KDM4B;ZFC3H1;TTC17;GALE;WEE1;GLB1;ERCC1;CD9;VIM;GPD1L",4.11522633744856,20
"20","imatinib homo sapiens gpl96 gds3044 chdir up","1054/4149",2.92587556869634e-56,1.02113057347502e-54,0,0,1.50317820933539,192.213158498849,"ITSN2;TFRC;ZFYVE9;RBPJ;MYLK;VPREB3;PSMD9;CAPNS1;DPYSL2;PRKACB;TMEM8A;FNBP4;MEF2A;GSTK1;WDR83OS;RBFOX2;CSNK2A2;RUFY1;TFR2;ZC3H11A;ETHE1;PSME1;TXNIP;RBCK1;LETMD1;PADI1;SKAP2;ZNF274;LXN;MEPCE;ZNF22;ZC3HAV1;BAZ2B;SULT1A1;CYB5R1;LARP1;RHOT1;CYB5R3;PRKAR2B;SCGB1D2;PRKAR2A;KCNMB3;GSTM4;ABCA1;CREBBP;C11ORF21;JUP;CADM1;LRBA;FUCA1;PBX2;EIF2AK2;AZU1;ABCA8;L1CAM;CP;MRPL22;DHFR;CS;TBL2;QARS;HRC;PKIG;EZH1;TMEM9B;QPRT;HEXA;PIGP;PRKAG2;CTCF;HOXC11;MRPL35;HOXC10;PCMTD2;TUBA1A;EFCAB1;APPL2;NELFE;OFD1;ELOVL1;MYBPC1;RING1;DUSP1;SPHK1;SIRT5;EMP2;BAZ1A;DYNLL1;HIST2H2BE;F5;DDB1;MED25;MED24;PIGK;RAPGEF2;SLC29A1;GPRC5D;PIGG;CRYAB;PAFAH1B3;KANK2;LRRC15;STAU1;GSTP1;PTGS1;SNX29;NRAS;EXOSC10;SULT1E1;UCP3;UCP2;NRAP;STAT4;STAT6;FLNC;CYP2F1;RPS27A;RABAC1;MBD4;LRRC23;EGLN2;ZNF460;CRBN;BMP8B;PSMB8;TMCO1;LYRM2;FABP7;GID8;PSMC2;UBAP1;AGRN;YPEL5;FRYL;SIGLEC6;SIGLEC5;PLOD3;FBXO21;OLFML2A;SAT1;SLK;NFATC2IP;SLC16A6;PMPCB;CIR1;SLC16A3;MAP3K4;AP2M1;CPA2;MYLIP;BNIP3L;S100A1;FST;ATP11B;MFNG;NAAA;LY6D;UTS2;S100A4;NPTXR;IL6ST;DSC1;PFKFB2;KMT2D;KHDRBS1;KCNE1;TXNDC9;DLX4;TUBGCP2;MAX;SHC1;CREBL2;NREP;FOXO3;FOXO1;RAP1GAP;CORO1B;SNN;ATXN7;EIF4EBP2;ZKSCAN1;NADK;SOCS5;TIA1;UROS;DEFA4;FBXO34;EEF2;NFKB1;MFHAS1;RGCC;STK24;SP3;DMXL2;TBXAS1;MDM2;LCN2;HLA-DRA;LRCH4;OGT;ZNF652;SNAP25;AKAP8L;EFCAB14;ETFB;NENF;NXT2;ATRAID;ALAD;SUMO2;MRPL9;PGLS;SPG11;EDIL3;PPP1R12A;DST;VEZF1;ARFGAP3;ARL4C;NPC2;ADORA2B;TMBIM1;TRIM58;DSG3;ST6GALNAC4;PPP1R15A;CANT1;C1S;C1R;CXXC1;NDUFB1;PRCP;HSD17B11;GANAB;DRAM1;NCLN;SLITRK5;IGF2BP3;FYN;E2F4;ATP9B;EIF4B;UBQLN2;CYB5A;NDUFA6;ERAP1;NDUFA1;SYT13;SLC25A38;NELL1;TSPAN13;NAGK;SUCLA2;EIF3L;PDCD4;PDCD2;ZNF611;EIF3F;SMAP1;SEC24C;EPHB6;AHCYL2;ZDHHC7;UBE2L6;SPATA20;IFI30;TXNDC15;UXT;LGALS3;EFR3A;MT2A;C1GALT1C1;BPIFA1;IL36A;BSG;DHX58;TNFSF10;TRIM24;PIEZO1;EIF2D;LGALS8;SEC62;FBXO7;TRIM21;HERC6;SEC63;SLC34A2;ATP6V1G2;LIMCH1;ECH1;FOXH1;GOLPH3L;CSNK1D;TM4SF4;ANK1;ASRGL1;DHX40;CFDP1;KEL;IFI27;MXRA8;MT1G;MT1H;TAGLN3;MXRA7;KCTD12;KDELR3;EIF1B;TRIB2;CES2;PPP1R37;RRAD;SUPT4H1;PIK3R3;CEND1;PIK3R1;MST1L;CD1A;APH1A;SNX3;SNX1;APOM;PPCS;MIER2;NEU1;SEC14L5;APOE;PCK1;AAR2;SNX6;CTSA;SURF1;EAF2;MICAL2;BSDC1;RASSF8;SMARCA2;PTK2;MSRA;TF;ALDH6A1;CDC16;ECHDC2;DHX29;SLC2A4RG;TP73;SYNM;CETN1;CTSZ;MRPS10;PEPD;BMI1;CD3E;N4BP2L2;KIF17;RAB22A;PTPRF;PPP3CB;SCML2;NMRK1;UIMC1;CD36;CCR4;CTSD;HTATIP2;CTSB;ZHX2;APOBEC2;GAA;SFTPD;NBPF10;GAK;CSDE1;IL1B;UFC1;FAM193B;MICU2;NAPA;DYNC1I2;FOXC2;CD63;TAGLN;STX16;SSNA1;SATB2;HSD17B3;HSD17B4;NEDD8;COX5B;RELA;GNAI2;RXRA;OS9;GPC3;C22ORF24;FILIP1L;PAK4;PEX16;NPDC1;PEX19;CD70;AKR1C1;KLK13;AKR1C3;RPA2;AKR1C4;MYO9A;KLHL9;GFI1B;SGSM2;PNPLA6;SCARB1;ACAA2;NARF;CD83;AMHR2;MPG;WBP1L;NR3C1;SRP14;CCND3;AKR7A2;RGS2;AKR7A3;DMBT1;IGFLR1;TEKT2;CAPN1;PAMR1;TGM3;SH3GL1;CARD10;PDGFRA;ACOT13;SDHC;GEM;ERN2;ZNF91;DOK2;TMEM258;SCNN1A;MASP1;SIDT2;PPIC;RTN3;NXPH3;SLC41A3;SEL1L;HTRA2;NDRG1;PLD3;TAF5L;CACNA1H;SPTA1;CNN1;PACSIN2;TAC3;NPHP4;PRNP;CRTAP;PHF11;INHBB;INHBA;IGF2R;CLK3;GULP1;HIGD2A;SSH1;VIL1;GCLC;CPS1;NAT1;GNAQ;MKRN1;UBA3;GNAS;TAB2;MANSC1;TCF3;LSM14A;SLC35E2B;LGALS3BP;GSK3A;PRKCSH;TNFAIP2;PCTP;CALB2;LASP1;MYBL2;MAN1A1;CA8;CNPPD1;TTC37;RBM14;DNAI2;ATP6AP1;MMP2;CYP4A11;TAPBP;CREB1;RER1;EEF1D;IRF1;CAT;IRF7;ATP6V1B2;BLVRB;CHI3L1;ATG4B;ZMYND10;IRF9;DNAH2;MVP;LAMA3;RAP1GDS1;RRBP1;ASAP1;RNF6;CBL;AGPAT1;PPOX;CLCN3;AGPAT2;ADD1;HMGCL;GNG3;MTA1;DNPEP;TDG;SPOCK2;SPOCK3;GALNT6;ATP2B4;TTC19;USF2;CHFR;TTC17;GALC;REST;GLB1;ERCC1;ASB9;ERCC8;KRAS;CHPT1;GPD1L;TAF4;FAM50A;RPL3;GUSBP11;RPL31;FNBP1L;EPRS;BACH1;ELK3;TPGS2;RPL7;RNF115;RNF114;TFG;ZMIZ1;ZMIZ2;CREB3L2;AP1S2;CYP1B1;PIP4K2A;PIP4K2C;PRSS3;CDK5RAP3;UNC13B;NKX2-8;RPL21;DNAAF1;SERPINF1;TAAR2;GTPBP1;NISCH;BCAN;DYNC1LI1;MTAP;MAP1A;YME1L1;RPL29;RPL28;TSPYL4;ASF1A;CFD;NAA60;ZNF395;FICD;CTBP1;CFI;ENDOD1;NEDD4L;ATXN7L3B;RIC8A;NCSTN;CHST11;BLOC1S1;PNPO;ZSCAN12;ZNF148;S100A10;BTF3;ACE;KIR2DS1;FZD5;KIR2DS2;ST13;SETD1B;KIR2DS5;GP2;RMDN3;TRIP4;NFATC1;HNRNPL;GP9;TCN1;HNRNPD;PPT1;SERPINI1;CDK13;ADA;DENND1C;PYGB;BTG2;CDKN1B;BTG1;SERPINA1;TCF25;ADO;SMG8;SERPINA4;SLC6A4;MRC2;FAM102A;CSRP1;IMPA2;TRIM2;TIMP3;LDLRAP1;TIMP4;GPR135;ANXA2;PLLP;ANXA4;TESC;GCHFR;FCER2;RNF167;EXOC3;GAS1;PLCB2;IVL;HLA-DQB1;HBEGF;ASAH1;GRN;NBAS;TANK;TMEM164;TM9SF3;RHD;GPNMB;RPL13;RPL15;AGA;SLC17A1;RPL18;SLC17A3;SF3A1;CDKN2C;DMTN;GSN;YTHDF3;HSPA1L;CDKN2A;KIDINS220;CARD8;MOCOS;WWP2;SULF1;DHRS1;WDR13;DHRS3;FIG4;TM9SF1;DHRS7;OSTM1;DHRS9;ABI1;RHAG;LAMTOR3;LAMTOR5;ATP8A2;IL5RA;RPL10A;CDH6;NBN;USP8;SLC15A1;MAP2K2;ANKRD49;TLE1;IGFBP5;RPS7;RPS5;SSUH2;VRK2;BSCL2;ARMCX3;SYPL1;ARMCX6;ERP29;PHIP;FKBP9;ADNP;FAM8A1;ANKRD36B;SEMA7A;RAB5C;AK1;UBR4;RHOBTB3;SLC38A10;CCDC30;ANKRD10;DVL3;STRA6;MPDU1;OSBPL9;OSBPL7;CEP350;M6PR;MARCH6;ADAP1;ZZEF1;MARCH2;MOB1A;COPS6;CNOT6;LHX3;P4HA2;PIR;PLXNB2;TPP1;SERINC1;CNOT8;SERINC5;RNF187;PLEKHF2;PSCA;PIK3C2B;SCPEP1;LBH;GM2A;CNGA1;LBP;SLC37A4;CLEC1B;SLC13A2;SLC13A3;LANCL1;SORD;HAUS4;RPL13A;DUSP22;DALRD3;TFDP2;MCM5;CNGB1;EI24;SEMA3A;RPL36A;GLRX;CYP3A4;HDAC6;SELENBP1;ZNF507;VPS53;CEACAM21;SEC11A;CTNNAL1;SLC35A1;IDH3G;SPAG6;SEMA4C;DDHD2;VAPB;APOC1;MGAT4B;PPIL6;TRAF3IP2;FAM89B;PITPNA;HDAC11;AQP2;IFIT3;IFIT2;RPS14;RPS19;RUSC1;FTH1;PART1;ARL6IP5;ARFIP2;SOX9;PTGDS;TNS3;SOX4;AGFG1;SRRM2;CPT1A;ATP6V0E1;SLC11A2;PSG9;CARHSP1;COX7A2L;RRAGC;AKAP9;MALL;VDAC3;TTLL12;ATP6V0D1;GYPA;SLC35D1;GYPC;IGSF3;LMAN2L;STXBP1;GYPE;MGST3;EBI3;TWF1;TEX261;KLK7;SCFD1;HIST1H3F;GSE1;HIST1H3G;HIST1H3H;TRPM6;VAT1;SRPK2;SRPK3;RABGAP1L;GADD45B;TMEM50B;PUM1;PARP12;DERA;RPS27;STAG2;GOLGB1;MAGED2;HIST1H4J;RPS21;SPRR1A;HIST1H4D;SPRR1B;HIST1H4E;CDS2;DAZAP2;FASTKD1;CITED2;STAB2;KRT23;HBD;MAGT1;PPCDC;COIL;EPM2AIP1;PCF11;SLC22A18;MANBA;NME4;ZDHHC17;RHOD;ITFG1;CEACAM6;WAC;FAM20B;TFF2;TFF1;AIDA;ATP6V0C;RAB7A;PRIM2;MYCBP;ADH1A;UQCR11;PTN;UQCR10;GDPD5;RASIP1;LILRA5;AKAP1;PBLD;ANKMY2;CXCR1;LAIR2;ATP6V0E2;CA12;NFYC;C1GALT1;AP3D1;PDZK1IP1;SLURP1;TJP1;GSTA4;FAP;AXL;DLC1;MPHOSPH8;TJP2;GALNT12;STEAP3;HDLBP;ARID4B;CCDC28A;RBMX2;HIST1H2AE;HIST1H2AG;PDE8A;HIST1H2AC;TMEM14B;HIST1H2AM;NSF;RALBP1;PHYH;HIST1H2AI;HIST1H2AK;HIST1H2AJ;KRT75;ALDH3A2;PREPL;DPM3;COL4A2;ILVBL;COL4A1;KLRF1;HIST1H2BG;HIST1H2BD;HIST1H2BC;ABCG2;ATP6V1A;COPA;ISYNA1;CHRNA3;COPB1;CABP5;CLEC16A;ALOX12;COX7A2;DTX4;NID2;LTBP1;AGER;PSORS1C2;TMEM123;SDCBP;MAN2A2;MAN2A1;NLRP2;MYH13;ATP6V1H;MPST;KLHDC3;CBX7;SMAD1;SMAD4;EPHX1;ACSF2;EFNA1;PYY;NR4A1;CAPRIN1;PXMP2;PI4KA;CRYL1;MAN2B1;TGFBI;PI4KB;DYNLRB1;LRP10;COPE;GLP1R;PZP;USP34;HIST1H1T;SLC2A1;GTDC1;YBX1;PKD2;HK1;HS2ST1;HEBP1;CASP7;CA5B;CASP6;ENOSF1;HIST1H1D;MFSD1;ABCC4;OR2H2;SPATS2;PLAUR;RPS3A;PPP2R5C;KLF15;DCN;IQCG;DNM2;TGFBR2;DCT;RASA4;COL6A2;MYH9;RBMS1;DNASE2;CDH16;PFDN5;ITGB3BP;LUC7L2;CDH19;HIST1H2BN;LTK;PDXK;NXN;TUFT1;POLDIP3;PON2;TOB2;ACAN;MUC2;CHSY1;GMDS;ERBB3;ERBB2;MAPK1;ABCF2;CAMK2G;SASH1;OPCML;MAPK3;USP24;IGBP1;KDM4B;PDE6G;PRAF2;USP22;MLPH;XPNPEP2;ATP13A3",3.13092979127135,33
"21","imatinib homo sapiens gpl96 gds3046 chdir up","462/1376",1.94991583686561e-55,6.48114882920093e-54,0,0,1.98672079262419,250.275947706532,"TMEM97;ELK3;MYC;NAMPT;SMCO4;IER5;IER2;ACOT7;MBNL2;FNDC3B;WDR74;DNTTIP2;WDR77;EML4;SLC5A6;NUP93;PSME3;MAP1B;FDX1;PSME2;YME1L1;HOXB2;ATF3;CDC42SE1;NUP205;SET;SAR1B;SHMT2;PRKDC;RPN1;MRPL17;PDGFA;WDR61;IQGAP1;MRPL12;RRP7A;FAM171A1;PRDX4;EPB41L2;PRDX1;FDFT1;JUN;H3F3B;EDEM1;NR2F2;MAGOHB;MRPL24;MLLT11;SETX;HNRNPM;GLUD1;UCK2;GLUD2;EHD4;EIF6;FASN;HNRNPD;HYOU1;FARSA;ARF3;GPI;BTG3;WDR45;ADO;LITAF;PFAS;WDR43;IMPA1;RPLP2;ANXA7;TIMP1;C11ORF24;TPI1;NSUN5;ACTL6A;SSR3;MRPL49;RRAS2;NUTF2;SERPINB9;FOS;GNL2;SLC39A14;MRPL52;SLC7A5;PSMA6;SLC7A6;TUBB2B;PSMA4;SLCO4A1;PELI1;GART;ARF6;SF3B5;ZNF593;HSPA14;SLC7A1;HSPA13;GGA1;BCLAF1;FLNB;HARS;BID;EGLN3;SMAGP;WDR18;LAPTM5;BYSL;RYBP;LYRM4;FABP5;TAOK3;WT1;ZYX;TSR1;ZNF217;MSRB1;IPO4;LAPTM4B;PIM1;PMPCA;PIM2;TMSB10;IFNAR2;SLC38A1;RNF44;MAP2K1;CISH;TPM4;IGFBP4;USP3;UBE2E1;GTF3A;SARS;VRK1;POLRMT;DGKZ;CDC25B;TPST2;ACLY;RAB31;MRTO4;SNRPG;SNRPE;ERH;FKBP4;NOTCH1;INSIG1;CREM;ITPR1;UAP1;AK4;ACAT2;HSP90B1;SOCS2;BTBD1;EIF4EBP1;PGK1;PLXNA1;NAE1;PLTP;MCL1;COA3;SDF2L1;GOT1;FUS;TRAPPC4;GFPT1;ASNS;ARPC4;DHCR24;LSM5;G6PC3;P4HA1;RHEB;DHCR7;RSL24D1;NOP10;CNIH4;EIF4G1;BCL2L1;ITGB1;MCFD2;WDR1;AMD1;PIK3CB;MRPL4;HHEX;MRPL2;OPA1;RNPEP;EFHD2;TNPO1;IDH3A;EIF5B;ACTR2;HSP90AA1;NDUFC2;AHSA1;REXO2;TNFRSF1A;SLC25A15;DNAJC2;PKM;NPC1;ASPH;DSG2;TMBIM6;ITGA5;LCP1;PRPS1;SEC23A;CEBPB;CEBPD;IL2RG;SRM;AP3M2;FCHO1;POLR2E;DNAJB9;POLR2F;POLR2H;SH2B3;EIF4E;SEC23B;SPAG9;PPP1R14B;CNBP;CYP51A1;CCDC59;CDC42BPA;HNRNPAB;MARCKS;P2RX5;KLF6;PSAT1;POLR3G;PTPN7;BET1;IFITM3;EIF4A1;IFITM1;IFITM2;ARL6IP1;SLC35B1;CISD1;PPP2R2A;THUMPD1;PWP2;PWP1;KIAA0930;RPS6KA3;LGALS1;RPS19;LONP1;RCC1;DENR;SNRPD3;LGALS8;RPS11;SKP2;TMPO;ST6GAL1;ALG8;TIPIN;METTL1;ALG5;IFRD1;ALG3;ACTN4;ACSL3;SUB1;CCDC86;TFAM;TRIB3;PFN1;BEX4;TXN;ZMPSTE24;RAB11FIP1;STC2;ASL;CDR2;SPTBN1;PCK2;VASP;RPL39L;YES1;XRCC5;MANF;NET1;BST2;RPS26;ID1;CD24;ECM1;DAZAP1;TRAM1;PTGDR2;SLC35F2;CETN2;SLC7A11;TFB1M;SEC61G;DHX15;RAC2;IDS;CTSH;TMED2;PHGDH;DLAT;UBXN4;UTP14A;SPTAN1;CD53;CCT3;PSENEN;TMED9;WARS;PRMT1;RHOG;MRPS2;AMPD2;UCHL3;RHOB;KIF2A;NME7;CD47;MYCBP;TOMM40;CAB39;SLC20A1;AMIGO2;CAPG;LIMA1;EXOSC5;PGRMC1;PES1;MGAT2;TBL1X;EMC7;PAK2;GABBR2;RANBP1;NQO2;GCH1;SLC31A1;MPP6;YIF1A;FKBP1A;BOP1;SPCS3;RIT1;SPCS1;MARS;HNRNPA2B1;ESYT1;DPAGT1;SCARB1;GOLT1B;FHOD1;GEMIN2;POGK;COMT;CNDP2;NARS;CHCHD2;CCND2;TMEM147;PLAU;FAM162A;ARHGDIA;ARHGDIB;DENND5A;ARID5B;ATP1B1;CCNB1IP1;PDIA5;TUFM;PDIA4;DPM1;PRPF4;TMX2;GEMIN6;VCL;RAI14;IDI1;TMED10;PSMD14;NOP2;SLC1A5;RASGRP2;HIGD1A;SEL1L3;EBP;IVNS1ABP;YARS;HSPA9;PRNP;HSPA8;TGFB1;SMURF2;CBX1;DNAJC10;UBE2N;SRPRB;DEGS1;BLMH;GCLM;FGF13;CHD7;HMGB1;CXCL3;CXCL2;ELAVL1;YBX3;LMNB1;CALB1;IFT57;HIBCH;TGIF1;SRGN;RBM14;DESI2;H2AFZ;CTPS1;LSR;GLRX2;UTP18;SFPQ;TMEM214;IRF3;NDUFS6;ALDH1A2;CRY1;PFDN2;RBM47;DDX21;HMGCR;PTHLH;CRYZ;MUC1;CBS;TDG;LEPROTL1;POLD2;STOM;HES1;ABCF2;MAPK6;ABCF1;ATP13A1;GALNT1;HSPE1;GALE;PMP22;CDK2AP1;SLIRP;VIM;SSBP1;GLA;CKLF",4.54545454545455,21
"22","vitamin c homo sapiens gpl6884 gse16590 chdir up","359/971",7.90568090365542e-54,2.50825694125067e-52,0,0,2.18770376419113,267.49494401177,"EIF4A1;NCKAP1;CHIC2;RPL30;SMARCB1;RPL3;SPARC;TFRC;SERPINE2;ARL6IP1;RPL34;SERPINE1;CISD1;KEAP1;SMC3;PWP1;TPGS2;NFU1;RPS14;MT2A;LGALS1;MPRIP;TFG;PPP2R1A;RPS18;BSG;TRIM24;RPL36;AKT1;RPL35;RPL38;SKP2;RPL39;JUNB;TMEM8A;RPS12;ST6GAL1;ACOT7;RPL21;LDOC1;ACTN4;TM4SF1;NUP93;EWSR1;PRKAR1A;PSME1;MT1F;MT1G;RPL24;PFN1;RIN2;TP53;NBL1;ALDH7A1;ATF3;MMADHC;MT1E;SET;MAGED1;CRABP1;WDR61;TXN;MRPL12;RRAS;PRDX1;SERPINH1;APOE;RBM12;SERF2;PCK2;FDFT1;BTF3;EGR1;JUN;XRCC6;JUP;H3F3B;XRCC5;SETD1A;TMA7;MRPL24;GNG11;DERA;COL1A1;NET1;BST2;HNRNPL;RPS26;HNRNPM;GLUD1;COL1A2;RPS27;STAG2;RPS29;FASN;CDC16;NMU;FAT1;COL9A1;HNRNPD;SFXN1;PSMG2;DHX29;RPS21;AARS;HIST2H2AA3;ARF3;BTG3;CLIC4;BTG1;GPAA1;CITED2;RPLP1;CETN2;PIGP;CTCF;LITAF;PFAS;ING2;TUBA1A;CTSB;COX8A;BRD3;DUSP5;WARS;MRPS27;ANXA2;DUSP1;PABPC4;ACTL6A;ANXA5;BGN;EMP1;SIRT5;FOS;DYNLL1;RHOC;DUSP6;SRP9;MLF2;CLDN11;SLC7A5;NSA2;TUBB2B;PSMA4;TUBB2A;GART;ARF5;CD44;SF3B4;STAU1;SLC20A1;RPL12;PRIM1;RPL11;NEDD8;PTGS2;TYMS;GNAI2;CST3;GGA1;EXTL2;NT5E;RPS15A;EPCAM;UCP2;CHN1;CLPTM1;GPC3;FLNB;CCT8;MSX1;RABAC1;RPS27A;DYNC1H1;RANBP1;YTHDF2;MPP6;PPP1CA;FKBP1A;COL3A1;SPCS1;FABP5;MARS;ZYX;FOSB;NUCB1;ESYT1;AGRN;YPEL5;GRINA;KDM1A;GEMIN2;TNC;PLAT;NUCKS1;APEH;UBE2Z;SRP14;RPL10A;SAT1;ACTG2;EEF1B2;LAPTM4B;RGS2;CHCHD2;CCND1;BASP1;ARHGDIA;PIM1;PLS3;BANF1;PIM2;NBN;PHLDA1;GYG1;AP2M1;NSF;MAP2K2;RPS7;IGFBP5;IGFBP4;WNT5A;ACOT13;RPSA;WBP11;CDC25B;COX6B1;TUFM;DPM1;ACLY;HNRNPUL1;SNRPG;FKBP3;VCL;TSG101;PSMD14;SHC1;INSIG1;COPB1;AK4;NREP;SLC1A5;HIGD1A;PRPF8;ACAT2;CNN3;TMEM123;SDCBP;NLRP2;NAE1;IGFBP6;NDUFV2;PLTP;MCL1;YARS;HSPA9;PRNP;HSPA8;ASNS;TMEM230;DRAP1;QDPR;NR4A2;NFKBIA;G6PC3;GNAS;DEGS1;UBA1;DHCR7;TGFBI;FGF13;NES;EIF4G2;BCL2L1;EIF4G1;SLC25A1;ITGB1;RERE;SLC25A3;FHL2;ETFB;RPS4X;MRPL2;SNRNP70;UQCRFS1;EFHD1;SPG11;PELP1;TGIF1;ACTR2;HSP90AA1;GPX4;H2AFZ;LANCL1;PLAUR;NDUFC1;EDF1;CTPS1;DCN;TGFBR2;ACTA2;GREM1;TFDP1;PKM;PPDPF;COL6A2;ATP6V1B2;COL6A3;MYH9;TMBIM6;MCM5;INA;PPP1R15A;COLEC12;PRPS1;CEBPB;CANT1;NDUFB6;WBP2;HIST1H2BK;DDX21;SLC3A2;HSD17B12;HMGCR;AGPAT1;SRM;ABLIM1;MTA1;DDT;NT5DC2;ERBB2;EIF4H;SPOCK1;IGF2BP3;IGF2BP2;CTNNAL1;MBTPS1;NLGN4X;CCDC59;SOD2;KLF4;HNRNPAB;SORL1;KLF2;ASS1;KLF6;WEE1;PSAT1;EIF3I;ERCC1;EIF3H;RBM42;EIF3F;SLIRP;VIM;SSBP1;EIF3D;RPL26L1",3.06406685236769,11
"23","estradiol homo sapiens gpl96 gds2324 chdir up","349/937",3.59829879009407e-53,1.09200545890681e-51,0,0,2.2039367741691,266.139798518967,"EIF4A1;NCKAP1;RPL30;RPL3;TFRC;ARL6IP1;SLC35B1;HNRNPU;TMEM97;RPL9;RPL7;RPS14;MT2A;LGALS1;TFG;DPYSL2;FTH1;RCC1;AP1S1;CYP1B1;SNRPD3;B2M;SOX4;TMPO;SRRM2;ACOT9;TIPIN;ACOT7;PDZK1;BCS1L;HLA-F;WDR77;CARHSP1;EWSR1;PRKAR1A;CDC37;SUB1;UQCRC1;PADI3;MT1F;VDAC3;JTB;YME1L1;TRIB3;TMEM126B;PFN1;NUP205;SET;ANP32A;PRKDC;MAGED1;IGSF1;MGST3;CRABP1;MEPCE;RPN1;CSTF2;IQGAP1;TXN;MRPL11;APH1A;PRDX4;NUP85;PRDX1;AMZ2;RBM12;SPTBN1;S100A10;FDFT1;NAA50;VAT1;JUN;XRCC6;EGR3;SIVA1;H3F3B;TIPARP;XRCC5;GREB1;EIF2AK2;MRPL24;PRDX6;SMARCA4;DHFR;CS;NET1;HNRNPL;HNRNPM;UCK2;EIF6;FASN;HNRNPF;HYOU1;CALM3;HNRNPC;FARSA;RPS21;SLC2A4RG;FKBP11;DAZAP1;PIGT;RPLP0;TECR;LITAF;TRMT112;TUBA1A;IMPA2;NMRK1;SEC61G;DHX15;TMED3;PHGDH;TIMP1;CTSD;HTATIP2;COX8A;CCT3;BRD2;SEC13;TMED9;TPI1;TNFRSF12A;ANXA2;ANXA5;ITPK1;MRPL49;NBPF10;NUTF2;DYNLL1;RHOD;MZT2B;ENAH;SLC7A5;MZT2A;UGDH;TUBB2B;PSMA4;TUBB2A;PSMA2;CSDE1;TFF1;AIDA;EEF1E1;ATP6V0C;CD44;ARF6;SF3B4;SF3B2;PRIM1;GNAI3;TYMS;SLC7A1;TMEM164;NRAS;TUBA3D;PGRMC1;PSMB2;LMAN2;PSMB1;RPS3;RPL13;CCT8;RPS2;BRD4;CA12;MBD4;RANBP1;PPP1CA;FABP5;KRT17;MARS;PSMC2;HNRNPA2B1;ZYX;TSR1;TCEA1;ESYT1;PLP2;C11ORF58;FAM49B;KDM1A;CD81;HDLBP;PLOD3;NUCKS1;ETS2;LAPTM4B;CHCHD2;TMEM147;CCND1;BASP1;ARHGDIA;PLS3;BANF1;DENND5A;AP2M1;TMEM14B;RAB2A;G6PD;USP7;RPS7;RPS8;IGFBP4;GTF3A;NPY1R;ACOT13;VRK1;WBP11;PDIA4;ACLY;PRPF4;BRMS1;RAB31;HNRNPUL1;MAPKAPK2;SNRPG;ERH;FKBP4;FKBP3;VCL;IDI1;TMED10;RAB5C;PSMD14;ARL3;INSIG1;RHOBTB3;AK4;PRPF8;ACAT2;HSP90B1;SLC9A3R1;EBP;TMEM248;PGK1;NAE1;CYC1;CD99;YARS;HSPA9;HSPA8;CBX5;SLC52A2;UBE2A;EEF2;LSM5;DRAP1;RHEB;UBE2N;GNAS;UBA1;TCF3;DHCR7;GCLM;NOP10;EIF4G2;COPE;UBE2M;EIF4G1;ITGB1;WDR1;HSPB8;AMD1;FHL2;HMGB3;HMGB1;YBX1;MEA1;ELAVL1;YBX3;LMNB1;CAPZB;SNRNP70;SUMO2;RNPEP;UQCRFS1;MYBL2;MRPL9;TNPO1;MYBL1;IDH3A;HSP90AA1;GPX4;H2AFZ;BUD31;SORD;NDUFC2;AHSA1;EDF1;RPS3A;GLRX2;REXO2;ARID1A;UTP18;EEF1G;SLC25A15;DNAJC2;SFPQ;TFDP1;PKM;IRF3;NPC2;NDUFS6;DAD1;BLVRB;TMBIM6;MCM5;DNASE2;PFDN2;RAB1A;CEBPB;NDUFB6;NDUFB4;NDUFB2;DDX21;SLC3A2;HMGCR;ATP1A1;SRM;DNAJB1;MTA1;U2AF2;POLD2;EIF4H;POLR2E;MAPK6;EIF4E;SEC11A;CTNNAL1;SLC25A24;PPP1R14B;MBOAT7;CYP51A1;ATP2B4;PTPN11;TPD52L1;HSPE1;HNRNPAB;TPD52L2;ASS1;PFKL;MGP;CDK2AP1;STUB1;SLIRP;GLA;SPG21;PFKP;TPT1",6.01719197707736,21
"24","sevoflurane homo sapiens gpl570 gds2772 chdir up","490/1534",1.25727697504418e-51,3.6565805357535e-50,0,0,1.89009666494372,221.524794329398,"RPL4;RPL30;RPL3;GUSBP11;SERPINE1;HNRNPU;RPL8;CLDN1;RPL9;RPL7;PSMD8;PSMD9;MPRIP;TFG;ZMIZ1;DPYSL2;NAMPT;RPL35;RPL37;RNF111;MEF2A;GSTK1;CXADR;MBNL2;RPL23;FNDC3B;RBP4;PRKAR1A;ZC3H11A;MAP1B;UQCRC1;YME1L1;RPL29;RPL28;CFB;ZNF395;CFI;GATA6;IQGAP1;ADH5;SULT1A1;PRDX3;FAM171A1;LARP1;C6;C7;FLRT3;GAR1;S100A12;S100A10;NAA50;H3F3B;SETD1B;EIF2AK2;PRRC2C;NR2F2;LYZ;PBX1;PRRC2B;COL1A1;CS;HNRNPM;FIBP;COL1A2;TBL2;QARS;FAT1;HRC;HNRNPD;PPT1;SNAI2;CDK13;PIGT;BTG1;CDKN1B;RPLP1;RPLP0;PYGL;LITAF;CLINT1;MRPL41;PCMTD2;MRC2;ING2;TMEM43;AIFM1;RPLP2;ANXA7;TIMP1;TPI1;ANXA2;ANXA3;PLLP;ANXA4;RRAS2;C6ORF62;DYNLL1;SRP9;F5;PLSCR1;NSA2;GPRC5A;COL21A1;GAS1;CRYAB;DLD;PCYOX1;KANK1;ASAH1;GRN;STAU1;RPL12;RPL11;PTGS2;PTGS1;BCLAF1;HLA-DMB;ERMP1;GPNMB;ABI3BP;UCP2;NRAP;STAT4;RPL14;HAS2;RPL13;STAT6;FLNC;RPS2;RPL17;EGLN1;YTHDF2;GSN;YTHDF3;KIDINS220;LAPTM5;SULF1;ARCN1;TM9SF2;WT1;NFIB;HLA-DPB1;YPEL5;FMOD;RASL11B;PROS1;HP;ZBTB20;PLOD2;FBXO21;CLU;SLK;MAEA;FGF9;MPC1;SLC16A7;SLC16A3;MAP3K5;RAB2A;SLC38A1;TPM4;IGFBP5;FST;DYRK1A;ARMCX3;ERP29;ADAM9;ADNP;IL6ST;SNRNP200;S100A9;S100A8;NOTCH2;KMT2D;AK1;UAP1;AK4;FOXO3;FBXO40;ATXN1;BTBD1;PGK1;EIF4EBP2;NDN;NADK;MCL1;OSBPL8;GOT1;FUS;UROS;CEP350;GFPT1;FOXN3;EEF2;MARCH6;MAFB;STK24;BCL6;RHEB;CPE;TPP1;SERINC1;OGT;NES;ZNF652;NFE2L1;EIF4G2;ITGB1;SLC25A3;WDR1;AMD1;ETFB;MSLN;BICD2;PIK3C2B;GM2A;OPA1;ZNF407;DSE;SUMO2;NCK2;TNPO1;SPG11;DSP;EIF5B;HSP90AA1;DST;RPL13A;REXO2;NPC2;PCCB;DSG2;TMBIM6;TOP1;MET;RAB1A;GTF2A1;SEC23A;ROCK1;C1S;SEMA3C;C1R;NDUFB4;VPS4B;NDUFB2;SELENBP1;EIF4H;IARS2;EIF4E;WASF2;SEC11A;ATP9A;CYB5A;NDUFA5;CNBP;ERAP1;PTPN11;HNRNPAB;SORL1;MYO1B;SUCLA2;EIF3K;MGAT4B;P4HB;SEC24C;TPT1;IFITM3;EIF4A1;IFITM2;HDAC11;ZDHHC7;SPATA20;IFI30;RPS15;EFR3A;RPS19;PPP2R1A;RPL36AL;FTH1;RPS6KA2;LGALS8;PTGDS;RPS11;RPS12;ATP6V0E1;IL1R1;ECH1;HLA-B;HLA-C;CSNK1D;ACSL3;TM4SF1;COX7A2L;SLPI;AKAP9;SUCLG1;MMADHC;MT1E;CUTA;GPM6A;MAOB;MAGED1;STXBP1;TEX261;TGOLN2;SNX1;SRPK2;VAT1;WWTR1;SURF1;MICAL2;PRG4;PUM1;CIDEC;EXT1;RPL27A;GOLGB1;PDE3A;MAGED2;RPS24;FKBP11;SYNM;GPAA1;BMI1;N4BP2L2;PTPRF;RAB22A;PPP3CB;DHX15;RAC2;SDF4;PHGDH;DLAT;UBXN4;CTSD;CTSB;COX8A;CCT3;CD53;TNFRSF12A;NBPF10;ZDHHC11;RAP2C;CTTN;IL1B;CSDE1;MICU2;CD44;RAB7A;DYNC1I2;CD63;TAGLN;CAB39;AKAP1;CST3;LIMA1;ANKMY2;OS9;PNMA1;ATP6V0E2;DYNC1I1;CA12;DYNC1H1;TMEM176A;YIPF5;SORBS2;KLK11;YIF1A;PDP1;SPCS3;KRT19;SPCS1;GSTA4;HNRNPA2B1;TCEA1;ESYT1;CD81;EEF1B2;CCND2;TMEM147;PLAU;BASP1;ACAA1;TBC1D2B;SDHC;WBP11;TUFM;DPM1;ALDH3A2;TMX4;TMEM258;TMX2;COL4A1;ILVBL;COL4A5;VCL;SIDT2;ATP6V1A;TMED10;TSG101;H6PD;SEL1L;ALOX15;HTRA1;PRPF8;SEL1L3;TMEM123;PODXL;ISOC1;CYC1;NDUFV2;NDUFV1;IVNS1ABP;HSPA9;PRNP;HSPA8;CRTAP;ARHGAP29;INHBA;HIGD2A;QDPR;COQ2;GNAS;UBA3;DEGS1;TAB2;TGFBI;LRP10;SLC35E2B;LGALS3BP;RERE;GSK3B;ACADVL;HSPB8;YBX1;MEA1;CXCL3;PKD2;YBX3;CALB2;TMEM100;UFL1;SEC61A1;LASP1;UPK1B;NPTN;UQCRFS1;RBM6;USP46;SRGN;ARHGEF12;ATP6AP1;PLAUR;TBC1D9;RPS3A;UPK3B;TGFBR2;EEF1G;VCAN;SFPQ;CREB1;EEF1D;NDUFS6;PEAK1;ALDH1A2;CAT;CRY1;NDUFS2;TERF2IP;BCL2A1;MVP;DDX21;ASAP1;ADD1;CRYZ;IL1RL1;OXCT1;SPOCK1;BNIP2;TIMM8B;MX1;ATP2B4;SOD2;USF2;ERCC1;S100P;PTX3;VIM;GPD1L;ATP13A3",5.30612244897959,26
"25","diethylstilbestrol mus musculus gpl81 gse1839 chdir up","344/930",1.40563944356994e-51,3.92454532644729e-50,0,0,2.18871285868804,256.279337746853,"IFITM3;GLTP;NCKAP1;TFRC;IFIT3;RPL7;PSMD8;LGALS3;GJA1;ALCAM;CAPNS1;PSMD4;PPP2R1A;FTH1;PSMD3;BSG;AP1S1;PGLYRP1;ATP6V1E1;RPS11;JUNB;B2M;RPS12;STARD3;SLC34A2;ACOT9;ST6GAL1;CPT1A;RPL21;SERPINF1;CSNK2A2;SLC11A2;KRT7;RNASE4;SCAMP2;WDR77;SFRP4;POR;ETHE1;CLDN7;FDX1;UQCRC1;PSME1;JTB;PSME2;TXNIP;SUCLG1;TLN1;ATP6V0D1;RIN2;PADI1;ASF1A;SKAP2;CDC42SE1;CUTA;PDXDC1;MGST3;CFI;TEX261;IQGAP1;PRDX3;PLAC8;PRDX4;ZNHIT1;PRDX1;S100A13;CD14;S100A14;PROM1;ST3GAL1;SPRR2B;PCK2;SNX6;FDFT1;CTSA;VASP;RPL41;JUP;ST13;GADD45A;FUCA1;TMEM50B;CP;MRPL24;SMARCA4;COL1A1;CS;RNF103;EIF6;QARS;FXYD3;FASN;RPL27A;SNAI2;CALM3;SPRR1A;EZH1;SPRR1B;PIGR;DAZAP2;BTG2;TRAM1;PIGT;BTG1;SLC44A4;RPLP0;MRPL34;PEPD;PHF7;LITAF;WFDC2;UBL5;FAM102A;CSRP2;UBL3;CSRP1;CTSK;SEC61G;CTSH;QSOX1;JAK3;CTSD;CTSB;ELOVL1;TMED9;TPI1;ANXA2;ARG1;ANXA3;SPHK1;SSR3;FOS;AMPD3;MED27;RHOC;F3;SRP9;COPZ1;DDB1;MRPL52;PSMA6;UGDH;PLSCR1;MED24;CTTN;PSMA2;KRT36;CD47;PAFAH1B3;ATP6V0C;ARF5;C1QB;C1QA;TAGLN;ASAH1;GRN;CRCT1;MRPS34;NEDD9;NEDD8;CAPG;UQCR11;UQCR10;COX5B;GNAI2;EPCAM;LMAN2;PSMB1;AGR2;FLNB;RPS2;RABAC1;PAK2;BRD4;CBR3;SMAGP;GOLM1;SLC31A1;TMEM176B;TMEM176A;YIPF5;KRT13;PSMB9;FKBP1A;RIT1;KRT19;KRT16;NUCB1;PNPLA2;FCGBP;MTCH2;CD82;CD81;SRP14;SAT1;CLU;ACTG2;CNDP2;RGS3;PIM1;OSTF1;TMSB10;AP2M1;SH3GL1;KRT6A;PDGFRA;RALBP1;TRAPPC2L;USP3;TAP1;CYBA;TMEM134;PCP4;DPM3;COL4A1;HGS;LY6D;ERP29;SNRPE;ERH;IL6ST;VCL;SIDT2;HIST1H2BC;ATP6V1A;FKBP2;TMED10;CD151;H6PD;TACSTD2;HTRA1;GSTT2;SLC38A10;COX7A2;PSEN1;AEBP1;CORO1B;PLD3;DPP3;SOCS2;SLC9A3R1;CNN1;SDCBP;PGK1;ISOC1;IGFBP6;MPDU1;IVNS1ABP;PRNP;COA3;EPHX1;ISG15;INHBB;NFKB1;HIGD2A;NFKBIA;MOB1A;DAP;COL5A1;LCN2;CHMP2A;ALPL;CRYL1;TAB2;MAN2B1;LRP10;CNIH4;COPE;LGALS3BP;GSK3A;WDR1;RNF13;PRKCSH;YBX1;MEA1;HK1;SEC61A1;LASP1;CAPZB;VPS72;RNPEP;FLOT1;MFSD1;GUSB;HIST1H1C;DSP;TGIF1;ACTR2;BUD31;NDUFC1;LSR;TAPBP;PKM;NPC2;NDUFS6;DAD1;RASA4;IRF1;ESRP1;ALDH1A2;TMBIM1;ATP6V1B2;IRF7;COL6A3;DSG2;SLC25A4;SMPDL3A;IRF9;LTF;LAMA5;PON3;CEBPB;SMARCD2;NDUFB6;CEBPD;SEMA3A;LAMA3;NDUFB2;ATP1A1;HSD17B11;USP18;PSMB10;MUC1;ERBB3;OXCT1;VPS53;POLR2F;STOM;IGF2BP2;MTA2;MAPK6;PTPN18;PPP1R14B;LAMB3;IDH3G;NAGA;KLF4;ATOX1;CHFR;PFKL;DES;GLB1;CD9;SLIRP",3.48837209302326,12
"26","valproic acid mus musculus gpl1261 gds3002 chdir up","447/1372",1.82457897571412e-49,4.8982927886479e-48,0,0,1.92782100160436,216.350329375566,"SERPINE2;RPL31;RPL34;RBPJ;FNBP1L;RPL8;CLDN1;LIPA;PHB2;RPL9;RPL7;DPYSL3;AP1S2;RPL36;CYP1B1;RPL35;RPL38;PRKACB;ACOT7;TSPYL1;RPL21;RPL23;RNASE4;NISCH;PRKAR1A;TXNIP;RPL24;RPL26;RPL28;UBA52;ASF1A;TSPYL4;SKAP2;LRPAP1;WDR61;ADH5;GLG1;PRDX3;PRDX4;PRDX1;S100A13;S100A10;FDFT1;JAG1;TEX30;H3F3B;TIPARP;ST13;FUCA1;TMA7;MRPL24;PRDX6;COL1A1;CS;QARS;SNAI2;FXYD5;TMEM9B;ARF3;PYGB;CDKN1B;ADK;SNX10;CLINT1;MRPL41;CSRP2;UBL3;CSRP1;TRIM2;RPLP2;TPI1;ANXA3;PAWR;SRP9;MED28;MRPL52;GCHFR;TUBB2B;GPRC5A;PSMA4;TUBB2A;PSMA2;CHST1;PLIN3;SLC29A1;PCYOX1;SF3B5;ASAH1;GRN;WDR26;GSTP1;COL11A1;LRRC17;HSPA13;PTGS1;PSMB7;EXTL2;ERMP1;RPL14;RPL13;RPL15;RPL18;GSN;GOLM1;SYNJ2BP;TM9SF2;GATM;RYBP;OSTM1;YPEL5;CRLF1;FRYL;LAMTOR5;MSRB1;PLOD2;AHR;APEH;TM7SF3;RPL10A;SAT1;LAPTM4B;TMSB10;BNIP3L;MAP2K1;MREG;RPS7;RPS8;USP3;RPS5;F2R;SARS;RPSA;RBX1;ARMCX3;NAAA;FSCN1;SNRPG;ADAM9;SNRPE;FKBP4;FKBP3;KHDRBS1;ARL3;SLC38A10;CORO1B;SLC9A3R1;BTBD1;TPR;PGK1;OSBPL9;OSBPL8;AKIRIN1;WFS1;M6PR;ASNS;TVP23B;LSM5;MARCH6;HOPX;DRAP1;MARCH2;COPS6;PLXNB2;CPE;TPP1;SERINC1;OGT;NOP10;RNF187;SLC25A1;MCFD2;PTEN;ATRAID;MRPL4;SCPEP1;MRPL2;GM2A;NCK2;EFHD2;IDH3A;GPX4;LANCL1;SORD;HAUS4;NDUFC2;RPL13A;EDF1;NIPSNAP1;NPC2;RPL37A;TMBIM6;PRPS1;CEBPB;SMARCD2;NDUFB6;C1S;VPS4B;GLRX;HSD17B11;HSD17B10;HDAC6;PPM1G;DRAM1;DNAJB4;VPS53;EIF4H;POLR2F;FYN;IGF2BP2;EIF4E;CTNNAL1;EIF4B;SPAG9;PPP1R14B;NDUFA6;NDUFA5;NDUFA2;NDUFA1;NAGA;RPL23A;TPD52L1;KLF4;HNRNPAB;OXR1;ATOX1;MARCKS;EIF3K;EIF3L;PSAT1;PDCD4;EIF3H;CD248;EIF3E;EIF3F;RECK;EIF3D;PFKP;EPHB6;GLTP;AHCYL2;IFITM2;ARL6IP1;PITPNA;CISD1;IFIT2;RPS15;RPS14;RPS6KA3;EFR3A;RPS19;PPP2R1A;RPS18;RPS6KA2;BSG;ATP6V1E1;RPS11;B2M;SOX4;AGFG1;SRRM2;ST6GAL1;CPT1A;ASRGL1;TM4SF1;DHX40;CARHSP1;COX7A2L;SUB1;NINJ1;SUCLG1;HECA;ATP6V0D1;TRIB2;PTGES;CUTA;NRN1;ANP32A;IGSF3;STXBP1;MGST3;CSTF2;TWF1;GNG10;RRAS;ATP6V1C1;SPTBN1;SRPK2;VAT1;EGR1;TMEM50B;MANF;EXT2;AKR1B10;RPS29;ID1;SDC1;CALM3;RPS20;ALDH18A1;RPS21;RPS24;ITM2C;CDS2;DAZAP2;ECM1;PPP1R11;GDI1;CITED2;CETN2;TECR;CTSZ;TFB1M;AKAP12;ACTR1A;XPO1;CTSH;TMED2;PHGDH;CTSD;SPTAN1;CTSB;HTATIP2;COX8A;ATP6V0B;RHOD;ITFG1;MLF2;ENAH;CTTN;MICU1;ATP6V0C;DYNC1I2;MYCBP;PRIM1;HSD17B4;NEDD8;CRIP2;PTN;COX5B;GNAI2;CST3;PGRMC1;FILIP1L;EPS15;NPDC1;TMEM176B;C1GALT1;KAZALD1;PPP1CA;TJP1;GSTA4;AXL;CCNG2;ESYT1;FAU;GRINA;TJP2;GALNT12;KDM1A;CD81;NDUFA10;PLAT;SRP14;CNDP2;EEF1B2;CCND3;CHCHD2;CCND2;BASP1;FAM162A;DENND5A;PDGFRA;PAM16;SDHC;COX6B1;TMX4;PREPL;COL4A1;COL4A5;ABCG2;ATP6V1A;RTN3;TMED10;PSMD14;HTRA1;COX7A2;NID2;PLD3;ISOC1;CYC1;NDUFV2;NDUFV1;PRNP;HSPA8;EPHX1;ARHGAP29;UBE2A;IGF2R;GULP1;HIGD2A;GCLC;DAP;DNAJC10;CHMP2B;UBA1;MAN2B1;TGFBI;LRP10;B4GALT3;HMGB3;TNFAIP1;PKD2;RND3;HK1;HS2ST1;RPS4X;NPTN;UQCRFS1;MFSD1;IFT57;SUN2;DESI2;H2AFZ;DCXR;VCAN;BLVRB;NDUFS2;MYH9;PFDN5;CRYZ;PDLIM1;DNPEP;GMDS;DDT;NT5DC2;STOM;MAPK1;MAPK3;IGBP1;TAF10;USP22;ABHD17A;PMP22;CDK2AP2;CD9;KRAS;ATP13A3",4.02684563758389,18
"27","cyclophosphamide homo sapiens gpl8300 gse7114 chdir up","274/680",3.15492749353168e-49,8.15607181661153e-48,0,0,2.38426731639401,266.269499718282,"RPL4;EIF4A2;IFITM3;NCKAP1;IFITM1;RPL3;IFITM2;SPARC;GUSBP11;TFRC;RPL31;KDELR1;RPL34;UBE2L6;SPINT2;THUMPD1;BACH1;PHB2;RPL9;PWP1;IFIT3;EPS8;RPS15;RPS14;GJA1;RPS16;LGALS1;RPS19;ZMIZ1;PPP2R1A;RPL36AL;RPS18;DPYSL2;FTH1;CREB3L2;TNFSF10;RPL35;RPL38;ATP6V1E1;RPS11;FBXO7;IER2;SOX4;RPS12;ALG8;ATP6V0E1;RSAD2;NUP93;COX7A2L;CFDP1;ETHE1;PSME1;MT1F;VDAC3;RPL24;PSME2;MT1H;RPL28;MT1E;SET;GYPC;IGSF3;MAGED1;STXBP1;TXN;ADH5;SULT1A1;LARP1;PRDX1;S100A13;SERPINH1;GSE1;HOXC6;GSTM4;BTF3;VASP;STAT5A;RPL41;YES1;XRCC5;FUCA1;EIF2AK2;IFI44;PUM1;PBX1;PTK2;RPS26;BST2;FIBP;RPS27;RPS29;RPL27A;ID1;PPT1;SDC1;MAGED2;RPS21;ADA;AARS;ARF3;CLIC4;RPLP0;QPRT;FAF2;LPCAT1;PFAS;CLINT1;CTSO;TUBA1A;ANXA7;CTSH;PHGDH;TIMP1;CAMP;CCT3;CD53;ZHX2;WARS;PABPC4;ACTL6A;ITPK1;RRAS2;PAX6;RHOC;SLC39A14;DUSP6;SERPINB6;PSMA6;IL1B;RAPGEF2;ASAH1;SF3B2;STAU1;RPL12;RPL11;COX5B;TYMS;SLC7A1;TRAK2;PGRMC1;RPS15A;PSMB1;UCP2;RPL14;RPL13;RPL15;RPS2;CCT8;RPL18;RPL17;EPS15;NQO2;LAPTM5;DHRS3;PSMB9;TM9SF2;PSMC5;DHRS7;RYBP;DLC1;NUCB1;FAU;SIGLEC6;PNPLA2;HDLBP;ATP12A;RPL10A;EEF1B2;LAPTM4B;TMEM147;CCND2;FCGRT;KHSRP;ARHGDIB;PIM1;CAPN1;TMSB10;IK;RPS8;RPS6;SARS;ACOT13;KAZN;ATP1B1;TUFM;RAB32;TPST2;ALDH3A1;RAB31;SYPL1;MAPKAPK3;HNRNPUL1;FSCN1;S100A4;SNRPE;FKBP4;FAM8A1;ATP6V1A;IDI1;FKBP2;COPA;HTRA2;COX7A2;SEL1L3;SOCS2;MAN2A1;NAE1;PLTP;HSPA8;TGFB1;EEF2;LSM2;COPS6;TBXAS1;UBE2N;TAB2;SLC35E2B;SLC25A3;WDR1;DUSP11;RPS4X;HHEX;LASP1;CAPZB;SUMO2;NUP62;FLOT1;UQCRFS1;GUSB;HSP90AA1;RBM14;GPX4;DYNLT1;CAD;TBC1D9;NIPSNAP1;EEF1G;RCN1;TFDP2;NPC2;PCCB;RPL37A;BLVRB;RBMS1;MYH9;TMBIM6;ITGA5;TOP1;PFDN5;RALB;RPL36A;ADD1;PPM1G;PDLIM1;CBS;STOM;FYN;HES1;CAMK2G;NAA10;NDUFA2;ASS1;MARCKS;EIF3K;GLB1;EIF3I;ERCC1;PMP22;ERCC8;EIF3F;VIM;EIF3D;PFKP;TPT1",3.64963503649635,10
"28","imatinib homo sapiens gpl96 gds3047 chdir up","387/1137",1.00716242121574e-47,2.51071203574494e-46,0,0,2.01402007775054,217.945898731303,"TMEM97;MYC;PSMD3;NAMPT;AKT1;SMCO4;IER2;ACOT7;MBNL2;FNDC3B;WDR74;DNTTIP2;WDR77;EML4;SLC5A6;NUP93;PSME3;MAP1B;FDX1;HOXB2;ATF3;SHMT2;PDGFA;IQGAP1;MRPL12;RRP7A;FAM171A1;PRDX4;EPB41L2;SERPINH1;FDFT1;JUN;H3F3B;EDEM1;NR2F2;MRPL24;MLLT11;SETX;GLUD1;UCK2;GLUD2;EHD4;EIF6;FASN;HYOU1;FARSA;ARF3;GPI;ADO;LITAF;PFAS;WDR43;OSBPL10;IMPA1;NELFB;TIMP1;C11ORF24;DUSP5;TPI1;NSUN5;RRAS2;SERPINB9;FOS;GNL2;SLC39A14;SLC7A5;SLC7A6;SLCO4A1;CDC42EP4;GART;SF3B4;ZNF593;HSPA14;SLC7A1;HSPA13;BCLAF1;FLNB;BID;EGLN3;SMAGP;WDR18;LAPTM5;BYSL;RYBP;LYRM4;FABP5;WT1;ZYX;TSR1;NUCB1;MSRB1;IPO4;LAPTM4B;APMAP;PIM1;PMPCA;PIM2;TMSB10;SLC38A1;RNF44;MAP2K1;CISH;TPM4;IGFBP4;UBE2E1;SARS;POLRMT;DGKZ;CDC25B;TPST2;ACLY;RAB31;MAPKAPK3;MRTO4;SNRPG;ERH;FKBP4;FKBP5;CD151;INSIG1;MAZ;CREM;ITPR1;UAP1;AK4;HSPBP1;HSP90B1;SOCS2;EIF4EBP1;PGK1;PLXNA1;PLTP;MCL1;COA3;AKIRIN1;SDF2L1;GOT1;FUS;GFPT1;ASNS;ARPC4;DHCR24;TOR1B;G6PC3;RHEB;DHCR7;CNIH4;BCL2L1;EIF4G1;MCFD2;WDR1;PIK3CB;KIAA0100;MRPL4;MRPL2;OPA1;SNRNP70;RNPEP;EFHD2;TNPO1;IDH3A;EIF5B;HSP90AA1;AHSA1;REXO2;TNFRSF1A;SLC25A15;DNAJC2;PKM;ASPH;ITGA5;PRPS1;CEBPB;CEBPD;IL2RG;SRM;PPM1G;FCHO1;POLR2E;POLR2F;POLR2H;SH2B3;SEC23B;SPAG9;PPP1R14B;CYP51A1;CDC42BPA;HNRNPAB;MARCKS;P2RX5;KLF6;PSAT1;IMPDH1;POLR3G;PTPN7;P4HB;IFITM3;IFITM1;IFITM2;SLC35B1;CISD1;PPP2R2A;PWP2;PWP1;RPS6KA3;LONP1;RCC1;SNRPD3;TMPO;ALG8;ST6GAL1;ALG5;ALG3;ACTN4;ACSL3;POR;SUB1;CCDC86;TFAM;TRIB3;PFN1;BEX4;TXN;ZMPSTE24;DHX30;RAB11FIP1;TSPAN4;ASL;SPTBN1;PCK2;VASP;RPL39L;EGR1;YES1;SMARCA4;MANF;NET1;BST2;ID1;CALM3;CD24;CD320;ECM1;DAZAP1;PTGDR2;SLC35F2;SLC7A11;ACTR1A;RAC2;ARIH2;CTSH;SDF4;TMED2;PHGDH;UTP14A;CCT3;CD53;WARS;PRMT1;NBPF10;RHOG;MRPS2;AMPD2;GAB2;RHOC;APRT;MLF2;RHOB;KIF2A;CD47;DBN1;MYCBP;TOMM40;CAB39;SLC20A1;AMIGO2;CAPG;LIMA1;EXOSC5;PGRMC1;PES1;TBL1X;EMC7;PAK2;GABBR2;RANBP1;NQO2;GCH1;MPP6;YIF1A;FKBP1A;BOP1;SPCS3;CCNG2;MARS;HNRNPA2B1;KBTBD2;ESYT1;GRINA;DPAGT1;SCARB1;GOLT1B;FHOD1;POGK;COMT;TOMM22;CCND2;TMEM147;PLAU;ARHGDIA;ARHGDIB;G6PD;PDIA5;TUFM;PDIA4;PRPF4;MAP7D1;VCL;RAI14;IDI1;TMED10;NOP2;SLC1A5;RASGRP2;SEL1L3;EBP;IVNS1ABP;YARS;HSPA9;DARS;TGFB1;SMURF2;SLC52A2;CBX1;NFKBIA;DNAJC10;UBE2N;SRPRB;DEGS1;UBA1;BLMH;GCLM;FGF13;CHD7;MEA1;CXCL3;CXCL2;YBX3;LMNB1;CALB1;FLOT1;IFT57;TGIF1;SRGN;RBM14;DESI2;CAD;CTPS1;LSR;SFPQ;TMEM214;IRF3;ALDH1A2;PFDN2;DDX21;HMGCR;CRYZ;MUC1;CBS;NT5DC2;LEPROTL1;POLD2;STOM;HES1;ABCF2;ATP13A1;HSPE1;GALE;PMP22;RBM42;CDK2AP1;SPRY2;SLIRP;VIM;SSBP1;GLA;CKLF",4.39276485788114,17
"29","paclitaxel homo sapiens gpl570 gse11550 chdir down","253/617",4.41796512008648e-47,1.06335850131737e-45,0,0,2.42632320926798,258.975597716181,"GLTP;NCKAP1;EIF4A1;IFITM1;RPL3;SPARC;SERPINE2;TFRC;MT1X;RPL8;PHB2;RPL9;ELK3;LGALS3;MT2A;RPS19;FTH1;RPL36;TRIM24;PXDC1;RPL38;RPL37;RPS11;RPL39;IER5;B2M;SEC63;ATP6V0E1;RPL23;FNDC3B;HLA-B;DNTTIP2;HLA-C;ACSL3;WDR77;MAP1B;SUB1;PSME1;MT1F;YME1L1;MT1G;MT1H;RPL26;KDELR3;MXRA7;RPL28;ATF4;MT1E;STXBP3;RPN1;TWF1;NMD3;ZC3HAV1;SNX3;PRKAR2A;S100A13;AMZ2;RSU1;HOXC6;ABCA1;BTF3;RPL41;H3F3B;TIPARP;TMA7;PRRC2C;MLLT11;RPS25;COL1A2;RPS27;STAG2;PPT1;HYOU1;RPS20;HNRNPC;FXYD5;PSMG2;PAM;BTG3;DAZAP2;CLIC4;BTG1;OSBPL10;AKAP12;TUBA1A;CSRP1;TIMP3;TMED2;SDF4;TIMP1;TMED7;CTSB;CCT3;TMED9;SERPINB2;ANXA2;TNFRSF12A;ACTL6A;ANXA5;ITPK1;NBPF10;DYNLL1;COQ10B;SLC39A14;ENAH;GAK;SLC7A5;MED25;TUBB2A;PLSCR3;IL1B;WAC;ERGIC2;CD44;SF3B4;CD63;ASAH1;AMIGO2;NEDD8;PTN;GPNMB;RPL13;RPS2;RPL18;EMC7;YTHDF2;CD70;C1GALT1;SPCS3;OSTM1;KRT17;MARS;AGRN;C11ORF58;RAB3GAP1;LIMS1;GOLT1B;HDLBP;PLAT;AHR;COMT;SRP14;SAT1;NARS;LAPTM4B;CDH2;SLC16A6;PHLDA1;TMSB10;TMEM14B;IGFBP3;CSGALNACT2;RPS6;WNT5A;KRT75;DPM1;SYPL1;COL4A2;COL4A1;ERP29;SNRPG;ERH;IL6ST;TXNDC9;INSIG1;COPB1;TNFRSF11B;COX7A2;HIGD1A;HSP90B1;PLXNA1;SOCS5;PRNP;HSPA8;HMGA2;INHBA;EEF2;MARCH6;GULP1;G6PC3;RHEB;P4HA2;DNAJC10;LCN2;MDM2;GNAS;SRPRB;MAFK;DEGS1;MAN2B1;TGFBI;TCF3;SERINC3;ITGB1;SLC25A3;WDR1;PRKCSH;RND3;RPS4X;SEC61A1;LASP1;SUMO2;C9ORF16;PMEPA1;CEP170;TNPO1;ACTR2;HSP90AA1;ITGA2;MMP2;PLAUR;NDUFC2;NDUFC1;TAPBP;EEF1G;VCAN;RCN1;SFPQ;NPC1;RER1;COL6A2;RPL37A;RBMS1;TOP1;PFDN5;RAB1A;CEBPB;DDX21;RNF6;RRBP1;ATP1A1;THBS2;U2AF2;EIF4E;SEC23B;GALNT7;NDUFA6;CNBP;GALNT1;SEMA4C;CYP51A1;CCDC59;ATP2B4;ATP2B1;MYO1B;TSPAN13;PSAT1;CD9;CDK2AP1;P4HB;VIM;SSBP1;TPT1",3.95256916996047,10
"30","imatinib homo sapiens gpl96 gds3048 chdir up","862/3363",9.40220186975008e-46,2.18757896836185e-44,0,0,1.51667907106046,157.246207796906,"ITSN2;ZFYVE9;RBPJ;PSMD9;TBK1;CAPNS1;PRKACB;TMEM8A;MEF2A;GSTK1;RBFOX2;CSNK2A2;RFX1;PDZK1;RUFY1;RBP4;TFR2;ZC3H11A;ETHE1;CLDN7;PSME1;TXNIP;RBCK1;LETMD1;SKAP2;MTMR1;LXN;MEPCE;ZNF22;ZC3HAV1;BAZ2B;ABCB9;SULT1A1;CYB5R1;LARP1;RHOT1;CYB5R3;PRKAR2B;PRKAR2A;KCNMB2;AMZ2;SULT1A2;ZBTB7C;GSTM4;CREBBP;C11ORF21;JUP;LRBA;FUCA1;PBX2;EIF2AK2;AZU1;ABCA8;MRPL22;DHFR;COL1A1;CS;QARS;PKIG;EZH1;TMEM9B;C5ORF30;HEXA;QPRT;PIGP;CTCF;MRPL35;PCMTD2;TUBA1A;APPL2;OFD1;ELOVL1;RING1;DUSP1;SPHK1;SIRT5;EMP2;BAZ1A;TMC5;HIST2H2BE;DDB1;MED25;MED24;PIGK;RAPGEF2;SLC29A1;PIGG;CRYAB;PAFAH1B3;ARF5;KANK2;STAU1;CRCT1;LRRC17;PTGS1;NRAS;EXOSC10;UCP2;C11ORF49;STAT6;FLNC;GC;CYP2F1;RABAC1;MBD4;EGLN2;CRBN;TMCO1;LYRM2;UBAP1;AGRN;YPEL5;FRYL;PLOD3;ZBTB20;FBXO21;CASC1;SAT1;SLK;NFATC2IP;SLC16A6;SLC16A7;PMPCB;MAP3K8;CIR1;SLC16A3;MAP3K4;AP2M1;MYLIP;BNIP3L;S100A1;ATP11B;FBXO11;C12ORF10;UTS2;MAL;S100A4;IL6ST;PFKFB2;C11ORF95;KHDRBS1;TUBGCP2;CREBL2;FOXO3;FOXO1;RAP1GAP;CORO1B;FBXO40;SNN;ATXN7;EIF4EBP2;ZKSCAN1;NADK;SOCS5;TIA1;UROS;FBXO34;FOXN3;DRAP1;MFHAS1;RGCC;STK24;SP3;DMXL2;LCN2;OGT;ZNF652;BCAR3;SLC25A3;AKAP8L;PTEN;NENF;ETFB;NXT2;ALAD;DSE;SUMO2;ITGB7;PGLS;SPG11;EDIL3;EMX2;PPP1R12A;DST;MSL3;VEZF1;ARFGAP3;SLC25A16;NPC2;ADORA2B;PCCB;TMBIM1;TRIM58;ST6GALNAC4;MET;PPP1R15A;NDUFB1;PRCP;HSD17B11;MALT1;GANAB;DRAM1;FYN;IGF2BP3;E2F4;IGF2BP2;UBQLN4;ATP9B;EIF4B;UBQLN2;SLC25A24;SEC24A;NDUFA6;NDUFA5;ERAP1;NDUFA1;SLC25A38;NAGK;TSPAN13;EIF3L;PDCD4;PDCD2;ZNF611;EIF3F;SEC24C;SMAP1;AHCYL2;LPGAT1;UBE2L6;ZDHHC7;IFI35;SPATA20;IFI30;TXNDC15;LGALS3;EFR3A;BSG;TNFSF10;PIEZO1;EIF2D;LGALS8;FBXO7;TRIM21;SEC63;PAQR6;ECH1;FOXH1;GOLPH3L;CSNK1D;ANK1;ASRGL1;CFDP1;KEL;IFI27;MXRA8;MXRA7;TP53;TRIB2;CES2;PIK3R3;PIK3R1;SNX3;SNX1;APOM;TSPAN8;PPCS;NEU1;APOE;PCK1;ATP6V1C1;SNX6;CTSA;SURF1;EAF2;MICAL2;BSDC1;SMARCA2;PTK2;TF;ALDH6A1;CDC16;CD27;COL9A3;DHX29;SLC2A4RG;TP73;MRPS14;GPAA1;CTSZ;AP4E1;MRPS10;BMI1;PEPD;KIF17;N4BP2L2;RAB22A;PTPRF;PPP3CB;ACTR1B;MAP1LC3C;NMRK1;UIMC1;IDS;CD36;NANS;CTSD;HTATIP2;CTSB;NDEL1;MME;GAA;UFC1;MICU1;NAPA;DYNC1I2;CD63;TAGLN;SSNA1;SATB2;HSD17B4;COX5B;RXRA;OS9;FILIP1L;NPDC1;CD70;AKR1C1;KLK13;AKR1C3;PPP1CA;GFI1B;PNPLA6;ACAA2;NARF;CD83;AMHR2;MPG;SRP14;NR3C1;COX6A2;CLGN;TGM1;CCND3;AKR7A2;RGS2;AKR7A3;KIF5A;IGFLR1;CAPN1;ACAA1;SH3GL1;PDGFRA;ACOT13;SDHC;TBC1D2B;TMEM251;DHDDS;ZNF91;HHIPL2;RPP25;SIDT2;PPIC;RTN3;TSG101;NXPH3;SLC41A3;HTRA2;DAPP1;PLD3;TAF5L;SPTA1;CNN1;CALCR;PACSIN2;ISOC1;TAC3;CRTAP;ZFHX2;PHF11;ISG15;IGF2R;TMEM230;CLK3;GULP1;HIGD2A;SSH1;VIL1;QDPR;GCLC;CPS1;GNAQ;MKRN1;UBA3;GNAS;TAB2;TCF3;LSM14A;SLC35E2B;LGALS3BP;TNFAIP2;PCTP;UFL1;LASP1;BCL7B;MYBL2;LRRFIP2;MAN1A1;CA8;CNPPD1;TTC37;RBM14;ARHGEF12;ATP6AP1;TAPBP;CREB1;RER1;EEF1D;ACOX1;IRF1;PPDPF;CAT;IRF7;BLVRB;IRF9;MVP;RAP1GDS1;ASAP1;DNAH9;AGPAT1;PPOX;CLCN3;AGPAT2;ADD1;HMGCL;MTA1;GALNT6;TAF10;TAF11;ATP2B4;USF2;CHFR;GALC;REST;GLB1;ABHD17A;ERCC1;CD9;CHPT1;FAM50A;RB1;GUSBP11;RPL31;ABAT;FNBP1L;EPRS;BACH1;TPGS2;RPL7;ZMIZ1;ZMIZ2;CREB3L2;PIP4K2A;HOXA7;RPL21;SERPINF1;GTPBP1;NISCH;DYNC1LI1;MAP1A;RPL29;RPL28;ASF1A;TSPYL4;CFD;ZNF395;CFI;ENDOD1;NEDD4L;MEFV;ADH7;RIC8A;NCSTN;CHST11;BLOC1S1;PNPO;ZSCAN12;S100A14;ZNF148;SERF2;S100A10;BTF3;FZD5;KIR2DS2;ST13;SETD1B;RMDN3;TRIP4;HNRNPL;GP9;TNFSF4;HNRNPD;PPT1;SERPINI1;CDK13;ADA;BTG2;BTG1;CDKN1B;TCF25;SMG8;SLC6A4;MRC2;UBL3;FAM102A;IMPA2;LDLRAP1;GPR135;ANXA2;PLLP;ANXA4;TESC;GCHFR;RNF167;EXOC3;PCYOX1;ASAH1;GRN;NBAS;PHLPP1;TANK;TMEM164;TM9SF3;RHD;GPNMB;CHN1;RPL15;AGA;RNF130;APOL2;SF3A1;CDKN2C;DMTN;GSN;YTHDF3;KIDINS220;CARD8;MOCOS;WWP2;DHRS1;WDR13;DHRS3;FIG4;TM9SF2;OSTM1;ABI1;AGBL2;RHAG;LAMTOR3;LAMTOR5;PROS1;TM7SF3;FCGRT;NBN;RAB2A;USP8;SLC15A1;MAP2K2;MREG;IGFBP5;RPS6;DYRK1A;TAP1;VRK2;BSCL2;ARMCX3;SYPL1;ARMCX6;ERP29;PHIP;FKBP9;ADNP;ANKRD36B;AK1;UBR4;RHOBTB3;SLC38A10;ANKRD10;DVL3;STRA6;MPDU1;OSBPL9;OSBPL7;CEP350;M6PR;MARCH6;MARCH2;COPS6;CNOT6;SCCPDH;P4HA2;PLEKHM1;PIR;PLXNB2;TPP1;SERINC1;CNOT8;RNF187;PLEKHF2;RNF13;SCPEP1;LBH;GM2A;SGCA;PSTPIP2;SLC37A4;CR2;SORD;HAUS4;ASPN;NIPSNAP1;TFDP2;MCM5;SMPDL3A;CCDC69;SEMA3A;RPL36A;GLRX;SEMA3F;HDAC6;SELENBP1;VPS53;ZNF747;ASCC2;WASF2;CTNNAL1;SLC35A1;IDH3G;SPAG6;AHNAK2;SEMA4C;DDHD2;OXR1;TPCN1;VAPB;CROCC;APOC1;MGAT4B;GLTP;FAM89B;TRAF3IP2;PITPNA;CALML4;GOLGA5;FTH1;ARL6IP5;ARFIP2;PTGDS;TNS3;AGFG1;SRRM2;CPT1A;ATP6V0E1;SLC11A2;KRT9;MRPS18C;CARHSP1;COX7A2L;RRAGC;AKAP9;MALL;TTLL12;TLN1;ATP6V0D1;PTGES;SLC35D1;ANP32A;LMAN2L;GYPC;IGSF3;GYPB;MGST3;GYPE;TWF1;SCFD1;INPP5F;HIST1H3F;HIST1H3G;HIST1H3H;BANP;VAT1;SRPK2;RABGAP1L;TMEM184B;PTPRN2;TMEM50B;PARP12;CIDEC;DERA;RPS27;STAG2;GOLGB1;PDE3A;MAGED2;HIST1H4J;SPRR1A;HIST1H4D;HIST1H4E;CDS2;DAZAP2;CITED2;HBD;PPCDC;EPM2AIP1;EPB41L4B;PCF11;SLC22A18;MANBA;NME4;ZDHHC11;ZDHHC17;ITFG1;FAM20B;WAC;AIDA;PRIM2;AKAP7;GDPD5;RASIP1;AKAP1;PBLD;ANKMY2;C10ORF95;ATP6V0E2;GDF11;CDX1;NFYC;C1GALT1;PDZK1IP1;ETNPPL;GSTA4;AXL;DLC1;GSTA1;RAB9A;MPHOSPH8;TJP2;GALNT12;GALNT11;STEAP3;KDM1A;FAIM2;CCDC28A;RBMX2;HIST1H2AE;HIST1H2AG;PDE8A;HIST1H2AC;TMEM14B;HIST1H2AM;NSF;RALBP1;PHYH;KDM2A;HIST1H2AI;HIST1H2AK;HIST1H2AJ;PREPL;DPM3;COL4A2;KLRF1;HIST1H2BH;HIST1H2BG;HIST1H2BD;HIST1H2BC;ABCG2;ATP6V1A;ISYNA1;H6PD;COPB1;CLEC16A;ALOX12;LTBP1;DPP3;SDCBP;MAN2A2;PODXL;MAN2A1;ATP6V1H;MPST;KLHDC3;CBX7;SMAD4;CPSF1;EPHX1;TDRD7;ACSF2;EFNA1;PYY;DNMBP;PXMP2;RFXAP;PI4KA;CHMP2A;CRYL1;MAN2B1;PI4KB;DYNLRB1;LRP10;ZCCHC2;CRISP3;USP34;SLC2A1;GTDC1;PKD2;OASL;HK1;HS2ST1;HEBP1;CASP7;ZC3H7B;CASP6;ENOSF1;C9ORF16;MFSD1;HIST1H1B;ABCC4;ABCC1;SPATS2;PPP2R5C;ARID1A;IQCG;DCN;DNM2;RASA4;MYH9;CDH16;PFDN5;ITGB3BP;HIST1H2BN;PON3;LTK;PDXK;HIST1H2BO;POLDIP3;TUFT1;PON2;NRXN3;TOB2;USP18;CHSY1;GMDS;ERBB2;LRIG1;MAPK1;CAMK2G;SASH1;USP24;IGBP1;PRAF2;MEIS2;PIK3IP1;ATP13A3",3.7122969837587,32
"31","paclitaxel homo sapiens gpl570 gse19136 chdir up","271/694",1.31155851264285e-45,2.9531220704023e-44,0,0,2.31059120440632,238.788309232513,"RPL4;IFITM3;RPL30;IFITM1;RPL3;IFITM2;SPARC;RPL31;MT1X;RPL8;MYLK;LGALS3;RPS14;RPS16;LGALS1;PSMD4;CAPNS1;DPYSL2;DPYSL3;RPL36;RPL38;RPS11;JUNB;PRKACB;B2M;TNS3;SOX4;PDK1;ST6GAL1;LIMCH1;IL1R1;SERPINF1;FNDC3B;HLA-B;HLA-C;RNASE4;HLA-F;SFRP4;ZC3H11A;MAP1B;SPARCL1;HECA;KDELR3;RPL29;NBL1;ATF3;ATF4;CFD;CUTA;ZNF395;LXN;NRN1;CTBP1;RRAD;MGST2;IQGAP1;EPB41L2;SERPINH1;CD14;SERF2;SPTBN1;S100A10;WWTR1;EGR1;JAG1;H3F3B;GADD45B;ST13;GADD45A;PUM1;CP;COL1A1;NET1;COL1A2;RPL27A;PDE3A;RPS20;HNRNPC;PSMG2;PKIG;PAM;RPS21;CDS2;ARF3;GPI;DAZAP2;BTG1;RPLP0;PIGP;PYGL;MRC2;AKAP12;CSRP2;RARS;CTSK;SDF4;TPI1;ANXA2;DUSP1;BGN;EMP1;EMP2;FOS;DYNLL1;SLC39A14;RHOB;ENAH;BACE2;CSDE1;WAC;GAS1;CRYAB;PCYOX1;KANK2;KANK1;CD63;GRN;STAU1;CAB39;ADH1B;RPL11;LRRC17;CRIP2;TRAK2;CST3;RPS3;RPL13;RPL15;RPL18;FILIP1L;EGLN1;GSN;LAPTM5;AKR1C3;SULF1;ARCN1;COL3A1;RYBP;OSTM1;NFIB;DLC1;FMOD;YPEL5;FRYL;LIMS1;NARF;CD81;PROS1;ZBTB20;PLOD2;PLAT;CLU;ETS2;ZFP36;RGS2;CCND2;BASP1;FAM162A;ARHGDIB;SLC16A3;AP2M1;BNIP3L;PDGFRA;IGFBP5;IGFBP4;RPS5;RPS6;DYRK1A;UBE2E1;CHD1L;GEM;COL4A2;COL4A1;ERP29;S100A4;NUPR1;NOTCH3;FKBP2;ITPR1;HTRA1;AK4;AEBP1;RLF;NDRG1;LTBP1;CNN1;PGK1;IGFBP6;CD99;MCL1;OSBPL9;DARS;CRTAP;TGFB1;SMAD7;GULP1;NFKBIA;MAFB;BCL6;P4HA1;P4HA2;ITGA10;GNAS;CPE;HLA-DRA;SERINC1;TGFBI;SERINC3;LRP10;NFE2L1;DDX47;PTEN;HMGB1;SOBP;RPS4X;CAPZB;FLOT1;PMEPA1;CA9;LBP;ADAMTS8;SRGN;EIF5B;GPX4;RPL13A;RPS3A;MMP9;DCN;TNFRSF1A;TGFBR2;TGFBR3;ACTA2;EEF1G;VCAN;SFPQ;NPC2;COL6A2;PPDPF;COL6A3;RBMS1;CHI3L1;ITGA5;PFDN5;TMEM45A;PPP1R15A;CEBPD;C1S;C1R;NDUFB4;THBS2;ADD1;PDLIM1;NXF1;LRIG1;SPOCK1;HES1;WASF2;CTNNAL1;EIF4B;IGBP1;RPL23A;CDC42BPA;PNRC1;MARCKS;MFAP2;MGP;PMP22;EIF3H;VIM;PFKP;TPT1",2.5830258302583,7
"32","cisplatin mus musculus gpl339 gds3099 chdir up","1029/4251",9.94619058661558e-44,2.16951282170552e-42,0,0,1.43231178462708,141.822577839822,"TMEM97;RBPJ;LIPA;CLDN1;MYLK;SCAMP5;LSM12;CAPNS1;MPRIP;DPYSL3;AKT1;SMCO4;PRKACB;FNBP4;MEF2A;RBFOX2;UNC5C;PHKA1;DICER1;SND1;CD2AP;PRKAR1B;TFR2;PRKAR1A;ZC3H11A;RBP1;UQCRC1;TXNIP;SPARCL1;CYP2E1;ATF4;SKAP2;SET;SHMT2;CRABP1;AGAP1;MRPL17;BAZ2B;IQGAP1;CYB5R1;MRPL20;LARP1;RHOT1;CYB5R3;PDGFD;HESX1;AMZ2;RSU1;NGFR;CREBBP;JAG1;JUP;CADM1;EDEM1;LRBA;FUCA1;EIF2AK3;TMA7;PBX2;EIF2AK2;MAGOHB;CP;PBX1;MLLT11;COL1A1;CS;UCK2;TBL2;QARS;FXYD2;FASN;HRC;HYOU1;SFXN1;FERMT2;TMEM9B;ARF3;MTMR14;QPRT;HEXA;PRKAG2;MRPL34;LITAF;OSBPL10;TUBA1A;HEY1;OLR1;JAK3;APPL2;ELOVL1;RIPK2;BGN;EMP1;RRAS2;EMP2;DYNLL1;MED27;F3;SRP9;DDB1;MRPL52;SLC7A5;GPRC5B;PLSCR3;PIGK;KANK2;URM1;COL11A1;CRCT1;GGA1;SRPX2;PSMB2;UCP2;NRAP;FLNB;FLNC;HARS;RABAC1;EGLN1;EGLN3;EGLN2;GOLM1;MBD1;SAMD4B;LRRC20;BYSL;COL3A1;FABP5;FABP7;UBAP1;CIAPIN1;AGRN;YPEL5;FRYL;CRLF1;LIMS1;MTCH2;RASL11B;LY75;PLOD3;ZBTB20;DEFB1;PLOD2;PLOD1;FBXO21;FADS3;OSBP;MAP3K4;AP2M1;MAP3K5;SARS;ATP11B;FBXO11;RBX1;ACLY;NAAA;MAPKAPK2;FSCN1;IL6ST;ANAPC1;PFKFB2;DLX2;STK39;TNFRSF11B;NREP;FHIT;FOXO1;NPAS3;HSP90B1;SOCS2;EIF4EBP1;ZBTB18;TIA1;SDF2L1;GOT1;FUS;UROS;GFPT1;ARPC4;MFHAS1;G6PC3;PIN1;ACO1;OGT;NFE2L1;ITGB1;AKAP8L;PTEN;FHL2;EFCAB14;ETFB;NENF;BICD2;NRGN;CAPZB;PPP6R3;NCK2;PMEPA1;ACP2;ERC1;EDIL3;DSP;ACTR2;EIF5B;PEG3;DST;KSR1;ITGA3;VPS37C;NDUFC1;ARFGAP3;PCCB;TOP1;ITGA5;LCP1;SLC25A4;COL15A1;SEC23A;CANT1;C1S;ROCK1;CXXC1;ATP10A;LRP2;HSD17B12;IL2RG;GANAB;NCLN;SH3BP4;IGF2BP3;FYN;IGF2BP2;EIF4E;SEC23B;ATP9B;ATP9A;UBQLN2;SLC12A2;NDUFA7;NDUFA6;MYO10;ERAP1;NDUFA1;TPD52L1;SORL1;HNRNPAB;TPD52L2;NELL2;SLC25A38;NECAP2;MYO1B;TSPAN13;NAGK;SUCLA2;EIF3E;CD248;P4HB;RECK;SMAP1;SEC24C;EIF4A2;EIF4A1;AHCYL2;LPGAT1;SMARCB1;KDELR1;OGFOD3;RCBTB2;UXT;EFR3A;C1GALT1C1;TRIM24;SNRPD3;ATP6V1E1;SEC62;SEC63;ACVR1;ST6GAL1;LIMCH1;FOXH1;ALG3;CSNK1D;ACTN4;ANK1;ASRGL1;GNPAT;CFDP1;KEL;SOAT1;SUB1;CDC37;TRIB3;PREB;KCTD12;KDELR3;MMADHC;TMEM87A;PEX11B;PIK3R1;KALRN;ZMPSTE24;APH1A;RRAS;TSPAN8;NEU1;ATP6V1C1;PCK2;SNX6;CTSA;WWTR1;EGR2;SURF1;RANBP17;MICAL2;IFI44;SMARCA2;SMARCA4;EXT1;CYP26A1;MSRA;EXT2;ALDH6A1;CDC16;GRB2;CALM3;AARS;FKBP11;MRPS14;GPAA1;CETN2;TECR;OTUD7B;CTSW;MIA3;SLC7A11;IDE;PTPRK;PEPD;KIF17;RAB22A;PTPRF;AKAP12;ACTR1A;ACTR1B;SDF4;PHGDH;QSOX1;SPTAN1;CTSD;CTSB;NDEL1;COX8A;SEC13;FOXD1;WARS;MME;GAA;PABPC4;ENAH;GAK;CTTN;CSDE1;IL1B;FAM193B;MICU1;CRELD2;FJX1;DBN1;NAPA;DYNC1I2;FOXC2;FOXC1;TAGLN;CAB39;SATB2;STX18;NEDD9;HSD17B4;DERL2;NEDD8;COX5B;EXOSC5;OS9;PES1;GPC3;EPS15;DYNC1H1;YIPF5;PLEKHA5;VEGFC;MYO9A;YIF1A;FKBP1A;RIT1;PER3;HNRNPA2B1;TCEA1;ESYT1;PNPLA6;PNPLA2;ACAA2;PRDM5;MPL;BCCIP;WBP1L;SRP14;ACTG2;NARS;CCND3;CCND2;IGFLR1;DENND5A;BANF1;CAPN1;OSTF1;SH3GL1;CASK;SDHC;COX6B1;PCP4;TMEM258;TMX2;MASP2;MASP1;VCL;SIDT2;PPIC;RTN3;TSG101;TMED10;UBA5;SLC41A3;SEL1L;HTRA1;HTRA2;SLC1A4;HIGD1A;CNN3;CNN2;CNN1;EBP;KIF3B;PACSIN2;ISOC1;CD99;TFAP2A;YARS;IVNS1ABP;PRNP;CRTAP;SLC52A2;HMGA2;INHBB;INHBA;MT3;IGF2R;TMEM230;BMP4;QDPR;NAT1;GNAQ;UBA3;STT3A;GNAS;UBE2N;TAB2;AMOTL2;DEGS1;TCF3;FGF13;GSK3B;MS4A3;PRKCSH;CHD7;TNFAIP3;SOBP;RND3;SEC61A1;LASP1;BCL7B;NPTN;UQCRFS1;IFT57;SUN2;RBM14;ARHGEF12;ATP6AP1;MMP2;HUNK;GLRX2;NAV2;MMP9;EEF1G;ACTA2;RCN1;SFPQ;VCAN;IRF3;TMEM214;EEF1D;PPDPF;CAT;ATP6V1B2;ATG4B;OTUB2;RALB;MVP;RAP1GDS1;RRBP1;ASAP1;RNF6;RETN;CLCN3;PSMB10;ADD1;PDLIM1;MTA1;OXCT1;TDG;BNIP2;SPOCK1;CRYM;GALNT7;MBTPS1;GALNT1;SLC50A1;CHFR;TTC17;GALE;GLB1;ABHD17A;ERCC1;RANGRF;KRAS;VIM;GLA;CYFIP2;RB1;NCKAP1;RPL3;SERPINE1;HNRNPU;ABAT;SMC3;EPRS;BACH1;RPL9;RPL7;RNF115;ALCAM;TFG;CREB3L1;CREB3L2;RPL36;RPL35;CYP1B1;PIP4K2A;HOXA1;PIP4K2C;IER5;CDK5RAP3;HOXA5;HOXA4;UNC13B;ACOT7;RPL23;SERPINF1;GTPBP1;HCFC1;NUP93;NISCH;BCAN;DYNC1LI1;MTAP;RNF128;ARMC6;MAP1B;RPL24;HOXB2;TSPYL4;LRPAP1;FICD;PDXDC1;PRKDC;RPN1;NEDD4L;WDR61;ATXN7L3B;GLG1;PLAC8;ABR;NCSTN;CHST11;GALR3;PNPO;CHST15;SERPINH1;SERF2;FDFT1;HOXC6;S100A10;ST13;PLK2;FZD6;GP2;RMDN3;BRAF;PRDX6;HNRNPL;FIBP;SLC6A8;SNAI1;SNAI2;HNRNPC;FARSA;PAM;PYGB;GABRB1;TCF25;ADK;LPCAT1;CLINT1;WDR43;GLI2;MRC2;CSRP2;IMPA1;AIFM1;CSRP1;TCTN2;TRIM2;TIMP3;ANXA2;PLLP;ANXA3;ANXA5;SSR3;COPZ2;PAWR;NUTF2;PAX6;COPZ1;AFTPH;TUBB2B;GAS1;HBEGF;GRN;WDR26;PHLPP1;RPL12;TIMM9;GCNT1;RPL11;TANK;TM9SF3;SCAF8;ERMP1;LMAN2;CHN1;SC5D;RPL15;RNF130;BRD4;FARP1;CDKN2B;GSN;MGMT;CCL20;WWP2;DHRS1;WDR13;DHRS3;FIG4;TM9SF2;GATM;NFIB;ZYX;NUCB1;PLP2;FMOD;LAMTOR3;NUCB2;LAMTOR5;MSRB1;CSF3;IRS1;TUSC3;TNC;RPL10A;TM7SF3;CLU;CDH6;CDH2;APMAP;PLS3;TMSB10;IFNAR2;RAB2A;USP8;MAP2K1;USP7;ANKRD49;TPM4;IGFBP5;IGFBP3;F2R;DYRK1A;AIP;CHD1L;ARMCX3;ADAM9;RAB38;PHIP;FKBP9;FKBP3;FKBP5;FKBP2;SEMA7A;NOTCH1;UBR4;ITPR1;SLC38A10;AEBP1;TPR;NDN;PLXNA1;COA3;WFS1;TRAPPC4;SEC16A;CEP350;M6PR;ASNS;DHCR24;MARCH6;HOPX;MOB1A;NSFL1C;CNOT6;CDK6;SCCPDH;P4HA1;P4HA2;RHEB;CPE;TPP1;CNOT8;SERINC3;NES;EIF4G2;EIF4G1;RNF13;WDR1;SGCE;DUSP11;PSTPIP1;LBH;SGCA;TNPO1;IDH3A;LANCL1;ELAC1;WIPI1;EDF1;REXO2;PTBP2;NIPSNAP1;DUSP22;ASPH;DAD1;GTF2A1;SEMA3C;RAB1B;SEMA3A;SEMA3E;AP3M2;DNAJB4;VPS53;POLR2E;ASCC2;SEC11A;PTPN18;PTPN11;PTPN13;CDC42BPA;ASS1;TPCN1;KLF7;MARCKS;P2RX5;KLF6;PSAT1;VAPB;ESF1;PFKP;BET1;OXTR;SPARC;TRAF3IP2;SLC35B1;PITPNB;PITPNA;HDAC11;PPP2R2A;RPS15;RPS6KA3;RPS18;RUSC1;PPP2R1A;RPL36AL;FLAD1;RPS6KA2;B2M;HABP2;AGFG1;SRRM2;CPT1A;METTL1;SLC11A2;ACSL5;KRT5;COX7A2L;SUCLG1;PFN1;TLN1;ATP6V0D1;NBL1;BEX4;CUTA;GPM6A;ANP32A;MAGED1;TWF1;KLK8;SCFD1;GNG10;SGPL1;HIST1H3A;STC2;SPTBN1;CDR2;VASP;SRPK2;RABGAP1L;GADD45B;GADD45A;TMEM50B;PUM1;GNG11;PARP12;DERA;MANF;RPS27;STAG2;PDE3A;MAGED2;ALDH18A1;RPS24;CDS2;CLIC4;TRAM1;GDI1;FASTKD1;MAGT1;PPCDC;UCHL1;SEC61G;CHMP1A;TMED3;ANKRD1;TMED2;TMED7;VAV3;PSD;TMED9;MANBA;GFRA1;RHOC;CBFA2T3;ITFG1;MLF2;RHOB;MDFIC;NME7;WAC;FAM20B;AIDA;DNASE1L2;MATN2;SPRR3;TOMM40;MYCBP;SLC20A1;UQCR11;GDPD5;LIMA1;ANKMY2;SHOC2;TBL1X;DCPS;GDF11;SLC31A1;NFYC;AP3D1;MPP6;SPCS3;GSTA4;FAP;AXL;DLC1;TJP2;GALNT11;GOLT1B;NDUFA10;HDLBP;ARID4B;NUCKS1;COMT;CCDC28A;TOMM22;TMEM147;BASP1;NRCAM;NSF;TRAPPC2L;WNT5A;NPY1R;KAZN;NOSIP;LIG3;ATP1B1;PDIA5;TUFM;PDIA4;DPM1;TMEM134;PREPL;PRPF6;COL4A2;COL4A1;COL4A5;NUPR1;HIST1H2BC;ABCG2;COPA;COPB1;CLEC16A;ALOX12;NID2;LTBP1;DPP3;TMEM123;PCSK1N;PODXL;MAN2A1;ATP6V1H;HSPA9;DARS;KLHDC3;SMAD4;TGFB1;CBX5;CPSF1;DAP;CAPRIN1;DNAJC10;PI4KA;CRYL1;SRPRB;BLMH;CLASRP;TGFBI;BMPR1B;COPE;B4GALT3;USP34;YBX1;PKD2;ELAVL1;YBX3;HK1;HS2ST1;HEBP1;FLOT1;MFSD1;TMEM109;GUSB;RBM6;HIST1H1C;POLG;ABCC1;CAMK1D;PLAUR;PPP2R5C;ARID1A;DNM2;TGFBR2;LATS1;DNM3;ZAP70;ALDH1A2;COL6A3;MYH9;RBMS1;PFDN2;ITGB3BP;LUC7L2;KDM3B;USP16;NXN;TUFT1;POLDIP3;PON2;ATP1A1;THBS2;ACAN;ERBB3;LEPROTL1;NT5DC2;LRIG1;CAMK2G;ABCF1;PDE6G;PRAF2;MEIS2;PMP22;ATP13A3;SCLY;SSBP1",3.98445092322643,41
"33","nicotine mus musculus gpl1261 gse31004 chdir up","553/1917",3.56826604683317e-43,7.54742333542288e-42,0,0,1.70693236782078,166.83399792522,"CYFIP2;RPL4;RPL3;HNRNPU;ABAT;SPINT2;FNBP1L;BACH1;MYLK;RPL7;EPS8;SCAMP5;GJA1;RNF115;TBK1;ALCAM;RNF114;TFG;DPYSL2;DPYSL3;RPL35;PRKACB;CXADR;RBFOX2;RPL23;FNDC3B;RNASE4;PDZK1;NISCH;BCAN;RBP4;PRKAR1B;RNF128;TFR2;ZC3H11A;CLDN7;TSPYL4;ATF4;POM121;SET;LXN;PDXDC1;SAR1B;CFI;RPN1;GATA6;ENDOD1;WDR61;ATXN7L3B;ZC3HAV1;BCL10;IQGAP1;PLAC8;HPX;PRDX4;FLRT3;PRDX1;SERPINH1;PNPO;PLEK2;PROM1;ST3GAL1;FDFT1;S100A10;CREBBP;ACE;CADM1;H3F3B;FUCA1;PRRC2C;NR2F2;L1CAM;MEX3C;CP;PBX1;COL1A1;MLLT11;HNRNPM;COL1A2;RNF103;SLC6A8;EIF6;FXYD3;FXYD2;FAT1;HNRNPD;SFXN1;HYOU1;SERPINI1;BTG1;HEXA;ADK;LITAF;CLINT1;HOXC10;UBL3;TUBA1A;IMPA1;RARS;TRIM2;ELOVL1;BRD2;ARG1;ANXA4;EMP1;LRRC40;PAWR;SRP9;MED28;MRPL52;PLSCR1;NSA2;TUBB2B;AFTPH;TUBB2A;PELI1;GAS1;PLIN3;PAFAH1B3;ARF6;GRN;ASAH1;SF3B2;GSTP1;RPL12;SLC7A1;HSPA13;TMEM164;TM9SF3;EPCAM;AGR2;RPL14;RPL13;GCNT3;SC5D;CEPT1;HARS;AGA;RPS27A;GC;BRD4;YTHDF3;GOLM1;KIDINS220;GUCA2B;ARCN1;AGMAT;TM9SF2;TM9SF1;COL3A1;RYBP;TAOK3;NFIB;FABP6;FABP7;PSMC2;LAMTOR3;HP;PLOD2;ATP12A;TM7SF3;CLU;SAT1;LAPTM4B;CDH2;TMSB10;RAB2A;SLC38A1;TLE1;MREG;RPS8;RPS6;F2R;RPSA;OLFM4;DGKZ;RBX1;ACLY;SLC9A6;SNRPG;FSCN1;MAL;PHIP;SNRPE;ERH;FKBP9;IL6ST;S100A9;S100A8;KHDRBS1;INSIG1;GSTT2;SLC38A10;HSP90B1;SLC9A3R1;TPR;SAFB2;EIF4EBP2;SDF2L1;FUS;GFPT1;M6PR;DHCR24;CNOT6;MAFB;DMXL2;SP3;CPE;TPP1;SERINC1;SERINC3;OGT;EIF4G2;SERINC5;ITGB1;SNAP25;MCFD2;WDR1;PSCA;AMD1;PTEN;SCPEP1;SUMO2;EFHD2;HMGCS2;SLC37A4;ACTR2;HSP90AA1;PPP1R12A;ITGA3;VPS37C;SORD;RPL13A;NIPSNAP1;PTBP2;SLC25A15;DAD1;MEP1A;ESRP1;TMBIM6;MCM5;DSG2;LCP1;SMPDL3A;CRP;SEC23A;SMARCD2;ROCK1;VPS4B;GLRX;HSD17B11;DNAJB9;IGF2BP3;IGF2BP2;SEC11A;SEC23B;UBQLN2;SLC25A24;SLC12A2;SEC24A;SLC12A5;CNBP;NAGA;PTPN13;KLF4;HNRNPAB;ASS1;MARCKS;TSPAN13;PSAT1;PDCD4;EIF3E;SLC25A36;EIF4A1;IFITM1;AHCYL2;LPGAT1;ARL6IP1;KDELR1;SLC35B1;KEAP1;CALML4;IFI35;IFI30;LGALS4;LGALS3;C1GALT1C1;RPL36AL;ANPEP;RCC1;SNRPD3;SOX9;CCNL1;PTGDS;B2M;TNS3;RPS12;TMPO;SRRM2;CPT1A;KRT7;ACSL5;CSNK1D;TM4SF4;SOAT1;AKAP9;PREB;KDELR3;PFN1;ALDH7A1;BEX4;GPM6A;NRN1;MAOB;STXBP1;MGST3;CSTF2;MGST2;TWF1;PIK3R1;ZMPSTE24;TGOLN2;SNX3;SGPL1;APOM;TSPAN8;INPP5F;NEU1;ASL;APOE;SNX7;TSPAN1;ATP6V1C1;SNX5;CDR2;SNX6;CTSA;RABGAP1L;PUM1;DERA;MANF;SDC1;RPS20;CALM3;ALDH18A1;RPS21;SPRR1A;RPS24;ITM2C;CDS2;DAZAP2;SYNM;TRAM1;SLC44A4;GDI1;CTSZ;MAGT1;PEPD;PTPRF;EPM2AIP1;CTSO;UCHL1;XPO1;DHX15;MUC13;TMED2;IDS;PHGDH;NANS;UBXN4;TMED7;CAMP;CTSB;CBR1;TMED9;RHOC;APRT;RAP2C;ENAH;UGDH;VSNL1;CTTN;CSDE1;TFF3;WAC;TFF1;CD47;EEF1E1;ATP6V0C;CD44;DYNC1I2;TAGLN;SLC20A1;GNAI3;PTN;LIMA1;NT5E;PGRMC1;OS9;CAMK2N1;ORMDL2;HSD17B2;GPC3;MGAT2;TBL1X;CGREF1;SLC31A1;TMEM176B;YIPF5;SORBS2;PDZK1IP1;FKBP1A;SPCS3;KRT19;GSTA4;GSTA3;HNRNPA2B1;FAU;RAB3GAP1;FCGBP;KDM1A;CD82;NUCKS1;PRDM1;ACTG2;CNDP2;CCDC28A;EEF1B2;NARS;CCND2;DMBT1;CCND1;BASP1;ARHGDIA;KIF5A;SPINK4;RALBP1;ANXA10;ATP1B1;ALDH3A2;PCP4;TMX4;VCL;HIST1H2BC;ABCG2;ATP6V1A;IDI1;RTN3;COPA;TMED10;H6PD;COPB1;PSEN1;NDRG1;CNN3;SEL1L3;CNN1;SDCBP;EBP;SCIN;FUT9;MAN2A1;PACSIN2;ATP6V1H;IVNS1ABP;PRNP;SMAD1;SMAD4;AUTS2;CBX1;HMGA2;TDRD7;VIL1;QDPR;DAP;GCLC;COL5A1;CPS1;GNAQ;CHMP2B;DNAJC10;STT3A;CRYL1;DEGS1;ALPI;BLMH;MAN2B1;TGFBI;FGF13;GCLM;LGALS3BP;GSK3B;PRKCSH;PZP;SLC2A1;HMGB3;YBX1;HMGB1;LMNB1;HK1;HEBP1;SEC61A1;LASP1;UPK1B;CALB1;CASP6;NPTN;MFSD1;GUSB;CAMK1D;H2AFZ;BUD31;DCN;ACTA2;SFPQ;RER1;EEF1D;ACOX1;ALDH1A2;IRF1;ATP6V1B2;IRF7;FBP1;CDH17;INA;LUC7L2;RBM47;RALB;PON2;SLC3A2;RRBP1;ATP1A1;HMGCR;CLCN3;CRYZ;HMGCL;GNG3;MUC2;GMDS;ERBB3;GALNT7;GALNT3;ATP2B1;MEIS2;GALE;REST;WEE1;GLB1;CD9;CDK2AP1;CHPT1;ATP13A3;GLA",3.61663652802893,20
"34","hydrocortisone homo sapiens keloid scar gds3071 chdir down","249/640",1.39118566273395e-41,2.85602233114205e-40,0,0,2.3021449704142,216.576204476461,"RPL4;EIF4A2;IFITM3;EIF4A1;RPL30;OXTR;RPL3;IFITM2;TFRC;RPL31;RPL34;SERPINE1;MT1X;RPL8;ELK3;RPL7;EPS8;RPS15;RNF115;RPS16;LGALS1;RPL36AL;RPS18;FTH1;RPS6KA2;RPL36;ARL6IP5;CYP1B1;RPL35;RPL38;RPL37;RPS11;TNS3;MT1HL1;ATP6V0E1;RPL21;IL1R1;RPL23;UQCRC1;MT1F;RPL24;PSME2;TXNIP;MT1G;MT1H;RPL26;KDELR3;RPL29;UBA52;MT1E;SET;ANP32A;MGST3;TXN;SNX3;MRPL20;GNG10;CYB5R3;PRDX1;STC2;SERF2;SPTBN1;S100A10;RPL41;JAG1;GADD45B;TIPARP;TMA7;GNG11;RPS26;GLUD1;RPS25;RPS29;RPL27A;ID1;SNAI2;RPS21;FERMT2;RPS24;FKBP11;TRAM1;COX7B;RPLP1;RPLP0;TRMT112;ANKRD1;TMED2;TIMP1;NANS;CTSB;COX8A;SEC13;ANXA2;MME;DUSP1;SSR3;EMP1;RHOC;RHOB;ENAH;PSMA6;NSA2;TUBB2A;CTTN;PSMA2;NME7;UFC1;GAS1;CD47;CRYAB;SF3B5;ASAH1;ADH1B;RPL12;COL11A1;GCNT1;UQCR11;NEDD8;UQCR10;COX5B;TYMS;TRAK2;RPS15A;CAMK2N1;RPL14;RPS3;RPL13;RPL15;RPS2;CCT8;RABAC1;RPL18;RPL17;RANBP1;SORBS2;GTF2H5;FKBP1A;PDP1;SPCS3;PLP2;FAU;LAMTOR5;WBP1L;PLAT;PARK7;AHR;RPL10A;COMT;SRP14;SAT1;CHCHD2;CCND1;NRCAM;TMSB10;HIST1H2AC;SLC38A1;RPS7;RPS5;RPS6;WNT5A;UBE2E1;RPSA;CYBA;ATP1B1;COX6B1;COL4A2;COL4A1;SNRPG;NUPR1;IL6ST;FKBP5;RAI14;PSMD14;SHC1;RHOBTB3;AK4;UAP1;COX7A2;FOXO3;HIGD1A;LTBP1;NID2;BTBD1;CBX5;FOXN3;LSM5;TMEM230;NFKBIA;GCLC;RGCC;SRPRB;DEGS1;SERINC3;CNIH4;NOP10;CPM;SLC25A3;HMGB1;YBX1;RPS4X;TNPO1;DSP;SRGN;CERS6;H2AFZ;RPL13A;NDUFC2;EDF1;RPS3A;DCN;TGFBR2;EEF1G;RER1;DAD1;EEF1D;RPL37A;COL6A3;ITGA5;PFDN5;TMEM45A;ROCK1;CEBPD;NDUFB4;RAP1GDS1;HIST1H2BK;NDUFB2;RPL36A;NDUFB1;GLRX;HSD17B12;DNAJB4;STOM;POLR2L;TIMM8B;CYB5A;CYP51A1;NDUFA1;RPL23A;SOD2;HNRNPAB;KLF6;WEE1;EIF3K;PMP22;STUB1;EIF3E;PTX3;EIF3F;SLIRP",3.6144578313253,9
"35","sirolimus homo sapiens gpl96 gds2494 chdir down","284/775",1.39288601966714e-41,2.77781269065047e-40,0,0,2.16835273907234,203.986940319642,"EPHB6;EIF4A2;IFITM3;EIF4A1;CCNK;RPL30;IFITM2;TFRC;KDELR1;PITPNA;HNRNPU;MT1X;PPP2R2A;SMC3;AQP3;RPL7;RPS14;MT2A;RPS16;CAPNS1;PSMD3;AKT1;RPL39;B2M;SOX4;TMPO;MT1HL1;TBC1D10B;MEF2A;SRRM2;HLA-B;HLA-C;SCAMP2;HCFC1;EML4;PRKAR1A;ZC3H11A;PSME3;SUB1;MAP1A;JTB;MT1G;MT1H;RPL26;TLN1;PFN1;TP53;ATF4;SET;CTBP1;PEX11B;IQGAP1;MRPL12;MRPL11;TGOLN2;GNG10;LARP1;GSE1;SPTBN1;VAT1;NSUN5P2;ST13;PRRC2C;PUM1;PRRC2B;SMARCA4;CS;NET1;HNRNPL;RPS26;GLUD2;RPS27;FXYD3;FASN;HYOU1;CALM3;FARSA;RPS21;ITM2C;ARF3;DAZAP2;TRAM1;CLIC4;RPLP1;RPLP0;CD3E;CLINT1;XPO1;TCTN2;RAC2;ARIH2;SDF4;TMED2;PHGDH;DLAT;SPTAN1;COX8A;TPI1;NBPF10;RHOG;NME4;RHOD;SRP9;DDB1;SLC7A5;CSDE1;AGPS;FAM20B;WAC;CD47;SLC29A1;ATP6V0C;ARF5;ARF6;RAB7A;SF3B4;GSTP1;SLC7A1;RELA;GNAI2;TM9SF3;NRAS;UCP2;CLPTM1;STAT6;RPS2;RPS27A;PAK2;BRD4;SF3A1;ARCN1;FKBP1A;SPCS1;WT1;MARS;HNRNPA2B1;TSR1;NUCB1;PNPLA2;CD81;FBXO21;NR3C1;TOMM22;KHSRP;ARHGDIA;OSBP;NBN;TMEM14B;USP7;MAP2K2;TPM4;RPS5;RPSA;POLRMT;WBP11;C12ORF10;CDC25B;ACLY;PREPL;PRPF6;HNRNPUL1;TMEM258;SYPL1;HGS;MFNG;MAP7D1;MAPKAPK2;ADNP;FKBP4;FKBP5;NOTCH2;COPA;TMED10;RAB5C;INSIG1;MAZ;RHOBTB3;SLC1A4;NREP;SLC1A5;PRPF8;TMEM248;TPR;ISOC1;NADK;MCL1;HSPA9;PRNP;KLHDC3;HSPA8;CPSF1;SLC52A2;ARPC4;FOXN3;UBE2A;LSM5;IGF2R;HIGD2A;CHERP;G6PC3;CDK6;GNAQ;CAPRIN1;UBA1;TPP1;TCF3;CNOT8;OGT;EIF4G2;EIF4G1;SLC25A1;SLC25A3;GSK3A;WDR1;PRKCSH;AMD1;EFCAB14;HMGB1;YBX1;ELAVL1;RPS4X;CAPZB;GM2A;OPA1;C9ORF16;NPIPA1;CNPPD1;EIF5B;HSP90AA1;RBM14;ATP6AP1;DCXR;CAD;LANCL1;NDUFC2;ARID1A;NIPSNAP1;SLC25A16;EEF1G;TFDP1;PKM;RER1;NUP50;PPDPF;OAS3;ATP6V1B2;TERF2IP;LCP1;LUC7L2;OTUB1;DNAH3;RAB1A;WBP2;EI24;CXXC1;RPL36A;DDX21;RRBP1;ATP1A1;IL2RG;ADD1;SRM;PPM1G;DNAJB1;GANAB;CAND1;MTA1;NT5DC2;ZNF747;POLR2E;MAPK1;E2F4;EIF4E;S1PR4;TAF10;USP22;PTPN11;USF2;WEE1;PSAT1;P4HB;ATP13A3;RECK;PFKP",4.92957746478873,14
"36","hydrocortisone homo sapiens gpl201 gse21909 chdir up","402/1270",6.40201390060251e-41,1.24127936183904e-39,0,0,1.87299072822998,173.344123525918,"RPL8;MYLK;CAPNS1;MYC;PIP4K2A;CYP1B1;PRKACB;JUNB;TSPYL2;RBFOX2;ACOT7;SERPINF1;CSNK2A2;DICER1;GTPBP1;MTAP;TFR2;MAP1A;TXNIP;CFB;SKAP2;IDO1;ZNF274;SHMT2;MRPL17;PDGFA;GATA3;ABCB9;MRPL12;ABR;CYB5R3;PRKAR2B;PDGFD;ST3GAL4;RSU1;SERF2;PHC2;KIR2DS2;SETD1B;GP2;PBX2;MTHFS;PBX1;GP9;SLC6A8;FXYD2;HYOU1;SERPINI1;PKIG;PYGB;UBL5;MMP25;ING2;TIMP1;OFD1;DUSP1;ARG1;ANXA3;ITPK1;BGN;SIRT5;PAWR;DYNLL1;HIST2H2BE;SLC7A5;FCER2;CDC42EP4;PAFAH1B3;GART;ARF6;ABCB11;PTGS1;UCP3;FLNC;RABAC1;CYP2F1;APOL2;FARP1;CDKN2B;HSPA1L;DHRS3;GTF2H5;RYBP;NFIB;HLA-DPB1;FOSB;NUCB1;FMOD;NUCB2;PF4;PROS1;F13A1;PLOD3;AHR;CLU;LAPTM4B;SLC16A7;MAP3K8;PIM2;GYG1;CPA3;SLC38A1;MAP2K1;TLE1;IGFBP3;F2R;POLRMT;RBX1;TPST2;RAB31;MAPKAPK3;MAPKAPK2;FKBP4;RHCG;FKBP5;SEMA7A;CD151;RAB5C;TACSTD2;CREM;UAP1;FOXO3;SOCS2;SLC9A3R1;SNN;ATXN7;NDN;NAE1;PLTP;SRD5A2;M6PR;ASNS;DRAP1;MAFB;ITGA10;TBXAS1;LCN2;BCL2L1;CPM;WDR1;PTEN;NRGN;PSTPIP2;NCK2;UPP1;HMGCS2;TNPO1;CLEC1B;SLC13A2;ITGA3;NIPSNAP1;PTBP2;TMBIM1;TOP1;PPP1R15A;PRPS1;CEBPB;GTF3C5;CEBPD;C1R;PPM1G;SELENBP1;ABLIM1;FYN;IGF2BP2;PTPN18;NDUFA6;PTPN11;ASS1;GZMK;TSPAN13;CLEC2B;MGAT4B;POLR3G;FOLR3;IFITM3;IFITM1;OXTR;IFITM2;SPARC;MT1X;CALML3;PWP2;MT2A;ANPEP;FTH1;TRIM24;CPNE1;PDK4;RCC1;DPF3;PTGDS;FBXO7;SCN1B;AGFG1;ACVR1;SRRM2;CPT1A;ATP6V0E1;IL1R1;ECH1;FOXH1;IFRD1;CHIT1;SFRP4;VDAC3;MT1G;MT1H;TLN1;GYPC;RRAD;GYPB;KLK5;CD1E;KALRN;TGOLN2;STC2;HIST1H3F;HIST1H3G;HIST1H3H;RCE1;HIST1H3C;CTSA;YES1;GADD45A;ALOX15B;GNG11;PTK2;EXT1;CALM3;HIST1H4J;HIST1H4D;ITM2C;DAZAP1;TECR;CTSZ;CTSW;HBD;AKAP12;SCML2;GNRHR;RAC2;IDS;TMED2;CTSG;SPTAN1;CCR3;NDEL1;COX8A;PSD;PCYT1B;TNFRSF12A;GP1BA;MLF2;RHOB;CTTN;KIF2A;ARHGEF1;DNASE1L2;ATP6V0C;NAPA;C1QB;FOXC2;C1QA;TAGLN;FOXC1;TOMM40;HSD17B3;NEDD9;UQCR11;TYMS;LILRA3;EXOSC5;PGRMC1;PNMA1;CYP2A13;LAIR2;NT5M;SLC31A2;KLK13;AKR1C3;KLK14;VEGFC;RPA2;PDZK1IP1;FAH;KLK11;RIT1;DLC1;RAB9A;PNPLA6;LY6G5C;TJP2;PRDM8;NARF;ACAA2;MPG;CD81;NUCKS1;ETS2;CCND3;RGS3;PLAU;BASP1;CAPN1;SH3GL1;HIST1H2AM;HIST1H2AI;WNT5A;HIST1H2AJ;CYBA;LIG3;DOK2;ZNF91;HIST1H2BF;KLRF1;HIST1H2BE;HIST1H2BH;HIST1H2BB;HIST1H2BD;HIST1H2BC;IDI1;CABP5;ALOX15;SLC1A3;ALOX12;NDRG1;LTBP1;MAN2A2;PACSIN2;STAP1;CD99;IVNS1ABP;SMAD1;CBX5;CPSF1;ARHGAP29;EVX1;INHBB;H2BFS;VIL1;NR4A2;NFKBIA;BMP3;DAP;CYP11B2;GNAQ;MKRN1;PXMP2;RFXAP;ALPL;ALPI;GCLM;MS4A3;PRKCSH;TNFAIP3;MEA1;CXCL2;HK1;OASL;UBE2Q1;CA2;CASP6;BCL7B;HIST1H1D;HIST1H1E;CA8;A4GALT;HIST1H1C;ABCC4;NAT8B;ABCC1;CAMK1D;ARID1A;MMP9;ACOX1;IRF7;CHI3L1;MYH9;FBP1;ITGB3BP;HIST1H2BN;HIST1H2BO;BCL2A1;HIST1H2BJ;HIST1H2BI;PON2;HIST1H2BK;SLC3A2;ASAP2;AGPAT1;KRT83;DDT;SNCG;ZNF185;TAF10;CD9;CDK2AP1;CHPT1;S100P;PTX3;GLA",3.73134328358209,15
"37","cisplatin mus musculus gpl339 gse6206 chdir up","1009/4225",6.76563029773421e-40,1.27632701292391e-38,0,0,1.41311578726235,127.451100769176,"TMEM97;RBPJ;LIPA;CLDN1;MYLK;SCAMP5;LSM12;CAPNS1;MPRIP;DPYSL3;AKT1;PRKACB;FNBP4;MEF2A;RBFOX2;UNC5C;PHKA1;DICER1;SND1;PRKAR1B;TFR2;PRKAR1A;RBP1;UQCRC1;TXNIP;SPARCL1;CYP2E1;ATF4;SKAP2;SET;SHMT2;CRABP1;AGAP1;MRPL17;BAZ2B;IQGAP1;CYB5R1;MRPL20;LARP1;RHOT1;CYB5R3;PDGFD;HESX1;AMZ2;RSU1;NGFR;CREBBP;JAG1;JUP;CADM1;EDEM1;LRBA;FUCA1;EIF2AK3;TMA7;PBX2;EIF2AK2;MAGOHB;CP;PBX1;MLLT11;COL1A1;CS;UCK2;COL1A2;TBL2;QARS;FXYD2;FASN;HRC;HYOU1;SFXN1;PSMG2;FERMT2;TMEM9B;ARF3;MTMR14;QPRT;HEXA;PRKAG2;MRPL34;LITAF;OSBPL10;TUBA1A;HEY1;OLR1;JAK3;APPL2;ELOVL1;RIPK2;BGN;EMP1;RRAS2;EMP2;DYNLL1;MED27;F3;SRP9;DDB1;MRPL52;SLC7A5;GPRC5B;PLSCR3;PIGK;KANK2;URM1;COL11A1;CRCT1;GGA1;SRPX2;PSMB2;UCP2;NRAP;FLNB;FLNC;HARS;RABAC1;EGLN1;EGLN3;EGLN2;GOLM1;MBD1;SAMD4B;LRRC20;BYSL;COL3A1;FABP5;FABP7;UBAP1;CIAPIN1;AGRN;YPEL5;FRYL;CRLF1;LIMS1;MTCH2;RASL11B;LY75;PLOD3;ZBTB20;DEFB1;PLOD2;PLOD1;FBXO21;FADS3;OSBP;MAP3K4;AP2M1;MAP3K5;SARS;ATP11B;FBXO11;RBX1;ACLY;NAAA;MAPKAPK2;FSCN1;IL6ST;ANAPC1;PFKFB2;DLX2;STK39;TNFRSF11B;FHIT;FOXO1;NPAS3;HSP90B1;SOCS2;EIF4EBP1;TIA1;SDF2L1;GOT1;FUS;UROS;GFPT1;ARPC4;MFHAS1;G6PC3;PIN1;ACO1;LRCH4;OGT;NFE2L1;ITGB1;AKAP8L;PTEN;FHL2;ETFB;NENF;BICD2;CAPZB;PPP6R3;NCK2;PMEPA1;ACP2;ERC1;EDIL3;ACTR2;EIF5B;PEG3;DST;KSR1;ITGA3;VPS37C;NDUFC1;ARFGAP3;PCCB;TOP1;ITGA5;LCP1;SLC25A4;COL15A1;SEC23A;CANT1;C1S;ROCK1;CXXC1;ATP10A;LRP2;HSD17B12;IL2RG;GANAB;NCLN;SH3BP4;IGF2BP3;FYN;IGF2BP2;EIF4E;SEC23B;ATP9B;ATP9A;UBQLN2;SLC12A2;NDUFA7;NDUFA6;MYO10;ERAP1;NDUFA1;TPD52L1;SORL1;HNRNPAB;TPD52L2;NELL2;SLC25A38;NECAP2;MYO1B;TSPAN13;NAGK;SUCLA2;EIF3E;CD248;RECK;SMAP1;SEC24C;EIF4A1;AHCYL2;LPGAT1;SMARCB1;KDELR1;RCBTB2;UXT;EFR3A;C1GALT1C1;TRIM24;SNRPD3;ATP6V1E1;SEC63;ACVR1;ST6GAL1;LIMCH1;FOXH1;ALG3;CSNK1D;ACTN4;ANK1;ASRGL1;GNPAT;CFDP1;KEL;SOAT1;SUB1;CDC37;TRIB3;PREB;KCTD12;KDELR3;MMADHC;TMEM87A;PEX11B;PIK3R1;KALRN;ZMPSTE24;APH1A;RRAS;TSPAN8;NEU1;ATP6V1C1;PCK2;SNX6;CTSA;WWTR1;EGR2;SURF1;RANBP17;MICAL2;IFI44;SMARCA2;SMARCA4;EXT1;CYP26A1;MSRA;EXT2;ALDH6A1;CDC16;GRB2;CALM3;AARS;FKBP11;MRPS14;GPAA1;CETN2;TECR;OTUD7B;CTSW;MIA3;SLC7A11;IDE;PTPRK;PEPD;KIF17;RAB22A;PTPRF;AKAP12;ACTR1A;ACTR1B;SDF4;PHGDH;QSOX1;CTSD;CTSB;NDEL1;COX8A;SEC13;FOXD1;WARS;MME;GAA;PABPC4;ENAH;GAK;CTTN;CSDE1;IL1B;FAM193B;MICU1;CRELD2;FJX1;DBN1;NAPA;DYNC1I2;FOXC2;FOXC1;TAGLN;CAB39;SATB2;STX18;NEDD9;HSD17B4;DERL2;NEDD8;COX5B;EXOSC5;OS9;ORMDL2;PES1;GPC3;EPS15;DYNC1H1;YIPF5;PLEKHA5;VEGFC;MYO9A;YIF1A;FKBP1A;RIT1;PER3;HNRNPA2B1;TCEA1;ESYT1;PNPLA6;PNPLA2;ACAA2;PRDM5;MPL;BCCIP;SRP14;ACTG2;NARS;CCND3;CCND2;DENND5A;BANF1;CAPN1;OSTF1;SH3GL1;CASK;SDHC;COX6B1;PCP4;TMX2;MASP2;MASP1;VCL;SIDT2;PPIC;RTN3;TSG101;TMED10;UBA5;SLC41A3;SEL1L;HTRA1;HTRA2;SLC1A4;HIGD1A;CNN3;CNN2;CNN1;EBP;KIF3B;PACSIN2;ISOC1;CD99;TFAP2A;YARS;IVNS1ABP;PRNP;CRTAP;SLC52A2;HMGA2;INHBB;INHBA;MT3;IGF2R;BMP4;QDPR;NAT1;COL5A1;GNAQ;UBA3;STT3A;GNAS;UBE2N;TAB2;AMOTL2;DEGS1;TCF3;FGF13;GSK3B;MS4A3;PRKCSH;CHD7;TNFAIP3;SOBP;RND3;SEC61A1;LASP1;BCL7B;NPTN;UQCRFS1;IFT57;SUN2;RBM14;ARHGEF12;ATP6AP1;MMP2;HUNK;GLRX2;MMP9;EEF1G;ACTA2;RCN1;VCAN;IRF3;TMEM214;EEF1D;PPDPF;CAT;ATP6V1B2;ATG4B;OTUB2;RALB;MVP;RAP1GDS1;RRBP1;ASAP1;RNF6;RETN;CLCN3;PSMB10;ADD1;PDLIM1;MTA1;OXCT1;TDG;BNIP2;SPOCK1;CRYM;GALNT7;MBTPS1;GALNT1;SLC50A1;CHFR;TTC17;GALE;GLB1;ERCC1;RANGRF;KRAS;VIM;GLA;CYFIP2;RB1;NCKAP1;RPL3;SERPINE1;HNRNPU;ABAT;SMC3;EPRS;BACH1;RPL9;RPL7;RNF115;ALCAM;TFG;CREB3L1;CREB3L2;RPL36;RPL35;CYP1B1;PIP4K2A;HOXA1;RPL37;PIP4K2C;IER5;CDK5RAP3;HOXA5;HOXA4;UNC13B;ACOT7;RPL23;SERPINF1;GTPBP1;HCFC1;NUP93;NISCH;BCAN;DYNC1LI1;MTAP;RNF128;ARMC6;RPL24;HOXB2;TSPYL4;LRPAP1;FICD;PDXDC1;PRKDC;RPN1;NEDD4L;WDR61;ATXN7L3B;GLG1;PLAC8;ABR;NCSTN;CHST11;GALR3;PNPO;CHST15;SERPINH1;SERF2;FDFT1;HOXC6;S100A10;ST13;PLK2;FZD6;GP2;BRAF;PRDX6;HNRNPL;FIBP;SLC6A8;HNRNPF;SNAI1;SNAI2;HNRNPC;FARSA;PAM;PYGB;GABRB1;TCF25;ADK;LPCAT1;CLINT1;WDR43;GLI2;MRC2;CSRP2;IMPA1;AIFM1;CSRP1;TCTN2;TRIM2;TIMP3;ANXA2;ANXA3;ANXA5;SSR3;COPZ2;PAWR;PAX6;COPZ1;AFTPH;TUBB2B;GAS1;HBEGF;GRN;WDR26;PHLPP1;RPL12;TIMM9;GCNT1;RPL11;TANK;TM9SF3;ERMP1;LMAN2;CHN1;SC5D;RPL15;RNF130;RPL17;BRD4;FARP1;CDKN2B;GSN;MGMT;CCL20;WWP2;DHRS1;WDR13;DHRS3;FIG4;TM9SF2;GATM;NFIB;ZYX;NUCB1;PLP2;FMOD;LAMTOR3;NUCB2;CSF3;IRS1;TUSC3;TNC;RPL10A;TM7SF3;CLU;CDH6;CDH2;APMAP;PLS3;TMSB10;IFNAR2;RAB2A;USP8;MAP2K1;USP7;ANKRD49;TPM4;IGFBP5;IGFBP3;F2R;DYRK1A;AIP;CHD1L;ARMCX3;ADAM9;RAB38;PHIP;FKBP9;FKBP3;FKBP5;FKBP2;SEMA7A;NOTCH1;UBR4;ITPR1;SLC38A10;AEBP1;TPR;NDN;PLXNA1;COA3;WFS1;TRAPPC4;SEC16A;CEP350;M6PR;ASNS;DHCR24;MARCH6;HOPX;MOB1A;NSFL1C;CNOT6;CDK6;SCCPDH;P4HA1;P4HA2;RHEB;CPE;TPP1;CNOT8;SERINC3;NES;EIF4G2;EIF4G1;RNF13;WDR1;SGCE;DUSP11;PSTPIP1;LBH;SGCA;TNPO1;IDH3A;LANCL1;ELAC1;WIPI1;EDF1;REXO2;PTBP2;NIPSNAP1;DUSP22;ASPH;DAD1;GTF2A1;SEMA3C;RAB1B;SEMA3A;SEMA3E;AP3M2;DNAJB4;VPS53;POLR2E;ASCC2;SEC11A;POLR2L;PTPN18;PTPN11;PTPN13;CDC42BPA;ASS1;TPCN1;KLF7;MARCKS;KLF6;PSAT1;VAPB;ESF1;PFKP;BET1;OXTR;SPARC;TRAF3IP2;SLC35B1;PITPNB;PITPNA;HDAC11;PPP2R2A;RPS15;RPS6KA3;RPS18;RUSC1;PPP2R1A;RPL36AL;FLAD1;RPS6KA2;B2M;HABP2;RPS12;AGFG1;SRRM2;CPT1A;METTL1;ACSL5;KRT5;COX7A2L;SUCLG1;PFN1;TLN1;ATP6V0D1;NBL1;BEX4;CUTA;GPM6A;ANP32A;MAGED1;TWF1;KLK8;SCFD1;GNG10;SGPL1;HIST1H3A;STC2;CDR2;VASP;SRPK2;RABGAP1L;GADD45B;GADD45A;TMEM50B;PUM1;GNG11;PARP12;DERA;MANF;RPS27;STAG2;PDE3A;MAGED2;ALDH18A1;RPS24;CDS2;CLIC4;TRAM1;GDI1;FASTKD1;MAGT1;PPCDC;UCHL1;SEC61G;CHMP1A;TMED3;ANKRD1;TMED2;TMED7;VAV3;PSD;TMED9;MANBA;GFRA1;RHOC;CBFA2T3;ITFG1;MLF2;RHOB;MDFIC;NME7;WAC;FAM20B;AIDA;DNASE1L2;MATN2;SPRR3;TOMM40;MYCBP;SLC20A1;UQCR11;GDPD5;LIMA1;ANKMY2;SHOC2;TBL1X;DCPS;GDF11;SLC31A1;NFYC;AP3D1;MPP6;SPCS3;GSTA4;FAP;AXL;DLC1;TJP2;GALNT11;GOLT1B;NDUFA10;HDLBP;ARID4B;NUCKS1;COMT;CCDC28A;TOMM22;TMEM147;BASP1;NRCAM;NSF;TRAPPC2L;WNT5A;NPY1R;KAZN;NOSIP;LIG3;ATP1B1;PDIA5;TUFM;PDIA4;DPM1;TMEM134;PREPL;PRPF6;COL4A2;COL4A1;COL4A5;NUPR1;HIST1H2BC;ABCG2;COPA;COPB1;CLEC16A;ALOX12;NID2;LTBP1;DPP3;TMEM123;PCSK1N;PODXL;MAN2A1;ATP6V1H;HSPA9;DARS;KLHDC3;SMAD4;TGFB1;CBX5;CPSF1;DAP;DNAJC10;PI4KA;CRYL1;SRPRB;BLMH;CLASRP;TGFBI;BMPR1B;COPE;B4GALT3;USP34;YBX1;PKD2;ELAVL1;HK1;HS2ST1;HEBP1;FLOT1;MFSD1;TMEM109;GUSB;RBM6;HIST1H1C;POLG;ABCC1;CAMK1D;PLAUR;PPP2R5C;ARID1A;DNM2;TGFBR2;RBL2;LATS1;DNM3;ZAP70;ALDH1A2;COL6A3;MYH9;RBMS1;PFDN2;ITGB3BP;LUC7L2;KDM3B;USP16;NXN;TUFT1;POLDIP3;PON2;ATP1A1;THBS2;ACAN;ERBB3;LEPROTL1;NT5DC2;LRIG1;GBP1;CAMK2G;ABCF1;PDE6G;PRAF2;MEIS2;PMP22;ATP13A3;SCLY;SSBP1",3.96432111000991,40
"38","hydroquinone homo sapiens gpl570 gse31641 chdir up","318/933",3.43765301705091e-39,6.31442580500404e-38,0,0,2.01678114119371,178.618298349964,"ITSN2;EIF4A1;NCKAP1;TFRC;ZDHHC7;EPRS;SMC3;LIPA;BACH1;IFIT3;MYLK;GOLGA5;MPRIP;ANPEP;MYC;NAMPT;LONP1;PIEZO1;CCNL1;IER5;TRIM22;IER2;CDK5RAP3;SOX4;FNBP4;SRRM2;ACOT7;IFRD1;SLC11A2;FNDC3B;ACTN4;ACSL3;HLA-F;NISCH;SOAT1;RRAGC;EWSR1;ZC3H11A;MAP1B;AKAP9;YME1L1;TRIB3;KDELR3;MXRA5;TRIB2;ATF3;ATF4;TMEM87A;NUP205;PDXDC1;FICD;SHMT2;PRKDC;MAGED1;STXBP1;NEDD4L;IQGAP1;PCDH17;GLG1;LARP1;MICAL1;STC2;DND1;SERPINH1;ATP6V1C1;SPTBN1;PCK2;ABCA1;VAT1;EGR1;CREBBP;JUN;XRCC6;EGR3;CHKB;GADD45B;XRCC5;GADD45A;PLK2;EIF2AK3;PRRC2C;L1CAM;PUM1;TYR;SMARCA4;COL1A1;HNRNPL;COL1A2;STAG2;GOLGB1;CDC16;SNAI2;HYOU1;MAGED2;HNRNPC;CDK13;PAM;HIST1H4D;AARS;CDKN1B;TCF25;CTSZ;SRP54;SLC7A11;PYGL;MAGT1;PCMTD2;AKAP12;MRC2;XPO1;CTSK;TIMP3;SPTAN1;BRD2;WARS;NBPF10;C6ORF62;FOS;SLC39A14;ITFG1;RHOB;DDB1;ITPKB;SLC7A5;GPRC5A;CTTN;RAPGEF2;PIGG;CRELD2;GART;CD44;KANK2;KANK1;DYNC1I2;SF3B2;WDR26;STX16;SLC7A1;TRAK2;LIMA1;STAT6;FLNC;RPL17;DYNC1H1;GSN;PLEKHA5;AP3D1;OSTM1;CCNG2;MARS;SGSM2;HNRNPA2B1;ESYT1;MPHOSPH8;RAB3GAP1;TJP2;ZNF331;TNC;PLOD3;PLAT;ARID4B;PLOD1;OLFML2A;SAT1;FADS3;NARS;RGS2;SLK;CCND2;DMBT1;CCND1;PLAU;OSBP;SLC16A6;PLS3;MAP3K5;MYLIP;TLE1;WNT5A;DYRK1A;SARS;UBE4A;PDIA4;ARMCX3;ACLY;GOLGA8B;COL4A2;COL4A5;ADNP;RAI14;NOTCH2;ATP6V1A;IDI1;VCP;COPA;INSIG1;COPB1;SEL1L;UBR4;SLC1A4;PRPF8;HSP90B1;SCIN;TPR;PGK1;PACSIN2;ANKRD10;ATP6V1H;ZKSCAN1;NADK;MCL1;IVNS1ABP;TFAP2A;YARS;OSBPL9;HSPA9;PRNP;OSBPL8;TIA1;SDF2L1;SEC16A;CEP350;GFPT1;ASNS;FBXO34;MARCH6;IGF2R;NR4A2;NFKBIA;NR4A1;STK24;COL5A1;P4HA2;DMXL2;SP3;MDM2;PLXNB2;ACO1;GCLM;OGT;NES;NFE2L1;SERINC5;EIF4G1;LGALS3BP;ACADVL;WDR1;TNFAIP2;TNFAIP3;CXCL3;RND3;CXCL2;HK1;PPP6R3;CEP170;TNPO1;SPG11;HIST1H1C;DSP;TGIF1;EIF5B;HSP90AA1;PPP1R12A;ARHGEF12;DST;MMP2;TBC1D9;WIPI1;NAV2;ARID1A;ARL4C;RBL2;VCAN;NPC1;DCT;IRF1;RBMS1;MYH9;PPP1R15A;LAMA5;SEC23A;COL15A1;MVP;USP11;TYRP1;RRBP1;SLC3A2;ASAP2;HMGCR;ATP1A1;THBS2;DNAJB1;NXF1;GANAB;CAND1;TNKS2;ERBB3;SH3BP4;DNAJB9;HES1;MAPK6;SEC23B;WASF2;SASH1;SPAG9;MYO10;AHNAK2;SEMA4C;C14ORF132;S100B;SOD2;KLF4;KLF6;NAGK;MLPH;PSAT1;P4HB;SLC25A36",4.08805031446541,13
"39","vincristine homo sapiens gpl570 gse7556 chdir up","178/405",5.21649425470398e-38,9.33618715329072e-37,0,0,2.60062824165388,223.254592975482,"EIF4A2;IFITM3;GLTP;RPL3;IFITM2;CD81;MT1X;PARK7;RPL8;SRP14;PWP1;TPGS2;RPL7;MYLK;PSMD8;FADS3;UXT;RPS15;LAPTM4B;ALCAM;RPS16;LGALS1;PSMD4;CAPNS1;RPS19;DPYSL2;RPL36;RPL35;RPL37;RPL39;PHLDA1;TMSB10;B2M;MAP2K2;ATP6V0E1;TPM4;RPS5;RPS6;WNT5A;HLA-B;HLA-C;RPSA;HLA-F;TM4SF1;COX6B1;RAB31;UQCRC1;PSME1;MT1F;VDAC3;ADAM9;MT1G;HOXB2;MT1H;KDELR3;RPL29;ATP6V0D1;RPL28;UBA52;CUTA;SET;COPB1;RHOBTB3;CNN3;CNN2;TMEM123;SDCBP;CYB5R3;FLRT3;S100A13;SERF2;CD99;FDFT1;BTF3;VAT1;CTSA;OSBPL8;EGR1;HSPA8;RPL41;SURF1;CRTAP;ST13;TMA7;MICAL2;EEF2;GNG11;COL1A1;EXT1;RPS26;NFKBIA;COL1A2;QARS;COL5A1;NMU;GNAS;RPS20;FXYD5;PSMG2;DYNLRB1;CD24;RPS21;COPE;ITGB1;TRAM1;CLIC4;TCF25;CITED2;RPLP0;FHL2;MRPL41;LASP1;TUBA1A;CSRP1;SUMO2;C9ORF16;RPLP2;TMED2;TIMP1;EDIL3;CTSB;SEC13;TPI1;DUSP1;ANXA4;ANXA5;RPL13A;EDF1;DYNLL1;F3;RHOB;TGFBR2;VCAN;TUBB2A;DALRD3;NPC1;NPC2;EEF1D;MYH9;CD47;PFDN5;CD44;CD63;TAGLN;PDXK;STAU1;CEBPD;RPL12;GSTP1;AMIGO2;UQCR11;CAPG;PSMB7;RPL14;POLR2E;RPL13;RPL15;RABAC1;RPL18;POLR2L;GSN;CD70;GTF2H5;PSMB8;PDP1;SPCS1;MLPH;FABP5;EIF3L;AXL;CDK2AP1;STUB1;PLP2;P4HB;EIF3F;FAU;VIM;TPT1",3.37078651685393,6
"40","hydrocortisone homo sapiens keloid scar gds3071 chdir up","389/1249",8.82593276152321e-38,1.5401252668858e-36,0,0,1.84289443389031,157.236746864096,"NCKAP1;CHIC2;SERPINE2;XYLT1;HNRNPU;RBPJ;EPRS;BACH1;MYLK;GJA1;ALCAM;MPRIP;ZMIZ1;DPYSL2;CREB3L1;DPYSL3;CREB3L2;PXDC1;PRKACB;RPL39;RBFOX2;FNDC3B;DICER1;CH25H;PRKAR1A;PRKD3;MAP1A;ATF4;FLG;LRPAP1;CRABP2;GATA6;BCL10;ADAMTS12;GLG1;PRDX4;SERPINH1;AMZ2;RSU1;ZNF148;NAA50;BTF3;JUN;CADM1;H3F3B;ST13;PLK2;FZD6;NR2F2;PRDX6;LARP6;PBX1;COL1A1;COL1A2;TNFSF4;HNRNPD;HNRNPC;PKIG;CDK13;PAM;C5ORF30;GPI;BTG1;CDKN1B;PYGL;LITAF;MRC2;CSRP2;UBL3;TMEM43;CSRP1;TRIM2;TIMP3;ANXA7;C11ORF24;TPI1;BGN;RRAS2;COPZ2;C6ORF62;SLC39A14;F3;SLC7A5;RAPGEF2;PLIN3;LRRC15;WDR26;STAU1;LRRC17;RPL11;PTGS2;SLC7A1;HSPA13;PTGS1;TM9SF3;NRAS;GPNMB;OLFML3;ABI3BP;HAS2;FLNC;AGA;EGLN1;FARP1;CDKN2B;KIDINS220;SULF1;COL3A1;NFIB;ABI1;ZYX;ZNF217;YPEL5;CRLF1;C11ORF58;NUCB2;LIMS1;TNC;PLOD2;PLOD1;CASC3;CDH2;PLS3;RAB2A;BNIP3L;CSNK1G3;TPM4;RPS8;FST;IGFBP3;F2R;SARS;FBXO11;RAB32;ACLY;RAB31;ERP29;S100A4;FKBP9;ADNP;NOTCH2;KHDRBS1;CD151;TNFRSF11B;NREP;AEBP1;HSP90B1;SOCS2;ATXN1;PGK1;PLXNA1;DVL3;SOCS5;ZBTB18;OSBPL8;GOT1;FUS;ASNS;EEF2;MARCH6;P4HA1;RHEB;P4HA2;SP3;MDM2;PLXNB2;CPE;SERINC1;CNOT8;RSL24D1;NFE2L1;EIF4G2;SERINC5;RNF187;ITGB1;MCFD2;RNF13;WDR1;PTEN;CAPZB;DSE;SUMO2;CEP170;EDIL3;ADAMTS6;ACTR2;HSP90AA1;PPP1R12A;DST;GPX4;ARFGAP3;REXO2;PTBP2;ASPN;ARL4C;PKM;ASPH;PRPS1;SEC23A;COL15A1;C1S;SEMA3C;C1R;MALT1;GANAB;DRAM1;EIF4B;PTPN13;KLF2;MYO1B;MARCKS;TSPAN13;EIF3L;PSAT1;MFAP2;CD248;P4HB;SMAP1;RECK;PFKP;TPT1;BET1;SPARC;EFR3A;DENR;B2M;SEC63;PDK1;HLA-B;HLA-C;HLA-F;DHX40;PSG9;SUB1;MXRA8;TRIB3;MXRA5;NBL1;TWF1;TGOLN2;GSE1;SNX6;CTSA;WWTR1;YES1;GADD45A;RASSF8;MICAL2;EXT1;NET1;STAG2;RPS20;SLC2A4RG;ECM1;CLIC4;GDI1;CITED2;PTPRK;SLC7A11;MAGT1;N4BP2L2;PTPRF;PPP3CB;ESM1;CTSK;ENC1;IDS;QSOX1;PHGDH;UBXN4;TMED7;SPTAN1;WARS;FOXD1;TNFRSF12A;NBPF10;GFRA1;ZDHHC17;CLDN11;MDFIC;CSDE1;WAC;CD44;DBN1;CD63;TAGLN;SLC20A1;AMIGO2;RELA;LIMA1;ANKMY2;NT5E;OS9;PNMA1;PAK2;CA12;YIPF5;C1GALT1;PLEKHA5;VEGFC;FAP;AXL;DLC1;MARS;HNRNPA2B1;TCEA1;ESYT1;F2RL2;RAB3GAP1;CD81;NUCKS1;PRDM1;NR3C1;FAM162A;DENND5A;PAMR1;TMEM14B;PDGFRA;PREPL;MAP7D1;PPIC;SEL1L;SLC1A5;NDRG1;CNN3;CNN2;CNN1;CD99;IVNS1ABP;HSPA9;PRNP;DARS;HSPA8;SMAD4;AUTS2;SMURF2;CBX1;ARHGAP29;INHBB;INHBA;IL6;COL5A1;CAPRIN1;GNAS;LSM14A;SLC35E2B;GSK3B;DDX47;PRKCSH;PKD2;RND3;NPTN;MYBL1;DESI2;MMP2;PLAUR;PPP2R5C;ACTA2;GREM1;VCAN;RCN1;PPDPF;COL6A2;RBMS1;MYH9;TERF2IP;KDM3A;TUFT1;RRBP1;SLC3A2;RNF6;THBS2;ADD1;PDLIM2;CHSY1;SPOCK1;GBP1;SASH1;OPCML;KDM4B;USP22;ATP2B4;MEIS2;ABHD17A;CD9;CDK2AP1;KRAS;VIM;ATP13A3",2.5706940874036,10
"41","imatinib homo sapiens gpl571 gds3518 chdir up","170/379",1.0083248647517e-37,1.71661159901631e-36,0,0,2.65413498618289,226.098747345411,"RPL4;EIF4A2;EIF4A1;RPL30;RPL3;ARL6IP1;RPL31;SRP14;RPL10A;MPO;SAT1;ELK3;RPL7;UXT;RPS15;EEF1B2;LAPTM4B;RPS19;ZMIZ1;MYC;ARL6IP5;RPL36;RPL38;DENND5A;RPL37;CCNL1;RPS11;LGALS8;B2M;RPL39;PRKACB;SOX4;IER2;RPS12;TSPYL1;RPL21;RPS7;RPS5;RPS6;HLA-B;HLA-C;HLA-F;CCNB1IP1;RAB32;COX7A2L;ZC3H11A;ARMCX6;PSME1;ERP29;RPL24;JTB;TXNIP;RPL26;RPL29;RPL28;UBA52;ATF4;CFD;RTN3;SET;TMED10;MAX;NREP;NDRG1;TGOLN2;PLAC8;SNX3;PROM1;ELANE;SPTBN1;BTF3;EGR1;OSBPL8;H3F3B;ST13;AZU1;LYZ;EEF2;HOPX;RPS26;BST2;NFKBIA;RPS27;RPS29;GNAQ;RPS20;FXYD5;PSMG2;RPS21;LSM14A;RSL24D1;OGT;RPS24;ADA;SLC35E2B;EIF4G2;DAZAP2;BTG1;CDKN1B;MS4A3;RPLP1;RPLP0;AMD1;CTSW;BMI1;RPS4X;TUBA1A;CASP6;SUMO2;IDS;TMED2;RPLP2;CTSG;CD53;SRGN;NBPF10;RHOG;RPL13A;RPS3A;EEF1G;NSA2;EEF1D;IL1B;CSDE1;RPL37A;CAT;UFC1;WAC;RAPGEF2;ATP6V0C;PFDN5;CD44;PTGER4;STX16;RPL12;RPL11;RPL36A;GLRX;HSD17B11;PSMB10;HLA-DMA;RPL14;RPS3;RPL13;RPL15;RPS2;RPL18;RPS27A;RPL17;EIF4B;GCH1;LAPTM5;RPL23A;SORL1;PNRC1;KLF6;SPCS1;CLEC2B;EIF3K;HLA-DPB1;PDCD4;CDK2AP1;EIF3H;EIF3E;FAU;VIM;EIF3F;YPEL5;NUCB2;C11ORF58",1.17647058823529,2
"42","methotrexate homo sapiens gpl570 gse11440 chdir up","529/1899",1.47861147507676e-36,2.45731145143709e-35,0,0,1.64832939167609,135.990405362355,"RPL4;RPL30;TFRC;HNRNPU;GPATCH4;RBPJ;RPL8;CLDN1;RPL9;MYLK;TPGS2;RPL7;LSM12;RNF114;PSMD4;DPYSL2;CREB3L1;PXDC1;HOXA5;IER2;GSTK1;CXADR;MBNL2;TSPYL1;WDR74;PDZK1;WDR77;SCAMP2;NUP93;MTAP;EWSR1;ZC3H11A;PSME3;CLDN7;FDX1;PSME1;TXNIP;PSME2;RPL24;TMEM126B;FAR2;RPL26;UBA52;ATF3;CDC42SE1;MTMR1;NUP205;SET;CRABP2;CTBP1;PRKDC;MEPCE;RPN1;GATA6;MRPL17;NEDD4L;WDR61;ZC3HAV1;IQGAP1;PRDX4;NUP85;SERPINH1;PROM1;ST3GAL1;SERF2;NAA50;BTF3;H3F3B;ST13;EIF2AK2;PRRC2C;NR2F2;LYZ;HNRNPL;CS;HNRNPM;UCK2;TBL2;SLC6A8;EIF6;HNRNPC;TMEM9B;BTG3;BTG1;SERPINA1;HEXA;PIGP;QPRT;PQBP1;AIFM1;IMPA1;TIMP1;BRD2;NSUN5;ANXA4;BGN;MRPL49;PAWR;NUTF2;GNL2;TMC5;DYNLL1;SERPINB6;GCHFR;SLC7A5;PLSCR1;SLC7A6;NSA2;GPRC5A;PSMA4;AGPS;PELI1;ERGIC2;GART;KANK1;SF3B5;SF3B2;STAU1;HSPA14;SLC7A1;PSMB7;BCLAF1;ERMP1;PSMB2;RPS3;GCNT3;HARS;RPS2;BID;RPL18;YTHDF1;YTHDF2;YTHDF3;CDKN2A;SMAGP;BLCAP;PSMB8;AGMAT;PSMB9;TMCO1;LYRM2;FABP5;PSMC4;C12ORF29;GID8;PSMC2;ZYX;TSR1;ZNF217;CIAPIN1;PLP2;FRYL;C11ORF58;FAM49B;MTCH2;LY75;PLOD3;TM7SF3;SAT1;LAPTM4B;ABHD11;NBN;SLC16A4;MAP3K5;RAB2A;MAP2K1;SLC38A1;TPM4;S100A2;USP3;RPS5;RPS6;F2R;GTF3A;TAP1;VRK1;BSCL2;ACLY;SYPL1;MRTO4;PHIP;ADNP;FKBP4;ANAPC1;AK1;UBR4;STK39;AK4;FOXO3;HSP90B1;SLC9A3R1;BTBD1;NAE1;PI3;MCL1;AKIRIN1;TIA1;FUS;GFPT1;ARPC4;COPS6;COPS5;STK24;DMXL2;SP3;LCN2;MDM2;TPP1;SERINC1;SERINC3;OGT;RSL24D1;NFE2L1;EIF4G2;MCFD2;WDR1;AMD1;FHL2;PIK3CB;PPP6R3;SUMO2;SPG11;IDH3A;NCK1;ACTR2;HSP90AA1;GPX4;ITGA2;VPS37C;SORD;AHSA1;RPL13A;TFDP1;ESRP1;TMBIM6;TOP1;MET;PRPS1;EI24;NDUFB2;DNAJB1;GANAB;EIF4H;POLR2E;POLR2F;IGF2BP3;EIF4E;SEC11A;CTNNAL1;ATP9A;SLC25A24;MYO10;IDH3G;CNBP;CCDC59;RPL23A;PTPN11;HNRNPAB;TPD52L2;SNRNP40;MARCKS;EIF3K;MFAP1;VAPB;EIF3H;PDCD2;STUB1;EIF3E;EIF3F;EIF3D;SLC25A36;SPG21;IFITM3;EIF4A1;IFITM1;IFITM2;PITPNB;PITPNA;CISD1;MT1X;UBE2L6;CALML4;IFI30;AQP3;PWP1;IFIT3;LGALS4;EFR3A;C1GALT1C1;MT2A;RPS19;BSG;TRIM24;RCC1;SNRPD3;SOX9;RPS11;B2M;TNS3;SOX4;HERC6;RPS12;TMPO;AGFG1;TIPIN;ALG5;IFRD1;SLC11A2;HLA-B;HLA-C;ACTN4;HLA-F;ASRGL1;TM4SF1;MRPS18C;IFI27;CDC37;MT1F;ALPK3;KDELR3;ATP6V0D1;PFN1;RIN2;MMADHC;MT1E;TMEM87A;ANP32A;MGST2;TWF1;PIK3R1;ZMPSTE24;SNX3;TSPAN8;GSE1;SNX7;ATP6V1C1;CTSA;XRCC6;XRCC5;GADD45A;IFI44;MICAL2;PUM1;PTK2;PARP12;EXT1;BST2;RPL27A;MYO5C;RPS20;ALDH18A1;CD24;SLC2A4RG;RPS24;FKBP11;DAZAP2;TRAM1;DAZAP1;GDI1;GPAA1;MRPS11;CETN2;IDE;PTPRK;RAB22A;ENC1;TMED3;DHX15;MLX;MUC13;TMED2;IDS;CTSH;DLAT;UTP14A;HTATIP2;CCT3;ATP6V0B;TNFRSF12A;PRMT1;PABPC4;UCHL3;RAP2C;CTTN;KIF2A;CEACAM6;UFC1;TFF1;EEF1E1;ATP6V0C;NAPA;MYCBP;TOMM40;PRIM1;AKAP1;CXORF40A;LIMA1;MGAT2;CCT8;PAK2;CXORF40B;RANBP1;GCH1;PDZK1IP1;KLK11;KLHL9;TJP1;BOP1;KRT19;SPCS1;KRT17;MARS;HNRNPA2B1;KBTBD2;TCEA1;FAU;TJP2;GOLT1B;CD81;NDUFA10;NUCKS1;SRP14;ETS2;TOMM22;NARS;CCND3;CHCHD2;CCND1;RBMX2;BANF1;G6PD;TRAPPC2L;NOSIP;ATP1B1;PDIA4;PRPF4;PRPF6;SCNN1A;RPP25;VCL;ABCG2;RTN3;TSG101;CHRNA5;HIGD1A;DDX60;DPP3;CNN2;TMEM123;SDCBP;TMEM248;MAN2A1;ISOC1;CYC1;IVNS1ABP;HSPA9;HSPA8;CBX5;AUTS2;SLC52A2;ISG15;VIL1;BMP4;CAPRIN1;UBE2N;GNAS;STT3A;TCF3;DYNLRB1;TGFBI;LGALS3BP;CHD7;HMGB3;YBX1;HMGB1;MEA1;RND3;ELAVL1;LMNB1;UBE2Q1;NUP62;NPTN;MAN1A1;MYBL2;GUSB;ABCC4;ATP6AP1;H2AFZ;DESI2;DDX56;RPS3A;ARID1A;UTP18;TAPBP;SFPQ;RER1;OAS1;IRF3;EEF1D;OAS3;NUP50;RBMS1;PFDN2;IRF9;LUC7L2;RBM47;DDX21;ASAP1;SLC3A2;CLCN3;PSMB10;GMDS;TDG;SNCG;MAPK6;ABCF2;GBP1;ABCF1;GALNT7;TAF10;MX1;HSPE1;MEIS2;WEE1;CHPT1;SSBP1;TAF4;CKLF;FAM50A",3.40264650283554,18
"43","testosterone mus musculus gpl1261 gse17553 chdir down","317/969",3.80366192903558e-35,6.17431634062054e-34,0,0,1.93574782762685,153.416753279088,"RPL30;IFITM1;RPL3;RPL31;RPL34;PITPNB;HNRNPU;SPINT2;EPRS;RPL8;PHB2;RPL9;MYLK;RPL7;EPS8;LGALS3;EFR3A;GJA1;MPRIP;RPS19;ZMIZ1;RPS18;FTH1;CREB3L2;RPL36;CYP1B1;RPL38;RPL37;TNS3;SOX4;SRRM2;ACOT9;MBNL2;RPL21;METTL1;RPL23;RNASE4;CSNK1D;ACTN4;SCAMP2;HCFC1;NISCH;CFDP1;EWSR1;PRKD3;ZC3H11A;UNC50;CLDN7;SPARCL1;TXNIP;PREB;KDELR3;EIF1B;RPL28;NBL1;SET;PDXDC1;MAGED1;RPN1;NEDD4L;ATXN7L3B;IQGAP1;PIK3R1;GLG1;ZMPSTE24;TGOLN2;PLAC8;CYB5R3;APOE;PROM1;TSPAN1;ABCA1;NAA50;CREBBP;PHC2;JAG1;CADM1;TIPARP;SETD1B;NR2F2;PUM1;PBX1;ALDH6A1;RPS29;FASN;RPL27A;TRIP6;SNAI2;SFXN1;HYOU1;RPS20;ALDH18A1;RPS21;FERMT2;RPS24;CLIC4;BTG1;CTSZ;ADK;PTPRF;PQBP1;TUBA1A;FAM102A;TRIM2;DHX15;RPLP2;IDS;TIMP3;TMED2;UBXN4;CTSB;CCT3;BRD2;WARS;ANXA4;ANXA5;PAWR;AMPD2;SLC39A14;ENAH;GAS1;CRELD2;PCYOX1;SF3B4;PTGER4;SF3B2;GNAI3;CRIP2;HSPA13;PTGS1;GNAI2;CST3;CAMK2N1;EPCAM;RPL14;RPL13;TBL1X;RPS27A;EPS15;BRD4;YTHDF1;GSN;MBD1;TMEM176B;TMEM176A;YIPF5;SYNJ2BP;KLHL9;TM9SF2;TJP1;COL3A1;RYBP;PSMC4;NFIB;PSMC2;TSR1;AGRN;CD82;HDLBP;ZBTB20;DEFB1;NUCKS1;PARK7;NR3C1;CLU;ETS2;RGS2;CHCHD2;CCND2;KHSRP;ARHGDIA;MAP3K5;MYLIP;CARD10;IK;USP7;KDM2A;RPS8;IGFBP4;IGFBP3;F2R;RPSA;ATP1B1;TMX4;SLC9A6;HNRNPUL1;SNRPG;MAL;IL6ST;SNRNP200;ATP6V1A;KHDRBS1;NOTCH3;COPA;NOTCH1;UBA5;SEL1L;HTRA1;GLT8D1;ITPR1;UAP1;AEBP1;FOXO3;PRPF8;FOXO1;HSP90B1;CNN3;CNN2;SLC9A3R1;BTBD1;TMEM248;PGK1;PACSIN2;ISOC1;ANKRD10;STAP1;CYC1;IGFBP6;NDUFV1;PLTP;CD99;IVNS1ABP;OSBPL9;HSPA9;SMAD1;SMAD4;CBX5;AUTS2;FUS;GFPT1;EPHX1;NFKBIA;MFHAS1;NSFL1C;MOB1A;CDK6;GNAQ;DNAJC10;STT3A;CPE;DEGS1;TGFBI;GCLM;SERINC3;NFE2L1;EIF4G2;RNF187;RERE;GSK3B;SLC25A3;ALAS1;AMD1;HMGB1;PKD2;ALAD;RPS4X;SEC61A1;SCPEP1;CAPZB;GM2A;SUMO2;SUN2;EMX2;HSP90AA1;ABCC1;PPP1R12A;DST;VPS37C;TBC1D9;RPL13A;VEZF1;ARID1A;DCN;ARFGAP2;TAPBP;ARL4C;ACTA2;TGFBR3;TMEM212;CREB1;EEF1D;CTDSP1;MYH9;TOP1;CDH16;LUC7L2;BIRC3;SMARCD2;ROCK1;SEMA3C;RRBP1;RNF6;GLRX;ATP1A1;HSD17B11;TOB2;SRM;PPM1G;NXF1;DNPEP;ERBB3;EIF4H;DNAJB9;UBQLN2;CNBP;RPL23A;PTPN11;ATP2B1;HNRNPAB;PNRC1;MYO1B;MARCKS;SNRNP40;EIF3I;PMP22;CDK2AP1;RECK",3.47003154574133,11
"44","vitamin c mus musculus gpl1261 gse37676 chdir down","331/1029",4.38254014268432e-35,6.95230231725831e-34,0,0,1.90338180919029,150.581959101158,"GLTP;EIF4A1;RPL30;RPL3;IFITM2;SPARC;SERPINE2;KDELR1;SLC35B1;PITPNA;HNRNPU;TMEM97;IFI30;RPL8;PHB2;C1GALT1C1;GJA1;TFG;RPL36AL;DPYSL2;AP1S2;RPL35;SNRPD3;RPS11;SKP2;CDK5RAP3;ACOT9;RNASE4;TM4SF1;CFDP1;PRKAR1A;SUB1;UNC50;JTB;SUCLG1;KDELR3;RPL26;RPL28;MMADHC;GNE;NRN1;ANP32A;SAR1B;MAGED1;RPN1;MRPL17;PDGFA;TWF1;WDR61;MRPL12;MRPL11;ZMPSTE24;GNG10;SCFD1;PRDX4;PRDX1;S100A13;SERPINH1;SNX7;SERF2;CDR2;S100A10;FDFT1;VAT1;EGR1;RPL41;TMA7;EIF2AK3;MRPL22;MANF;COL1A1;COL1A2;RPS29;RPL27A;HNRNPF;CDC16;SNAI2;MAGED2;RPS24;FKBP11;DAZAP2;TRAM1;BTG1;FKBP14;CETN2;ADK;MRPS10;MRPL35;WDR43;PCMTD2;TRMT112;TUBA1A;CSRP2;TMEM43;AIFM1;CTSK;SEC61G;DHX15;TMED3;IDS;CTSH;ANXA7;TMED2;TIMP1;NANS;NDEL1;ELOVL1;SEC13;TMED9;ANXA2;PRMT1;ANXA5;SSR3;EMP1;RRAS2;COPZ2;AMPD2;DYNLL1;SRP9;COPZ1;MRPL52;GCHFR;PSMA6;NSA2;PIGK;UFC1;CRELD2;CRYAB;ERGIC2;ARF5;MATN2;SF3B5;GSTP1;COL11A1;GPS1;PRIM1;MRPS34;RPL11;GNAI3;CAPG;CRIP2;COX5B;PTGS1;GNAI2;TM9SF3;PSMB7;SRPX2;OLFML3;WIF1;PSMB1;RPL14;SC5D;HARS;RPS2;RABAC1;RPL18;CGREF1;GSN;SLC31A1;YIPF5;LHFPL2;YIF1A;GTF2H5;TMCO1;ARCN1;PPP1CA;PSMC5;COL3A1;SPCS1;FABP5;DLC1;PSMC2;HNRNPA2B1;PLP2;NUCB2;CD82;GOLT1B;TUSC3;NAB1;BCCIP;HDLBP;F13A1;NUCKS1;IPO4;CCND3;CCND1;BANF1;TMSB10;SLC16A4;SH3GL1;RAB2A;TRAPPC2L;TPM4;RPS7;RPS8;RPS6;PDIA5;RBX1;COX6B1;PDIA4;BSCL2;ARMCX3;FSCN1;ERH;PPIC;RAI14;KHDRBS1;IDI1;FKBP2;COPA;TXNDC9;PSMD14;ARL3;UBA5;INSIG1;COPB1;AK1;HTRA2;SLC38A10;UAP1;TNFRSF11B;COX7A2;HSP90B1;CNN3;CNN2;SDCBP;NDUFV2;NDUFV1;MCL1;IVNS1ABP;COA3;KLHDC3;HSPA8;FUS;SEC16A;GFPT1;EPHX1;ARPC4;LSM5;DRAP1;CNOT6;DAP;COPS5;COL5A1;P4HA2;STT3A;GNAS;ALPL;CPE;ACO1;BLMH;NOP10;COPE;EIF4G1;AMD1;HMGB1;YBX1;SEC61A1;CAPZB;RNPEP;EFHD2;ACTR2;H2AFZ;BUD31;DCXR;NDUFC2;AHSA1;EDF1;WIPI1;RPS3A;PPP2R5C;ARFGAP3;REXO2;ASPN;DCN;ARL4C;VCAN;RCN1;TMEM214;EEF1D;NDUFS6;DAD1;COL6A2;BLVRB;MCM5;PFDN5;TMEM45A;SEC23A;RALB;USP16;NDUFB6;SEMA3A;NDUFB2;RPL36A;RRBP1;HMGCR;SRM;PDLIM1;PDLIM2;DNPEP;OXCT1;TDG;POLR2E;TMEM208;POLR2H;EIF4E;SEC11A;PPP1R14B;NDUFA5;IDH3G;CNBP;TAF10;PRAF2;NDUFA2;NDUFA1;ATP2B1;KLF4;HNRNPAB;ATOX1;MYO1B;GALE;MARCKS;SUCLA2;EIF3L;CD9;ESF1;EIF3E;KRAS;VIM;RECK;BET1",1.51057401812689,5
"45","etoposide homo sapiens gpl10558 gse33990 chdir up","233/635",2.98889648444013e-34,4.63611054697603e-33,0,0,2.17117830685365,167.599742965337,"EIF4A1;RPL30;RPL3;ARL6IP1;RPL31;RPL34;TMEM97;EPRS;SMC3;PHB2;RPL9;RPL7;RPS14;GJA1;RPL36AL;PEG10;BSG;ARL6IP5;PIP4K2A;RPL35;PIEZO1;RPL38;SKP2;RPL39;B2M;HOXA5;WDR83OS;ACOT7;ATP6V0E1;RPL21;RPL23;ACSL3;MRPS18C;EML4;PRKAR1A;RPL24;RPL26;UBA52;MMADHC;ATF4;PRKDC;SHMT2;AGAP1;MGST2;ATXN7L3B;TXN;GLG1;SNX3;NCSTN;STC2;AMZ2;S100A10;FDFT1;PCK2;CADM1;PRRC2C;PUM1;PRDX6;MRPL24;PTK2;SMARCA4;DERA;CS;EXT1;HNRNPM;RPS25;RPS27;STAG2;PPT1;HNRNPC;FERMT2;RPS24;AARS;CLIC4;TRAM1;COX7B;RPLP1;PIGP;TECR;ADK;PTPRF;TRMT112;TUBA1A;UBL3;XPO1;HEY1;SEC61G;DHX15;PHGDH;CCT3;WARS;MRPS27;RHOC;SERPINB6;APRT;SLC7A5;PSMA6;GAS1;PLIN3;AIDA;RAB7A;RPL12;PRIM1;RPL11;SLC7A1;PGRMC1;RPS15A;RPL14;RPL13;RPS2;RPL18;RPS27A;GTF2H5;TMCO1;MARS;TCEA1;FAU;RAB3GAP1;LIMS1;KDM1A;CD81;TNC;PLOD2;NUCKS1;PLOD1;RPL10A;COMT;SRP14;EEF1B2;NARS;LAPTM4B;CHCHD2;CCND2;CDH2;BASP1;OSBP;PMPCB;PLS3;SLC38A1;TLE1;RPS7;RPS8;RPS6;GTF3A;UBE2E1;SARS;FBXO11;RBX1;ACLY;RAB31;SYPL1;ERP29;FSCN1;VCL;RAI14;ATP6V1A;KHDRBS1;RTN3;PSMD14;INSIG1;STK39;COX7A2;SLC1A5;FOXO3;HIGD1A;CNN3;TMEM123;NDUFV2;YARS;HSPA9;OSBPL8;COA3;DARS;AUTS2;ASNS;EEF2;IGF2R;TMEM230;HIGD2A;CDK6;STK24;STT3A;CPE;RSL24D1;CNIH4;ITGB1;PRKCSH;PTEN;ATRAID;LMNB1;HK1;RPS4X;CA2;SUMO2;NPTN;SLC37A4;ABCC4;SUN2;HSP90AA1;CERS6;DYNLT1;LANCL1;RPL13A;RPS3A;EEF1G;RCN1;TFDP1;MYH9;PFDN5;CEBPB;RPL36A;HSD17B12;GANAB;GMDS;CBS;POLD2;IGF2BP3;FYN;IARS2;IGF2BP2;EIF4B;SPAG9;NAA10;NDUFA1;PTPN11;HSPE1;NELL2;MARCKS;PSAT1;PDCD4;CHPT1;P4HB;VIM",6.43776824034335,15
"46","diethylstilbestrol rattus norvegicus gpl1355 brown norway gds2913 chdir up","697/2750",3.62168748550494e-34,5.49551709757053e-33,0,0,1.49973103819258,115.480719317024,"RPL4;NCKAP1;CNTFR;RPL30;RPL3;TFRC;RPL31;HNRNPU;SPINT2;TMEM97;EPRS;RPL8;PHB2;RPL9;ELK3;RPL7;PSMD8;LSM12;RNF114;TFG;MPRIP;CREB3L1;MYC;AP1S1;RPL35;RPL38;SMCO4;JUNB;IER2;MEF2A;WDR83OS;MBNL2;RPL21;RPL23;SERPINF1;WDR74;FNDC3B;SND1;SCAMP3;SCAMP2;RUFY1;NISCH;BCAN;DYNC1LI1;PRKAR1B;EWSR1;ARMC6;PRKAR1A;ZC3H11A;PSME3;UNC50;JTB;SPARCL1;RPL24;YME1L1;LETMD1;RPL29;RPL28;UBA52;TSPYL4;SKAP2;RABL6;ATF4;CDC42SE1;LRPAP1;SHMT2;CTBP1;RPN1;MRPL17;AGAP1;BCL10;IQGAP1;MRPL12;PRDX3;NCSTN;LARP1;PRDX4;BLOC1S1;ST3GAL4;GAR1;AMZ2;SERF2;S100A10;BTF3;CADM1;GPR12;H3F3B;TIPARP;FUCA1;PLK2;EDEM1;TRIP4;NFATC1;LARP6;CS;GLUD1;EIF6;HNRNPF;FAT1;SFXN1;HYOU1;PAM;TMEM9B;HIST2H2AA3;ARF3;GPI;BTG3;BTG2;CDKN1B;PIGT;TCF25;RPLP1;RPLP0;HEXA;PIGP;LPCAT1;SRP54;PRKAG2;WDR45;MRPL34;LITAF;CLINT1;UBL3;TMEM43;DUSP5;LYPLA2;ELOVL1;TPI1;DUSP1;ANXA3;ANXA5;SSR3;ITPK1;COPZ2;EMP2;FOS;DYNLL1;SLC39A14;DUSP6;COPZ1;SRP9;DDB1;MRPL52;BACE2;RNF167;PLSCR1;NSA2;TUBB2B;TUBB2A;PIGK;ERGIC2;PAFAH1B3;GART;ARF5;SF3B4;SF3B5;GRN;ASAH1;WDR26;RPL12;GPS1;SLC7A1;HSPA13;TMEM164;TM9SF3;RPS15A;GPNMB;OLFML3;LMAN2;RPL14;RPS3;HARS;RPL15;AGA;RPS2;RABAC1;RPS27A;RPL18;RPL17;YTHDF1;CDKN2C;YTHDF2;CRBN;GUCA2B;ARCN1;TMCO1;BYSL;FIG4;TM9SF2;TM9SF1;GATM;LYRM2;RYBP;FABP5;PSMC4;TSR1;NUCB1;CIAPIN1;PLP2;NUCB2;MTCH2;NAB1;TNC;PLOD3;PLOD2;PLOD1;PARK7;RPL10A;IPO4;LAPTM4B;ZFP36;APMAP;FCGRT;OSBP;SLC16A7;CIR1;GYG1;TMSB10;RAB2A;TPM4;RPS7;RPS8;USP3;RPS5;IGFBP3;RPS6;AIP;RPSA;ARMCX3;ACLY;SYPL1;MFNG;ERP29;FKBP9;IL6ST;NPTXR;KHDRBS1;FKBP2;CD151;MAX;TUBGCP2;CREM;GLT8D1;STK39;SLC38A10;NREP;AEBP1;HSP90B1;BTBD1;DDRGK1;PGK1;ZKSCAN1;NADK;MCL1;GOT1;SEC16A;M6PR;ASNS;EEF2;TOR1B;G6PC3;P4HA1;STK24;P4HA2;RHEB;MDM2;PLXNB2;CPE;PIN1;TPP1;NOP10;EIF4G2;RNF187;EIF4G1;ITGB1;SNAP25;SLC25A3;RNF13;PTEN;ATRAID;MRPL4;LBH;CAPZB;PPP6R1;RNPEP;CNGA1;CEP170;LBP;LANCL1;HTR3A;EDF1;WIPI1;NDUFC1;ARFGAP3;REXO2;DUSP22;PKM;SLC25A17;DAD1;ESRP1;TMBIM6;PPP1R15A;PRPS1;RAB1A;CEBPD;NDUFB6;RAB1B;NDUFB4;NDUFB2;RPL36A;GLRX;SRM;PPM1G;GANAB;VPS53;EIF4H;POLR2E;SEC11A;ATP9B;SEC23B;EIF4B;SPAG9;PPP1R14B;SEC24A;NDUFA5;NDUFA1;RPL23A;TPD52L1;HNRNPAB;ATOX1;PNRC1;NELL2;MARCKS;TSPAN13;EIF3K;EIF3I;PDCD4;EIF3H;PDCD2;STUB1;EIF3E;EIF3F;P4HB;EIF3D;SEC24C;TPT1;BET1;EIF4A1;AHCYL2;IFITM2;SPARC;CERK;FAM89B;KDELR1;SLC35B1;PITPNA;OGFOD3;KEAP1;SPATA20;RPS15;LGALS3;RPS6KA3;C1GALT1C1;LGALS1;RPS16;PPP2R1A;RPL36AL;FTH1;BSG;CPNE1;ARL6IP5;ARFIP2;EIF2D;ATP6V1E1;LGALS8;RPS11;SEC62;B2M;SCN1B;PDK1;RPS12;ALG5;IFRD1;ALG3;ACSL5;CSNK1D;ASRGL1;CARHSP1;COX7A2L;IFI27;CDC37;NINJ1;AKAP9;VDAC3;SIK1;KDELR3;TTLL12;ATP6V0D1;PFN1;AURKAIP1;RIN2;TRIB2;MMADHC;CUTA;ANP32A;LMAN2L;MAGED1;STXBP1;IGSF1;MGST3;TEX261;ZMPSTE24;TGOLN2;SNX3;SCFD1;SNX1;GNG10;ZNHIT1;STC2;NEU1;APOE;CD14;SNX7;CDR2;PCK2;CTSA;RPL39L;EGR1;PTPRN2;TMEM50B;MICAL2;PTK2;SMARCA4;MANF;EXT1;RPS26;EXT2;CYP26A1;RPS25;RPS29;GOLGB1;CDC16;ID1;GRB2;MAGED2;ALDH18A1;CD24;RPS21;RPS24;FKBP11;DAZAP2;TRAM1;GDI1;TECR;FAF2;MAGT1;IDE;ACTR1A;PPP3CB;UCHL1;ACTR1B;SEC61G;TMED3;MLX;SDF4;TMED2;QSOX1;NANS;UBXN4;TMED7;CTSD;CTSB;NDEL1;CCT3;TMED9;SEC13;WARS;PABPC4;GAA;GFRA1;AMPD2;AMPD3;ITFG1;CTTN;CSDE1;UFC1;MZB1;CD47;EEF1E1;CRELD2;ATP6V0C;CD44;RAB7A;MATN2;NAPA;C1QB;C1QA;CD63;STX16;SSNA1;MRPS34;PTN;CST3;OS9;ORMDL2;PES1;TWISTNB;SHOC2;TBL1X;ATP6V0E2;NPDC1;CGREF1;MPP3;SLC31A1;YIPF3;TMEM176A;YIPF5;PLEKHA5;AP3D1;MPP6;YIF1A;PPP1CA;PDP1;FKBP1A;BOP1;SPCS3;SPCS1;MARS;HNRNPA2B1;FAU;MPHOSPH8;DPAGT1;NARF;GOLT1B;MPG;CD81;PRDM5;HDLBP;UBE2Z;ETS2;EEF1B2;NARS;CCND3;RGS3;TMEM147;KHSRP;NRCAM;CAPN1;SH3GL1;NSF;G6PD;TRAPPC2L;UBE4A;KCTD3;WBP11;GEM;PDIA5;TUFM;PDIA4;DPM1;PRPF4;ALDH3A1;DPM3;PREPL;PRPF6;HIST1H2BH;SIDT2;PPIC;ATP6V1A;RTN3;ISYNA1;COPA;VCP;TSG101;TMED10;UBA5;COPB1;HTRA1;COX7A2;SLC1A5;PRPF8;PLD3;SDCBP;DPP6;TMEM248;MAN2A1;ISOC1;YARS;IVNS1ABP;HSPA9;KLHDC3;PRNP;HSPA8;CRTAP;SMAD4;IGF2R;TMEM230;HIGD2A;EFNA1;NR4A2;NFKBIA;NR4A1;DAP;COL5A1;CAPRIN1;GNAS;PI4KA;STT3A;CRYL1;SRPRB;UBA1;TGFBI;FGF13;LRP10;COPE;B4GALT3;THRB;DDX47;PRKCSH;USP34;SLC2A1;YBX1;DDX41;RND3;YBX3;ELAVL1;RPS4X;UFL1;SEC61A1;CALB1;UBE2Q1;CA2;UQCRFS1;MAN1A1;GUSB;COLGALT1;ATP6AP1;H2AFZ;DESI2;DCXR;CAD;HUNK;TBC1D8;TBC1D9;RPS3A;LSR;PPP2R5C;KLF15;EEF1G;VCAN;RCN1;TMEM214;RER1;EEF1D;RASA4;ATP6V1B2;CHI3L1;ATG4B;PFDN2;INA;TMEM45A;PON2;DDX21;SLC3A2;RRBP1;ATP1A1;ADD1;USP19;CRYZ;CAND1;CHSY1;GMDS;OXCT1;DDT;SPOCK2;LEPROTL1;NT5DC2;POLD2;TMEM208;CRYM;MAPK3;GALNT1;TAF10;PRAF2;SLC50A1;SOD2;HSPE1;TTC19;GALC;GALE;GLB1;ABHD17A;CDK2AP2;CDK2AP1;RBM42;SPRY2;VIP",4.16068866571019,29
"47","fluoxetine mus musculus gpl1261 gse35761 chdir up","424/1455",9.84605482664812e-34,1.46224388702136e-32,0,0,1.72431322312369,131.049222880957,"CYFIP2;NCKAP1;RPL30;RPL3;SERPINE2;RPL31;RPL34;HNRNPU;RPL8;LIPA;RPL9;RPL7;RNF115;GJA1;ALCAM;PSMD4;RPL36;RPL38;RPL37;PRKACB;TSPYL1;MBNL2;RPL21;RPL23;CSNK2A2;BCAN;PRKAR1B;EWSR1;PRKAR1A;FDX1;TXNIP;RPL24;RPL26;RPL29;RPL28;TSPYL4;RABL6;RPN1;WDR61;ATXN7L3B;SULT1A1;PRKAR2B;PRDX1;GAR1;SERF2;S100A10;FDFT1;CREBBP;RPL41;H3F3B;TMA7;LARP6;MRPL22;MLLT11;HNRNPM;HNRNPF;TRIP6;HNRNPC;ARF3;BTG1;RPLP1;RPLP0;ADK;LPCAT1;SLC6A1;ADO;PQBP1;PCMTD2;TRMT112;TUBA1A;UBL3;IMPA1;AIFM1;RPLP2;BRD2;TPI1;DUSP1;ANXA3;SPHK1;TNNC1;ANXA4;PAWR;FOS;HIST2H2BE;MED28;GAS1;CRYAB;ARF6;PCYOX1;SF3B5;SF3B2;WDR26;GSTP1;RPL12;SLC7A1;EXTL2;RPS15A;CHN1;RPL14;RPS3;RPL13;HARS;RPS2;RPS27A;RPL18;P4HTM;RPL17;BRD4;YTHDF1;GTF2H5;TM9SF2;DHRS7;RYBP;PSMC2;TSR1;FMOD;FAM49B;LAPTM4B;PMPCA;TMSB10;RAB2A;BNIP3L;IK;MAP2K1;TLE1;TPM4;RPS7;S100A1;RPS8;RPS5;RPS6;RPSA;DGKZ;RBX1;ARMCX3;ACLY;SLC9A6;FSCN1;SNRPG;FKBP9;FKBP5;KHDRBS1;SEMA7A;TXNDC9;ARL3;ITPR1;UAP1;FOXO3;SOCS2;SNN;BTBD1;DDRGK1;PGK1;NDN;NAE1;NADK;SOCS5;MCL1;AKIRIN1;GOT1;FUS;EEF2;HOPX;COPS6;CPE;ACO1;SERINC1;SERINC3;EIF4G2;RNF187;SNAP25;SLC25A3;AMD1;PTEN;NRGN;CAPZB;OPA1;SUMO2;MRPL9;HSP90AA1;SLC13A3;SLC13A4;PEG3;GPX4;LANCL1;RPL13A;NDUFC1;NIPSNAP1;ARFGAP2;ASPH;SLC25A4;SMARCD2;NDUFB6;NDUFB2;HSD17B12;HSD17B11;HDAC9;AP3M2;DNAJB1;EIF4H;ATP9A;SPAG9;NDUFA7;NDUFA6;SLC12A5;IDH3G;CNBP;NDUFA1;RPL23A;PTPN11;HNRNPAB;TPD52L2;SORL1;NELL1;SNRNP40;EIF3I;SEC24C;SMAP1;EIF4A1;LPGAT1;ARL6IP1;PITPNB;HDAC11;CISD1;IFI35;TXNDC15;RPS15;RPS14;RPS19;PPP2R1A;RPL36AL;RUSC1;FTH1;DENR;SNRPD3;PTGDS;RPS11;PDK1;RPS12;TBC1D10B;SRRM2;ACSL5;CSNK1D;COX7A2L;SUB1;VDAC3;PREB;KDELR3;FAM76A;ATP6V0D1;AURKAIP1;ALDH7A1;GPM6A;MAGED1;STXBP1;PIK3R1;KALRN;TGOLN2;DHX30;GNG10;INPP5F;APOE;ATP6V1C1;SNX5;SNX6;SRPK2;EGR1;EGR2;EGR3;PTPRN2;BSDC1;SMARCA2;RPS25;RPS29;RPL27A;CALM3;RPS20;RPS21;RPS24;ITM2C;CDS2;DAZAP2;CLIC4;GDI1;TECR;BMI1;ACTR1B;DHX15;ARIH2;TMED2;CTSB;PSENEN;TMED9;ATP6V0B;FOXD1;PRMT1;ITFG1;MLF2;RHOB;VSNL1;CSDE1;UFC1;ATP6V0C;NAPA;FOXC1;CAB39;SLC20A1;SATB2;AKAP7;PTN;COX5B;PGRMC1;CAMK2N1;SHOC2;ATP6V0E2;DYNC1I1;CBR3;NPDC1;RANBP1;PPP1CA;FKBP1A;SPCS3;SPCS1;CCNG2;FAU;KDM1A;CD81;BCCIP;NUCKS1;SRP14;NR3C1;CCDC28A;EEF1B2;CHCHD2;CCND2;TMEM147;BASP1;KIF5A;DENND5A;NRCAM;PAMR1;RALBP1;PAM16;KCTD3;ATP1B1;COX6B1;DPM1;PREPL;PRPF6;HNRNPUL1;NUPR1;VCL;RTN3;IDI1;COX7A2;HIGD1A;PRPF8;PLD3;CNN3;CNN2;CYC1;NDUFV1;PRNP;KLHDC3;SMAD4;CBX1;QDPR;BMP4;NR4A2;NR4A1;GNAQ;MKRN1;GNAS;UBA3;DEGS1;BLMH;FGF13;LSM14A;COPE;GSK3B;DDX47;TNFAIP1;HMGB1;YBX1;HS2ST1;RPS4X;LASP1;GRM5;CALB1;NUP62;NPTN;FLOT1;TMEM109;HIST1H1C;H2AFZ;BUD31;RPS3A;GLRX2;PPP2R5C;PJA1;ACTA2;SFPQ;EEF1D;NDUFS6;NDUFS2;PFDN2;OTUB1;NRXN3;RNF6;CRYZ;TNKS2;OXCT1;DDT;LEPROTL1;CRYM;ABCF1;OPCML;IGBP1;ATP2B1;SOD2;HSPE1;CDK2AP1;SLIRP;SSBP1",3.77358490566038,16
"48","vitamin c homo sapiens gpl570 gse11919 chdir up","794/3257",3.53438237123023e-33,5.13958103149729e-32,0,0,1.44250072215874,107.787648969635,"TFRC;RBPJ;MYLK;MPRIP;DPYSL2;AKT1;PRKACB;FNBP4;MEF2A;RBFOX2;CSNK2A2;SND1;CD2AP;PRKAR1A;ZC3H11A;JTB;RBCK1;LETMD1;SHMT2;AGAP1;SULT1A1;CYB5R1;PRKAR2A;AMZ2;RSU1;ABCA1;CREBBP;JAG1;JUP;CADM1;TIPARP;EDEM1;EIF2AK2;NR2F2;ABCA8;LARP6;PBX1;COL1A2;TBL2;FXYD5;FERMT2;EZH1;PIGT;RPLP1;RPLP0;PIGP;SNX11;LITAF;BBC3;HEY1;RPLP2;DUSP5;CLUL1;DUSP1;BGN;RRAS2;C6ORF62;HIST2H2BE;MZT2A;GPRC5A;PIGG;CRYAB;KANK2;STAU1;GGA1;PSMB2;CLPTM1;FLNB;FLNC;BID;EGLN1;CRBN;LYRM1;LYRM2;LYRM4;GID8;PSMC2;AGRN;YPEL5;C11ORF58;LIMS1;ZBTB20;PLOD2;PLOD1;FBXO21;SAT1;FADS3;SLC16A3;SLC16A4;AP2M1;BNIP3L;SLC38A1;UBE2E1;SARS;ATP11B;FBXO11;ACLY;FSCN1;IL6ST;ANAPC1;DLX2;MAX;SHC1;CREBL2;FOXO3;ACAT2;SOCS2;ATXN1;ATXN7;PGK1;EIF4EBP2;NAE1;ZNF665;ZKSCAN1;NADK;SOCS5;TIA1;GFPT1;FOXN3;EEF2;DRAP1;G6PC3;MDM2;LRCH4;OGT;ZNF410;NFE2L1;ITGB1;MCFD2;ALAS1;PTEN;FHL2;NENF;ITGAE;BICD2;CAPZB;NCK2;PGLS;EDIL3;DSP;EIF5B;ACTR2;EMX2;HSP90AA1;PPP1R12A;DST;ITGA3;ITGA2;ARFGAP3;SLC25A16;ADORA2B;ITGA5;ST6GALNAC4;MTRF1L;SLC25A4;PRPS1;MLLT1;MALT1;GANAB;U2AF2;SH3BP4;IARS2;IGF2BP2;UBQLN4;EIF4B;ATP9A;KCNJ5;NDUFA7;SEC24A;MBOAT7;RPL23A;TPD52L1;TPD52L2;SLC25A38;MYO1B;EIF3L;EIF3I;MGP;EIF3H;STUB1;EIF3E;P4HB;EIF3F;EIF3D;SEC24C;SLC25A36;SPG21;AHCYL2;LPGAT1;CERK;KEAP1;ZDHHC7;UXT;EFR3A;BSG;PIEZO1;ATP6V1E1;SEC62;FBXO7;SEC63;LIMCH1;ECH1;CSNK1D;ACTN4;DHX40;NINJ1;TRIB3;MXRA7;KDELR3;CCDC81;CES2;MMADHC;SNX3;TGOLN2;SNX1;RRAS;MICAL1;PCK2;SNX6;CTSA;EGR1;SURF1;EGR3;BSDC1;EXT1;RPL27A;ID1;GRB2;CD24;RGL2;SLC2A4RG;ECM1;SYNM;PPP1R11;OTUD7B;SLC7A11;BMI1;N4BP2L2;RAB22A;PTPRF;PPP3CB;ENC1;DHX15;ARIH2;SDF4;IDS;PHGDH;QSOX1;SPTAN1;CTSD;CTSB;NDEL1;WARS;FOXD1;PABPC4;NBPF10;APRT;ENAH;CTTN;CSDE1;DBN1;CD44;TAGLN;STX16;CRIP2;COX5B;RELA;GNAI2;RXRA;OS9;MSX1;FILIP1L;PAK2;NPDC1;DYNC1H1;GABBR2;YIPF3;YIPF5;PLEKHA5;MYO9A;RIT1;PER3;CCNG2;HNRNPA2B1;TCEA1;ESYT1;PNPLA2;ACAA2;NARF;UBE2Z;ACTG2;EEF1B2;RGS2;AKR7A3;CCND1;G6PD;UBE4A;SDHC;CCNB1IP1;VCL;SIDT2;RTN3;TSG101;TMED10;NXPH3;SLC41A3;SEL1L;HTRA1;DAPP1;SLC1A5;NDRG1;PLD3;CNN1;KIF3B;TMEM248;PACSIN2;NPHP4;TFAP2A;IVNS1ABP;PRNP;CRTAP;AUTS2;SLC52A1;INHBB;UBE2A;IGF2R;CLK3;HIGD2A;SSH1;COL5A1;GNAQ;MKRN1;GNAS;TAB2;AMOTL2;DEGS1;TCF3;FGF13;LSM14A;UBE2M;LGALS3BP;GSK3B;PRKCSH;DDX41;MEA1;RND3;LASP1;UBE2Q1;NPTN;A4GALT;RBM14;DYNLT1;MMP2;BUD31;EEF1G;ACTA2;SFPQ;VCAN;CREB1;RER1;EEF1D;PPDPF;CAT;PEX5;BLVRB;DNAH3;LAMA5;RAP1GDS1;ASAP1;AGPAT1;AGPAT2;ADD1;POLD4;MTA1;DNPEP;PDLIM2;TNKS2;CBS;TDG;BNIP2;SPOCK1;GALNT7;MBTPS1;ATP2B4;TTC17;GALC;REST;KRAS;CHPT1;CYFIP2;RPL4;RPL3;SERPINE2;MAML1;RPL31;RPL34;SERPINE1;HNRNPU;ABAT;FNBP1L;PHB2;BACH1;RPL9;RPL7;ALCAM;TFG;CREB3L2;RPL36;CYP1B1;RPL37;HOXA7;RNF111;TSPYL2;MBNL2;RPL23;FNDC3B;NISCH;MAP1B;MAP1A;YME1L1;RPL29;RPL28;UBA52;LRPAP1;ZNF395;POM121;FICD;CTBP1;ENDOD1;GLG1;ADH5;PLAC8;PRDX3;FAM171A1;PRDX1;ZNF148;ST3GAL1;SERF2;HOXC6;BTF3;NAA50;ACD;ST13;FZD6;NFATC1;PRDX6;RNF103;SLC6A8;TRIP6;SNAI1;SNAI2;CDK13;PAM;GPI;PYGB;BTG1;TCF25;WDR45;SLC6A1;CLINT1;MRC2;UBL3;CSRP1;IMPA2;TRIM2;TIMP3;TIMP1;LDLRAP1;BRD3;BRD2;TPI1;PAWR;AEN;COQ10B;COPZ1;NSA2;GART;PLCB2;PCYOX1;GRN;NBAS;WDR26;RPL11;GCNT1;HSPA14;TANK;TM9SF3;RPS15A;ABI3BP;RPL14;RPL13;RPL15;RPS2;RPL18;RNF130;BRD4;FARP1;YTHDF1;YTHDF3;KIDINS220;SULF1;SYNJ2BP;DHRS3;TM9SF2;RYBP;OSTM1;TMEM159;ZYX;MSRB1;TUSC3;AHR;CLU;CDH6;CDH2;FCGRT;PLS3;RAB2A;CSNK1G3;USP7;MAP2K1;MAP2K2;TPM4;IGFBP5;IGFBP4;RPS5;F2R;RPS6;DYRK1A;AIP;RPSA;GOLGA8B;RAB31;SYPL1;ADAM9;PHIP;FKBP4;FAM8A1;NOTCH2;NOTCH3;FKBP2;SEMA7A;CD151;NOTCH1;UBR4;AK4;RLF;NDN;ANKRD10;DVL3;IGFBP6;OSBPL8;AKIRIN1;WFS1;ASNS;MARCH6;MOB1A;BCL6;P4HA1;P4HA2;RHEB;PIR;CPE;PLXNB2;MAFK;SERINC1;CNOT8;SERINC3;RSL24D1;EIF4G2;CNIH4;RNF187;RNF13;WDR1;LBH;EFHD1;HMGCS2;GPX4;RPL13A;EDF1;CTDSP1;CEBPD;VPS4B;DNAJB1;DNAJB4;POLR2E;DNAJB9;WASF2;SEC11A;SPAG9;SPAG4;PTPN11;PNRC1;ASS1;ENOX1;KLF7;MARCKS;PFKL;P2RX5;PSAT1;APOC1;MGAT4B;PFKP;OXTR;HDAC11;PITPNA;PWP1;RPS14;RPS16;RPS19;RPS18;FTH1;LONP1;DENR;SOX9;RPS11;SOX4;PDK1;RPS12;AGFG1;SRRM2;ATP6V0E1;IFRD1;PSG1;HLA-C;KRT7;PSG2;HLA-F;PSG9;CARHSP1;COX7A2L;PSG4;MALL;HECA;TLN1;NBL1;ANP32A;STXBP1;TSHZ2;TWF1;TEX261;SCFD1;ZNHIT3;STC2;GSE1;VASP;SRPK2;TMEM50B;RPS26;RPS25;RPS27;STAG2;RPS29;GOLGB1;MPHOSPH10;RPS20;HIST1H4J;ITM2C;CDS2;DAZAP2;CLIC4;TRAM1;GDI1;CITED2;MAGT1;COIL;UCHL1;XPO1;SEC61G;SLC22A18;CHMP1A;ANKRD1;TMED2;PRMT1;TFE3;RHOG;AMPD2;NME4;RHOC;RHOD;ITFG1;MLF2;NME7;FAM20B;WAC;ATP6V0C;RAB7A;AMIGO2;CST3;CST2;CXCR1;SHOC2;TBL1X;EMC7;CA12;NQO2;SCD5;AP3D1;SORBS2;SPCS3;KRT19;AXL;DLC1;KBTBD2;FAU;MPHOSPH8;F2RL2;RAB3GAP1;HDLBP;ARID4B;COMT;TOMM22;FAM162A;PDE8A;RALBP1;KDM2A;WNT5A;ARID5B;ATP1B1;TUFM;ALDH3A2;TMEM134;PREPL;COL4A2;COL4A1;NUPR1;HIST1H2BD;RAI14;COPA;H6PD;COPB1;CHRNA9;COX7A2;PRPF8;SEL1L3;TMEM123;PODXL;MAN2A1;ATP6V1H;HSPA9;DARS;HSPA8;CBX7;SMAD4;TGFB1;EPHX1;POU2F2;SMAD7;CAPRIN1;MAN2B1;TGFBI;DYNLRB1;LRP10;ZCCHC2;ACADVL;THRB;SOWAHC;HSPB8;USP34;SLC2A1;HK1;RPS4X;TMEM100;HEBP1;CASP6;C9ORF16;RBM6;USP46;ABCC1;SPATS2;RPS3A;TMPRSS11E;IQCG;TGFBR2;RBL2;RBMS1;MYH9;DNASE2;PFDN5;LUC7L2;TUFT1;PON2;ACAN;DDT;LEPROTL1;ERBB2;HES1;CAMK2G;IGBP1;KDM4B;USP22;C14ORF132;MEIS2;WEE1;CKLF",3.27455919395466,26
"49","pioglitazone rattus norvegicus gpl341 gse21329 chdir up","294/895",6.01328497073523e-33,8.56586308076161e-32,0,0,1.94373739711084,144.208476045859,"IFITM3;NCKAP1;RPL30;SPARC;ECI2;SERPINE1;CISD1;HNRNPU;IFI30;EPRS;PHB2;PSMD8;MT2A;LGALS1;CAPNS1;FTH1;BSG;NAMPT;PDK4;PIEZO1;LGALS8;B2M;SCN1B;PDK1;ATP6V0E1;SERPINF1;ECH1;SCAMP3;ASRGL1;SLC5A6;RBP4;POR;IFI27;RRAGC;SUB1;FDX1;UQCRC1;JTB;PSME2;TXNIP;SUCLG1;LETMD1;CFB;ATF4;CFD;GPM6A;RETSAT;ANP32A;SAR1B;MGST3;MGST2;ATXN7L3B;TEX261;IQGAP1;MRPL12;MRPL11;TGOLN2;SNX3;PRDX3;PLAC8;PPCS;PRKAR2A;PRDX1;APOE;PCK1;CDR2;SPTBN1;H3F3B;TMEM50B;TMA7;CIDEA;FAM136A;MRPL22;DERA;COL1A1;CS;ALDH6A1;COL1A2;FXYD3;FASN;CDC16;FAT1;RPS24;GPI;COX7B;CLIC4;WDR45;MRPL35;SLC6A4;MRPL41;AKAP12;GYS2;UBL5;AIFM1;CRTAC1;TMED2;PHGDH;CD36;CTSD;COX8A;PSENEN;TPI1;MME;ANXA2;ANXA3;PABPC4;GAA;BGN;MRPL49;EMP1;F3;COQ10B;PSMA6;UGDH;SLC7A6;MED25;PSMA2;ERGIC2;DLD;C1QA;CAB39;HSD17B4;NEDD8;UQCR11;COX5B;PSMB7;PSMB2;UCP3;LMAN2;UCP2;CLPTM1;STAT4;GPC3;RABAC1;RPS27A;NPDC1;PEX19;CDKN2C;NR1H3;FAH;GTF2H5;TMCO1;PPP1CA;FKBP1A;COL3A1;FABP5;ESYT1;YPEL5;FMOD;NUCB2;PNPLA2;SCARB1;FAM49B;MTCH2;ACAA2;CD81;NDUFA10;TNC;WBP1L;PLOD2;PLAT;PLOD1;CNDP2;FADS3;CHCHD2;CCND2;MAEA;APMAP;FCGRT;MPC1;KHSRP;OSBP;PMPCB;PMPCA;BANF1;TMSB10;MYLIP;BNIP3L;G6PD;PHYH;F2R;SDHC;CDC25B;TUFM;BSCL2;ALDH3A2;ACLY;TMEM134;COL4A2;COL4A1;ILVBL;MAP7D1;MASP1;FKBP9;IL6ST;VCL;SIDT2;FKBP5;ATP6V1A;RTN3;VCP;INSIG1;TNFRSF11B;COX7A2;SLC1A5;HIGD1A;NID2;EIF4EBP1;CYC1;IGFBP6;NDUFV2;NDUFV1;MCL1;HSPA9;COA3;SMURF2;M6PR;ASNS;EEF2;QDPR;COPS5;COL5A1;MKRN1;PXMP2;ACO1;AMOTL2;NOP10;NFE2L1;EIF4G2;UBE2M;SLC25A1;ITGB1;SLC25A3;GSK3A;ACADVL;PTEN;ETFB;YBX1;MSLN;MRPL2;GM2A;NCK2;UQCRFS1;TAPT1;HIBCH;IDH3A;DSP;SUN2;GPX4;CAD;NDUFC2;NDUFC1;REXO2;ASPN;VCAN;SLC25A17;PKM;NPC2;EEF1D;ACOX1;COL6A2;ALDH1A2;CAT;IRF7;NDUFS2;TMBIM6;SLC25A4;PRPS1;COL15A1;NDUFB6;NDUFB4;NDUFB2;HSD17B12;TOB2;HSD17B10;AGPAT2;TMEM208;TIMM8B;NDUFA7;NDUFA6;NDUFA5;IDH3G;GALNT1;ERAP1;NDUFA2;NDUFA1;PTPN11;HSPE1;SORL1;MARCKS;SUCLA2;PSAT1;P4HB;VIM",5.78231292517007,17
"50","tamoxifen homo sapiens gpl96 gds2367 chdir up","115/223",9.04595145489054e-33,1.26281482310272e-31,0,0,3.05145010215724,225.145114704991,"EIF4A2;EIF4A1;RPL3;RPL31;ABAT;MT1X;RPL8;COMT;SRP14;RPL10A;CLU;RPL7;RPS15;EEF1B2;LGALS3;RPS14;MT2A;CAPNS1;RPS19;RPS18;FTH1;RPL35;RPL37;RPS11;RPL39;TMSB10;SOX4;AP2M1;MT1HL1;RAB2A;ATP6V0E1;RPS7;IL1R1;RPS8;RPL23;RPS5;RPS6;UBE2E1;LDOC1;ACLY;PRKAR1A;MT1F;RPL24;RPL29;ATP6V0D1;RPL28;MMADHC;HIST1H2BD;MGST3;INSIG1;TACSTD2;PIK3R3;GATA3;PRDX1;PGK1;BTF3;HSPA8;RPS25;RPL27A;ID1;GNAS;MAGED2;CD24;PLEKHF2;GPI;DAZAP2;RPLP1;RPLP0;LITAF;HEBP1;RPS4X;TUBA1A;CSRP1;FLOT1;NPTN;RPLP2;DUSP2;ANXA2;ATP6AP1;ANXA4;SORD;RPL13A;TBC1D9;RPS3A;RHOC;HIST2H2BE;NIPSNAP1;RHOB;EEF1G;EEF1D;RPL37A;CD47;FBP1;PFDN5;MATN2;RAB1A;RPL12;RPL11;SELENBP1;RPS15A;EPCAM;RPL14;RPL13;SNCG;RPL17;EIF4B;CNBP;NELL2;KRT19;MLPH;EIF3L;PDCD4;RAB9A;EIF3E;TPT1",5.21739130434783,6
"51","cyclosporine homo sapiens gpl570 gse15935 chdir up","215/581",2.95250402372998e-32,4.04087805600691e-31,0,0,2.1896546456324,158.969079112105,"EIF4A2;RPL3;LPGAT1;TFRC;ARL6IP1;RPL31;C4BPA;CALML4;GBA3;CLDN1;RPL9;RPL7;LGALS3;RPS6KA3;GJA1;ALCAM;RPS16;DPYSL2;PEG10;ANPEP;BSG;SOX9;SKP2;B2M;TNS3;SOX4;TMPO;GSTK1;ST6GAL1;ATP6V0E1;RPL23;SERPINF1;PDZK1;TM4SF1;GNPAT;RBP4;SOAT1;SUCLG1;KDELR3;RPL29;EIF1B;CES1;CUTA;SET;SLC35D1;CTBP1;PRKDC;MGST3;MGST2;GLG1;TGOLN2;HPX;LARP1;APOM;TSPAN8;FLRT3;SPTBN1;S100A10;CTSA;JAG1;CADM1;XRCC5;TMA7;NR2F2;PUM1;CIDEC;DERA;MLLT11;GLUD1;TF;RPS27;TDP2;RPS29;ID1;PPT1;RPS20;CDK13;CD24;PAM;HIST1H4D;COX7B;ORM1;SERPINA1;BTG1;RPLP1;QPRT;TECR;PTPRK;SERPINA6;PTPRF;CTSH;MUC13;SPTAN1;CTSB;HTATIP2;TPI1;ARG1;ANXA4;NBPF10;DUSP9;DUSP6;SRP9;NME7;CEACAM6;CEACAM5;TFF2;PCYOX1;STAU1;SLC20A1;TYMS;PGRMC1;PSMB1;HSD17B2;RPS3;GPC3;RPL13;RPL15;AGA;RPS2;GSN;CCL20;GOLM1;AKR1C1;OSTM1;HNRNPA2B1;MEGF9;TJP2;SCARB1;PROS1;HP;PLOD2;TM7SF3;SAT1;LAPTM4B;CDH2;APMAP;FAM162A;PMPCB;RPS6;CYBA;CDC25B;TUFM;ZNF91;SNRPG;ADAM9;FKBP3;HIST1H2BD;ATP6V1A;SLC1A3;AK4;HIGD1A;NDRG1;PRPF8;SEL1L3;TPR;PLTP;EPHX1;HMGA2;DHCR24;H2BFS;IGF2R;VIL1;SCCPDH;STK24;P4HA1;GNAS;PLXNB2;TPP1;SERINC1;TGFBI;LRP10;ITGB1;SLC25A3;PRKCSH;HMGB1;NPTN;TMEM109;MAN1A1;GUSB;DSP;CERS6;H2AFZ;RPS3A;VCAN;MEP1A;RPL37A;CAT;CDH17;CEBPB;NDUFB4;PON2;HIST1H2BK;NDUFB2;RPL36A;NDUFB1;ATP1A1;HSD17B11;ADD1;GANAB;ERBB3;CBS;STOM;IARS2;HES1;SLC35A1;GALNT1;NDUFA2;SORL1;MARCKS;MGAT4B;CD9;CHPT1;S100P;VIM;GLA",5.58139534883721,12
"52","estradiol homo sapiens gpl570 gse5102 chdir up","601/2315",4.11304109415584e-32,5.52096669946303e-31,0,0,1.53616113077818,111.016153302979,"RPL30;TFRC;MAML1;HNRNPU;TMEM97;SMC3;BACH1;RPL9;RPL7;PSMD8;LSM12;PSMD4;DPYSL2;MYC;NAMPT;PSMD3;CYP1B1;RPL35;RPL38;RPL37;RPL39;IER2;RPL23;CSNK2A2;WDR74;RFX2;DNTTIP2;PHKA1;DICER1;WDR77;HCFC1;NUP93;ARMC6;PSME3;JTB;PSME2;YME1L1;RPL26;RPL28;UBA52;ATF3;PRR14;RABL6;NUP205;ZNF395;POM121;SET;SAR1B;SHMT2;CTBP1;PRKDC;RPN1;AGAP1;MRPL12;SULT1A1;PRDX3;FAM171A1;LARP1;NUP85;PRDX1;AMZ2;ZNF148;NAA50;BTF3;JUN;ACD;TEX30;SIVA1;H3F3B;EIF2AK2;MAGOHB;MRPL22;DHFR;HNRNPL;XKR8;CS;HNRNPM;GLUD1;UCK2;GLUD2;EIF6;PPT1;REL;HNRNPC;PSMG2;FARSA;CDK13;C5ORF30;BTG3;RPLP0;LPCAT1;PRKAG2;MRPL34;MRPL35;PFAS;WDR43;MRPL41;CSRP2;IMPA2;RARS;TIMP3;DUSP5;SERPINB2;DUSP1;NSUN5;SPHK1;ACTL6A;SSR3;ITPK1;LRRC40;PAWR;NUTF2;EMP2;BAZ1A;FOS;SLC39A14;DUSP6;PSMA6;RNF167;SLC7A6;MED25;NSA2;PSMA2;SLCO4A1;PTRH2;CDC42EP4;SLC29A1;GART;DLD;ARF6;HBEGF;SF3B5;GRN;ZNF593;STAU1;RPL12;RPL11;HSPA14;SLC7A1;TM9SF3;PSMB7;NRAS;BCLAF1;RPS15A;PSMB2;LMAN2;PPP1R8;PSMB1;CLPTM1;RPL14;RPS3;PCGF1;RPL13;RPS2;RPL18;RNF130;BRD4;MBD4;YTHDF1;CDKN2C;YTHDF2;WDR18;BLCAP;BYSL;GATM;PSMC5;RYBP;NFIB;PSMC4;PSMC2;ZYX;TSR1;CIAPIN1;FAM49B;NAB1;CASC3;PARK7;AHR;RPL10A;LAPTM4B;NFATC2IP;PMPCB;PMPCA;NBN;GYG1;RAB2A;CSNK1G3;USP7;SLC38A1;TPM4;RPS7;RPS5;RPS6;GTF3A;DYRK1A;VRK1;RPSA;POLRMT;CDC25B;RAB32;RAB31;MRTO4;SNRPG;PHIP;IL6ST;FKBP4;S100A9;CSNK1G2;S100A8;ANAPC1;FKBP5;S100A7;KHDRBS1;MAX;MAZ;RHOBTB3;AK4;HSPBP1;ACAT2;HSP90B1;TPR;EIF4EBP1;NAE1;PI3;ZNF665;ZKSCAN1;NADK;MPDU1;OSBPL9;COA3;NOP14;SDF2L1;GOT1;FUS;M6PR;EEF2;LSM5;MARCH6;CHERP;LSM2;MFHAS1;MOB1A;COPS6;MAFB;CDK6;RHEB;LCN2;MAFK;SERINC3;ZNF410;ZNF652;SERINC5;RNF187;EIF4G1;AMD1;WDR4;ITGAE;KIAA0100;MSLN;MRPL4;MRPL2;OPA1;SUMO2;EFHD2;UPP1;TNPO1;EIF5B;HSP90AA1;ITGA2;SORD;AHSA1;RPL13A;SLC25A16;TFDP1;ASPH;RPL37A;MCM5;MET;BIRC3;PPP1R15A;PRPS1;CEBPB;SMARCD2;CEBPD;NDUFB4;MLLT1;PPM1G;DNAJB1;ABLIM1;NCLN;U2AF2;EIF4H;POLR2E;IGF2BP2;E2F4;WASF2;CTNNAL1;EIF4B;SLC25A24;SPAG9;CNBP;CCDC59;RPL23A;HNRNPAB;ASS1;MYO1B;SNRNP40;MARCKS;KLF6;SUCLA2;EIF3K;PSAT1;EIF3I;APOC1;MGAT4B;PDCD2;EIF3E;RECK;TPT1;SLC25A36;SPG21;EIF4A1;ARL6IP1;SLC35B1;CISD1;MT1X;PPP2R2A;THUMPD1;IFI30;AQP3;PWP1;RPS15;UXT;RPS14;MT2A;RPS16;RPS19;RPS18;BSG;LONP1;PDK4;DENR;SKP2;RPS12;SRRM2;CPT1A;TIPIN;ECH1;ALG5;IFRD1;ALG3;KRT7;DHX40;CARHSP1;CFDP1;MT1F;VDAC3;CCDC86;MT1G;TFAM;MT1H;SUCLG1;TTLL12;ALPK1;PFN1;AURKAIP1;NBL1;MT1E;CES1;PTGES;CUTA;NMD3;TXN;ZMPSTE24;STC2;NEU1;TSPAN4;GSE1;SPRR2B;ATP6V1C1;SNX5;CDR2;EGR1;GADD45B;XRCC5;LIF;SMARCA4;EXT1;STAG2;AKR1B10;RPS29;CDC16;ID1;NMU;CD27;GRB2;RPS20;RPS21;SPRR1B;RPS24;CD320;DAZAP1;MRPS16;PPP1R11;FASTKD1;WFDC2;COIL;EPB41L4B;XPO1;UIMC1;ARIH2;SDF4;NANS;TMED7;CBR1;ATP6V0B;MRPS27;TNFRSF12A;PRMT1;PABPC4;NBPF10;MRPS2;AMPD2;KIF2A;CSDE1;WAC;FJX1;DBN1;DCP2;PTGER4;SPRR3;TOMM40;CAB39;STX16;PRIM1;SAA4;MRPS31;GNAI3;HSD17B4;TYMS;AKAP1;EXOSC5;PGRMC1;RXRA;MSX1;CCT8;PAK2;CBR3;RANBP1;GCH1;IL37;AKR1C1;YIPF5;SCD5;PLEKHA5;AKR1C3;RPA2;PDZK1IP1;PDP1;BOP1;HNRNPA2B1;TCEA1;PNPLA2;ACAA2;CD82;FHOD1;NDUFA10;BCCIP;NUCKS1;CCND3;CHCHD2;TMEM147;ARHGDIA;KHSRP;PDE8A;NOSIP;WBP11;CCNB1IP1;TUFM;DPM1;ALDH3A2;PRPF4;BRMS1;HNRNPUL1;HGS;MAP7D1;GEMIN6;ATP6V1A;VCP;TMED10;PSMD14;DAPP1;SLC1A5;PRPF8;NDRG1;SDCBP;KIF3B;TMEM248;CYC1;TFAP2A;YARS;HSPA9;KLHDC3;DARS;HSPA8;CRTAP;CBX5;CPSF1;SMURF2;SLC52A2;INHBA;HIGD2A;GULP1;NFKBIA;GCLC;IL6;SRPRB;AMOTL2;BLMH;TCF3;LSM14A;UBE2M;GSK3A;DDX47;PRKCSH;USP34;TNFAIP2;TNFAIP3;CXCL1;YBX1;HMGB1;RND3;CXCL2;ELAVL1;LMNB1;HK1;RPS4X;SEC61A1;LASP1;NUP62;C9ORF16;UQCRFS1;CA9;MYBL2;MYBL1;H2AFZ;CAD;DDX56;PLAUR;RPS3A;PPP2R5C;QRSL1;ARID1A;UTP18;DCN;DNM2;RBL2;SFPQ;RER1;IRF3;EEF1D;NDUFS6;ATP6V1B2;RBMS1;BLVRB;DNASE2;ITGB3BP;TMEM45A;DNAH3;USP16;DDX21;ASAP1;SLC3A2;PDLIM1;DNPEP;RAB40C;OXCT1;NT5DC2;POLD2;DROSHA;MAPK1;NUP43;ABCF2;ABCF1;USP24;CDK11A;TAF11;SGTA;ATP2B1;SOD2;HSPE1;GALE;WEE1;RBM42;RANGRF;KRAS;CHPT1;ATP13A3;VIM;CKLF;RPL26L1",4.82529118136439,29
"53","cyclosporine homo sapiens gpl570 gse15935 chdir down","139/304",4.12891234668875e-32,5.43769965658255e-31,0,0,2.70554344440984,195.51530958305,"EIF4A1;RPL3;KDELR1;SLC35B1;RPL34;MT1M;HDLBP;MT1X;EPRS;RPL10A;RPS15;EEF1B2;RPS14;CHCHD2;RPS16;TFG;RPS19;RPL36AL;RPS18;FTH1;CREB3L2;RPL37;TMSB10;SEC63;RPS5;ALG5;RNASE4;ACSL3;SND1;PDIA5;COX6B1;PDIA4;TMX2;MT1F;RPL24;YME1L1;MT1G;JTB;PSME2;MT1H;KDELR3;MMADHC;MT1E;ATF4;COPA;VCP;SET;TMED10;SHMT2;COPB1;RPN1;HSP90B1;SCFD1;ZNHIT1;PRDX4;EIF4EBP1;PROM1;BTF3;HSPA8;RPL41;SDF2L1;WFS1;FUS;GFPT1;ASNS;RPS26;TBL2;GOLGB1;DNAJC10;STT3A;SRPRB;HYOU1;HNRNPC;COPE;AARS;FKBP11;TRAM1;MCFD2;FKBP14;RPLP0;SRP54;MAGT1;YBX1;SEC61A1;SEC61G;TMED2;RPLP2;TNPO1;TMED9;SEC13;ATP6V0B;WARS;ANXA2;PRMT1;SSR3;RPL13A;ARFGAP3;COPZ1;DCN;UGDH;PSMA6;RCN1;TMEM214;DAD1;CRELD2;SF3B5;RAB1A;STX16;DERL2;RRBP1;TM9SF3;CRYZ;PSMB7;RPS15A;PSMB2;LMAN2;RPL14;AGR2;DNAJB9;RPS2;RABAC1;RPL18;SEC23B;SLC31A1;CNBP;RPL23A;YIF1A;TM9SF2;SPCS3;SPCS1;EIF3K;PSMC4;PSAT1;APOC1;CDK2AP2;FAU;P4HB;NUCB2;TPT1",6.47482014388489,9
"54","deferasirox homo sapiens gpl570 gds3558 chdir up","468/1681",4.59307751355729e-32,5.93697797122775e-31,0,0,1.64737107033359,118.871286184484,"NCKAP1;HNRNPU;GPATCH4;PHB2;PSMD8;LSM12;MYC;PSMD3;RPL36;AP1S1;GSTK1;ACOT7;TSPYL1;WDR74;DNTTIP2;CD2AP;WDR77;NUP93;SLC5A6;EWSR1;PSME3;FDX1;UQCRC1;JTB;PSME2;TMEM126B;ASF1A;RABL6;NUP205;SET;PRKDC;MEPCE;WDR61;MRPL12;ADH5;MRPL11;PRDX3;FAM171A1;MRPL20;LARP1;PRDX4;NUP85;PRKAR2B;PRKAR2A;PRDX1;GAR1;NAA50;NSUN5P2;SIVA1;H3F3B;TMA7;FAM136A;LYZ;PRDX6;MRPL22;DHFR;MLLT11;CS;HNRNPM;UCK2;EIF6;HNRNPD;PPT1;SFXN1;HNRNPC;FARSA;ARF3;ADK;LPCAT1;MRPL34;MRPL35;PFAS;MRPL41;UBL5;TRMT112;RARS;ANXA7;TPI1;NSUN5;ACTL6A;MRPL49;LRRC40;SERPINB9;GNL2;DYNLL1;SRP9;MRPL52;NSA2;MED24;PSMA4;PSMA2;PTRH2;AGPS;SLC29A1;PAFAH1B3;GART;SF3B4;SF3B5;ASAH1;ZNF593;GSTP1;HSPA14;TMEM164;PSMB7;BCLAF1;PSMB2;EPCAM;PPP1R8;PSMB1;CLPTM1;HARS;BID;RNF130;YTHDF1;SF3A1;YTHDF2;GTF2H5;TMCO1;BYSL;TM9SF2;PSMC5;LYRM4;FABP5;WT1;PSMC4;C12ORF29;PSMC2;TSR1;CIAPIN1;LAMTOR3;C11ORF58;LAMTOR5;FAM49B;MTCH2;PARK7;APEH;IPO4;FADS3;MAEA;MPC1;NFATC2IP;PMPCA;NBN;GYG1;MAP3K4;TOR3A;USP7;GTF3A;POLRMT;RBX1;FTSJ3;ACLY;RAB31;MAPKAPK3;MRTO4;SNRPG;FSCN1;SNRPE;ERH;FKBP4;SNRNP200;FKBP3;ANAPC1;FKBP5;KHDRBS1;TXNDC9;RAB5C;MAZ;AK1;RHOBTB3;UAP1;HSPBP1;NAE1;NADK;COA3;NOP14;FUS;TRAPPC4;GLMN;LSM5;CHERP;LSM2;MOB1A;COPS6;COPS5;CDK6;NOP10;EIF4G2;EIF4G1;AMD1;WDR4;KIAA0100;ATRAID;MRPL4;HHEX;SUMO2;MRPL9;TNPO1;IDH3A;EIF5B;HSP90AA1;SORD;AHSA1;NDUFC2;NDUFC1;REXO2;DNAJC2;SLC25A15;TFDP1;PCCB;MCM5;SLC25A4;PRPS1;NDUFB6;EI24;NDUFB4;NDUFB2;NDUFB1;HSD17B10;SRM;DNAJB1;U2AF2;POLR2E;POLR2F;IGF2BP3;IARS2;POLR2H;EIF4E;POLR2L;PPP1R14B;NDUFA6;NDUFA5;IDH3G;CNBP;NDUFA2;NDUFA1;PTPN11;TPD52L1;HNRNPAB;SNRNP40;SUCLA2;MFAP1;EIF3I;APOC1;POLR3G;PDCD2;STUB1;SPG21;IFITM3;EIF4A1;IFITM1;IFITM2;ECI2;CISD1;OGFOD3;KEAP1;THUMPD1;IFI30;PWP2;AQP3;PWP1;FLAD1;RPL36AL;RCC1;DENR;SNRPD3;SKP2;B2M;TMPO;ALG8;ST6GAL1;TIPIN;ATP6V0E1;BCS1L;MRPS18C;CDC37;SUB1;VDAC3;CCDC86;TFAM;TTLL12;ATP6V0D1;PFN1;AURKAIP1;CUTA;ANP32A;CSTF2;SUPT4H1;TXN;ZMPSTE24;SNX3;DHX30;GNG10;HIST1H3H;ASL;RBM12;STAT5A;XRCC6;XRCC5;TMEM50B;SMARCA4;BST2;RPS26;RPS25;ID1;MPHOSPH10;HIST1H4H;CALM3;DHX29;ALDH18A1;CD320;DIRAS3;COX7B;DAZAP1;MRPS16;FASTKD1;SLC35F2;MRPS10;BMI1;DHX15;SDF4;DLAT;NANS;UTP14A;CCT3;PRMT1;PABPC4;MRPS2;NME4;UCHL3;ITFG1;APRT;CSDE1;UFC1;CD47;EEF1E1;MYCBP;TOMM40;MRPS34;NOL9;NEDD8;UQCR11;UQCR10;COX5B;TYMS;AKAP1;EXOSC5;PGRMC1;PES1;TWISTNB;EMC7;RANBP1;AKR1C1;FAH;FKBP1A;BOP1;GFI1B;SPCS1;PER3;HNRNPA2B1;FAU;DPAGT1;KDM1A;CD81;POGK;NDUFA10;BCCIP;SRP14;TOMM22;TMEM147;FAM162A;ARHGDIA;KHSRP;HIST1H2AG;BANF1;ACAA1;HIST1H2AC;TMEM14B;TRAPPC2L;NOSIP;CYBA;COX6B1;TUFM;DPM1;PRPF4;TMX2;HIST1H2BF;HIST1H2BE;HIST1H2BH;GEMIN6;HIST1H2BG;HIST1H2BD;ATP6V1A;VCP;NOP2;HIGD1A;PRPF8;TMEM123;TMEM248;ISOC1;CYC1;NDUFV1;IVNS1ABP;HSPA9;HSPA8;SLC52A2;H2BFS;TMEM230;QDPR;UBE2N;DEGS1;BLMH;TCF3;GCLM;LSM14A;DDX47;YBX1;TRIAP1;HMGB1;DDX41;YBX3;ELAVL1;HK1;CASP6;ENOSF1;NUP62;MFSD1;UQCRFS1;HIBCH;HIST1H1C;RBM14;H2AFZ;CAD;DDX56;CTPS1;PPP2R5C;GLRX2;UTP18;SFPQ;RER1;NDUFS6;NUP50;BLVRB;NDUFS2;PFDN2;LUC7L2;OTUB1;HIST1H2BK;DDX21;CRYZ;TDG;NT5DC2;DROSHA;STOM;ABCF2;ABCF1;TIMM8B;NAA10;GALNT1;TAF11;SOD2;HSPE1;RPIA;CDK2AP1;CHPT1;SLIRP;SSBP1;RPL26L1",5.34188034188034,25
"55","paclitaxel homo sapiens gpl570 gse19136 chdir down","234/659",6.86236602327169e-32,8.70896633498844e-31,0,0,2.10108556087312,150.766904687677,"NCKAP1;EIF4A1;SERPINE2;TFRC;RPL31;SERPINE1;MT1X;EPRS;RPL9;PWP1;RPL7;ELK3;MYLK;GJA1;MT2A;ALCAM;RPS16;RPL36AL;RPS18;MYC;FTH1;NAMPT;RPL35;RPL37;B2M;RPS12;CPT1A;ATP6V0E1;IFRD1;TM4SF1;PRKAR1A;VDAC3;YME1L1;JTB;MT1H;TMEM126B;RPL26;PFN1;MMADHC;MT1E;SET;PDGFA;TWF1;WDR61;ZC3HAV1;TXN;ADH5;HSD11B1;SNX3;MRPL20;LARP1;PRDX4;PRDX1;PRKAR2A;CDR2;NAA50;ABCA1;BTF3;RPL41;XRCC6;TMA7;PRRC2C;MICAL2;PRG4;PRDX6;RPS26;RPS25;RPS27;RPS29;RPS20;HNRNPC;CDK13;FKBP11;DAZAP1;TRAM1;RPLP1;RPLP0;SLC7A11;TUBA1A;XPO1;SEC61G;RPLP2;ANXA7;TMED2;TIMP1;CTSB;CCT3;TMED9;SEC13;ATP6V0B;ANXA2;ANXA5;SSR3;NBPF10;SRP9;UGDH;TUBB2A;PSMA4;AIDA;EEF1E1;CD44;ARF6;ASAH1;NEDD8;SLC7A1;TM9SF3;PSMB7;LIMA1;NT5E;RPS15A;RPL14;CHML;RPS2;MGAT2;CCT8;RPL17;AKR1C1;YIPF5;SPCS3;SPCS1;OSTM1;PSMC2;HNRNPA2B1;C11ORF58;GOLT1B;BCCIP;PARK7;RPL10A;SRP14;SAT1;TOMM22;FADS3;EEF1B2;NARS;LAPTM4B;CHCHD2;PLS3;BANF1;PHLDA1;TMEM14B;RAB2A;SLC38A1;TPM4;RPS8;CSGALNACT2;GTF3A;RPSA;DPM1;RAB31;SNRPG;ADAM9;SNRPE;ERH;ATP6V1A;TMED10;COPB1;UAP1;COX7A2;HIGD1A;CNN3;TMEM123;NAE1;HSPA9;OSBPL8;PRNP;HSPA8;INHBA;EEF2;TMEM230;IL6;COPS5;RHEB;CAPRIN1;UBE2N;SRPRB;DEGS1;CNIH4;EIF4G2;SERINC5;BCAR3;ITGB1;AMD1;HMGB1;YBX1;RND3;BICD2;SEC61A1;LASP1;LBH;DSE;SUMO2;NPTN;CEP170;ACTR2;HSP90AA1;H2AFZ;ITGA2;MMP2;LANCL1;RPS3A;ARL4C;SFPQ;NPC1;ASPH;RER1;DAD1;EEF1D;NDUFS6;RPL37A;RBMS1;TMBIM6;RAB1A;SEC23A;EI24;RPL36A;DDX21;GLRX;RNF6;CCL2;MAPK1;CNBP;CYP51A1;PTPN11;RPL23A;HSPE1;SOD2;HNRNPAB;KLF6;EIF3K;MGAT4B;SPRY2;ATP13A3;SSBP1;TPT1",4.27350427350427,10
"56","decitabine homo sapiens gpl571 gse29077 chdir up","179/456",1.25777191872714e-30,1.56772285584204e-29,0,0,2.32274473165161,159.916819273905,"CYFIP2;SPARC;SERPINE2;PLOD2;SPINT2;PARK7;TM7SF3;SRP14;LIPA;CLU;SAT1;AQP3;PSMD8;RPS15;LAPTM4B;LGALS3;CCND3;CHCHD2;CAPNS1;RPS19;RPS18;FAM162A;PXDC1;RPS11;IER5;PHLDA1;B2M;RPS12;TSPYL1;ATP6V0E1;S100A2;SERPINF1;GTF3A;HLA-C;ACTN4;ATP1B1;COX6B1;DPM1;ALDH3A1;PRKAR1A;UQCRC1;LY6D;MXRA7;UBA52;LXN;TXNDC9;RAB5C;TSG101;DIABLO;ARL3;WDR61;COX7A2;HIGD1A;ZMPSTE24;SOCS2;SNX3;SLC9A3R1;S100A13;AMZ2;IGFBP6;SPTBN1;MCL1;RPL41;JAG1;JUP;ST13;GADD45A;MICAL2;DAP;RNF103;RHEB;P4HA2;GNAS;RPS20;PSMG2;SERINC3;LRP10;LSM14A;BTG3;CLIC4;WDR1;DDX47;PIGP;SRP54;FHL2;PTEN;TRIAP1;YBX1;NXT2;MEA1;LITAF;AKAP12;RPS4X;EPB41L4B;UPK1B;CSRP2;NPTN;RPLP2;CTSH;TIMP1;IFT57;CTSB;DSP;SRGN;DST;ANXA4;BUD31;ANXA5;EMP1;AHSA1;RPS3A;RHOF;DYNLL1;UCHL3;COQ10B;MLF2;ACTA2;MZT2A;PSMA6;TUBB2A;GPRC5A;PSMA4;CTTN;EEF1D;UFC1;BLVRB;TMBIM6;TOP1;PFDN5;RAB1A;DYNC1I2;CD63;PDXK;RBM47;NDUFB4;EI24;NDUFB2;GLRX;NEDD8;RRBP1;COX5B;CST3;PDLIM1;PSMB7;LIMA1;DRAM1;RXRA;PSMB2;ORMDL2;PSMB1;UCP2;STOM;RPS2;EMC7;MAPK6;CTNNAL1;GSN;GCH1;TAF10;RPL23A;KLF4;PNRC1;TMCO1;TM9SF2;LYRM1;KRT19;TSPAN13;APOC1;ZNF217;EIF3H;CD9;CDK2AP1;S100P;EIF3F;FAU;GPD1L;YPEL5;PFKP;TPT1",5.02793296089385,9
"57","dexamethasone homo sapiens gpl3921 gse28896 chdir up","135/299",1.59066303212444e-30,1.94786455512782e-29,0,0,2.67162731788407,183.309438779927,"IFITM3;RPL4;EIF4A1;IFITM1;RPL30;IFITM2;RPL3;RPL8;SRP14;RPL9;MPO;CLU;RPL7;RPS14;LGALS1;TMEM147;RPL36AL;BASP1;FTH1;ARHGDIB;RPL36;RPL38;BANF1;RPL37;RPS11;B2M;RPL39;TMSB10;CPA3;ATP6V0E1;RPL23;RPS6;HLA-B;GTF3A;HLA-C;RPSA;RNASE2;COX7A2L;PSME1;ERP29;RPL24;S100A4;RPL26;PFN1;RPL28;UBA52;KHDRBS1;SET;ANP32A;GYPC;PLAC8;SNX3;PRDX1;EIF4EBP1;NDUFV2;SERF2;CD99;FDFT1;BTF3;RPL41;H3F3B;EEF2;RPS26;RPS25;RPS27;RPL27A;HLA-DRA;RPS20;TPP1;HNRNPC;FXYD5;RSL24D1;RPS24;COPE;ARF3;RPLP1;CTSZ;RPLP0;HBD;LMNB1;RPS4X;TRMT112;TUBA1A;SUMO2;RAC2;FCER1A;RPLP2;CTSG;SRGN;TMED9;WARS;PRMT1;RPL13A;NME4;C6ORF62;RPS3A;DYNLL1;EEF1G;NPC2;EEF1D;CSDE1;UFC1;BLVRB;TMBIM6;PFDN5;CD44;RPL11;RPL36A;UQCR11;NEDD8;PDLIM1;HLA-DMA;RPS15A;HLA-DMB;UCP2;RPS3;RPL13;CCL2;RPS2;RPL18;RPL17;POLR2L;TAF10;NDUFA1;RPL23A;LYRM1;CLEC2B;OSTM1;EIF3K;EIF3L;HLA-DPB1;CDK2AP1;P4HB;NUCB2;TPT1",2.22222222222222,3
"58","sirolimus homo sapiens gpl96 gds2494 chdir up","199/533",1.66736601856688e-30,2.00658876027531e-29,0,0,2.20922099981127,151.478126724275,"CYFIP2;RPL4;IFITM1;RPL3;ARL6IP1;RPL31;RPL34;ECI2;EPRS;RPL8;RBPJ;RPL9;UXT;RPS15;PSMD9;PSMD4;RPS19;RPL36AL;RPS18;FTH1;RPL36;RPL35;RCC1;RPL38;SNRPD3;RPS11;PRKACB;RPS12;RPL21;RPL23;CSNK2A2;ACTN4;SND1;GNPAT;COX7A2L;VDAC3;RPL24;PSME2;TXNIP;SUCLG1;RBCK1;UBA52;ANP32A;MAGED1;SUPT4H1;GATA3;GLG1;PLAC8;SNX3;PRDX4;SERF2;FDFT1;BTF3;SRPK2;XRCC6;SIVA1;H3F3B;TMA7;DHFR;RPS25;RPL27A;HNRNPD;RPS20;HNRNPC;ADA;RPS24;FKBP11;GPI;COX7B;CDKN1B;ADK;TRMT112;UBL5;DHX15;RPLP2;UBXN4;NELFE;CD53;CCT3;BRD2;ANXA2;PRMT1;C6ORF62;APRT;MZT2A;PSMA6;NSA2;UFC1;ERGIC2;SF3B5;RPL12;UQCR11;COX5B;PSMB7;RPS15A;PSMB1;RPL14;RPS3;RPL13;RPL15;RPL18;BID;LAPTM5;AKR1C3;PSMB8;NUCB2;DCLRE1C;NARF;PARK7;RPL10A;SAT1;CCDC28A;EEF1B2;CHCHD2;FAM162A;PMPCB;TMSB10;RAB2A;BNIP3L;IK;RALBP1;ANKRD49;RPS7;RPS8;RPS6;GTF3A;DYRK1A;UBE2E1;CCNB1IP1;COX6B1;SNRPG;ERP29;SNRPE;FKBP3;PSMD14;COPB1;COX7A2;EBP;PGK1;CD99;DARS;FUS;CBX1;ISG15;EEF2;MOB1A;GNAS;DYNLRB1;SLC35E2B;RNF187;ETFB;NUP62;UQCRFS1;TNPO1;GUSB;ACTR2;H2AFZ;BUD31;RPL13A;VEZF1;EDF1;NDUFC1;RPS3A;REXO2;SFPQ;TFDP2;EEF1D;NDUFS6;ALDH1A2;RPL37A;PEX5;RBMS1;MCM5;TMBIM6;TOP1;PFDN5;ROCK1;NDUFB4;HSD17B12;HSD17B10;U2AF2;OXCT1;SEC11A;IGBP1;TIMM8B;NDUFA6;NDUFA2;NDUFA1;RPL23A;ASS1;EIF3K;EIF3L;PDCD4;EIF3H;EIF3E;EIF3F;EIF3D;TPT1;RPL26L1",4.02010050251256,8
"59","vitamin c mus musculus gpl1261 gse37676 chdir up","300/948",2.15840658239676e-30,2.5535047364626e-29,0,0,1.87251891244102,127.908363668807,"RPL4;IFITM3;CHIC2;AHCYL2;TFRC;ARL6IP1;RPL31;PITPNB;CISD1;RBPJ;FNBP1L;EPRS;PHB2;MYLK;RPL7;EPS8;RPS15;NFU1;LGALS3;RPS14;EFR3A;ZMIZ1;RPS18;MYC;FTH1;RPS6KA2;BSG;RPL36;LONP1;PRKACB;TNS3;SOX4;TMPO;AGFG1;TBC1D10B;ACVR1;SRRM2;RPL21;RPL23;SERPINF1;FNDC3B;CSNK1D;ACTN4;COX7A2L;PRKAR1A;TXNIP;TRIB3;KDELR3;UBA52;TSPYL4;SKAP2;ATF4;SET;ATXN7L3B;ZC3HAV1;IQGAP1;PIK3R1;GLG1;TGOLN2;CYB5R1;LARP1;FLRT3;NUP85;TSPAN4;RDH14;SNX5;SERF2;CREBBP;JAG1;FZD5;H3F3B;EDEM1;PLK2;PRRC2C;CP;MEX3C;PRRC2B;SMARCA4;MLLT11;HNRNPL;RPS29;FAT1;RPS20;RPS21;RPS24;AARS;CDS2;ARF3;ECM1;CLIC4;GDI1;CITED2;RPLP0;PIGP;HEXA;BMI1;LITAF;PPP3CB;XPO1;CSRP1;ENC1;ANKRD1;RPLP2;TIMP3;PHGDH;CTSB;BGN;PAWR;EMP2;ENAH;SLC7A5;UGDH;CTTN;MDFIC;RAPGEF2;GAS1;CD47;ATP6V0C;CD44;ARF6;PCYOX1;KANK2;TAGLN;GRN;RPL12;PTN;SLC7A1;CST3;PGRMC1;SCAF8;RPS15A;RPL13;RPS2;TBL1X;RPL18;EPS15;BRD4;YTHDF1;CDKN2C;KIDINS220;SORBS2;FKBP1A;RYBP;ZYX;YPEL5;FMOD;CRLF1;LIMS1;GRINA;NARF;CD81;TNC;AHR;SRP14;NR3C1;RPL10A;ACTG2;NARS;CHCHD2;CCND2;FCGRT;FAM162A;KHSRP;ARHGDIA;PMPCB;DENND5A;OSTF1;PDE8A;MYLIP;BNIP3L;RPS7;RPS8;IGFBP4;FST;F2R;AIP;DPM1;RAB31;COL4A2;COL4A1;ADAM9;PHIP;FKBP9;ANAPC1;VCL;HIST1H2BC;NOTCH2;RTN3;UBR4;ITPR1;SLC1A4;AEBP1;FOXO3;PRPF8;LTBP1;NID2;HSP90B1;CNN3;SOCS2;TPR;PGK1;PACSIN2;PLTP;SOCS5;HSPA9;PRNP;SMAD1;HSPA8;TIA1;AKIRIN1;SMAD4;AUTS2;SMURF2;M6PR;ASNS;EEF2;MARCH6;QDPR;MFHAS1;MOB1A;CDK6;P4HA1;CAPRIN1;MKRN1;AMOTL2;TAB2;SERINC3;LSM14A;NFE2L1;EIF4G2;RNF187;ITGB1;GSK3B;USP34;PTEN;PIK3CD;PKD2;RND3;HS2ST1;SUMO2;NPTN;PGLS;HIST1H1C;USP46;SUN2;HSP90AA1;ABCC1;PPP1R12A;DST;MMP2;SORD;RPL13A;TAPBP;TGFBR2;ACTA2;EEF1G;PKM;ASPH;MYH9;SLC25A4;PAPPA2;CEBPB;SMARCD2;C1S;SEMA3C;SLC3A2;RNF6;ATP1A1;THBS2;ABLIM1;TNKS2;MAPK1;WASF2;EIF4B;UBQLN2;SLC12A2;NDUFA7;CNBP;USP22;AHNAK2;RPL23A;PTPN11;PTPN13;CDC42BPA;HSPE1;TPD52L2;MEIS2;PNRC1;REST;PSAT1;EIF3I;MGP;CDK2AP1;STUB1;PTX3;EIF3F;ATP13A3;SSBP1;SLC25A36;PFKP",4.33333333333333,13
"60","rosiglitazone homo sapiens gpl570 gds2453 chdir down","164/403",2.83867363804691e-30,3.30232366559457e-29,0,0,2.40797568531869,163.82473759816,"GALNT12;EIF4A1;ACAA2;TFRC;ARL6IP1;CD82;F13A1;MT1X;IFI30;AQP3;RPL7;CNDP2;KIAA0930;EEF1B2;MT2A;CHCHD2;RPS16;RPS19;FCGRT;ANPEP;PIP4K2A;SMCO4;RPL39;SOX4;IFNAR2;ST6GAL1;MREG;ATP6V0E1;RPL23;FNDC3B;HLA-B;HLA-C;CYBA;DICER1;ATP1B1;EML4;SOAT1;PRKAR1A;TXNIP;ADAM9;FAR2;ATP6V0D1;S100A9;RIN2;EIF1B;ATF3;S100A8;ABCG2;RAB5C;CRABP2;MGST3;SEL1L;HIGD1A;DTX4;PLD3;HSP90B1;HSD11B1;TGOLN2;CYP27B1;SDCBP;CYB5R3;EPB41L2;CHST15;APOE;PLTP;SERF2;S100A10;NAA50;BTF3;VAT1;CTSA;PRNP;TGFB1;TMA7;TMEM230;MAFB;RHEB;RPS29;RPL27A;HLA-DRA;TPP1;RPS21;CNIH4;NOP10;ZCCHC2;ALAS1;CITED2;RPLP1;RPLP0;CTSZ;ITGAE;RPS4X;SCPEP1;TUBA1A;CA2;RPLP2;MFSD1;QSOX1;MAN1A1;TIMP1;UPP1;CD36;GUSB;CTSD;CTSB;CD53;SRGN;TMED9;ATP6V0B;WARS;GPX4;DUSP1;ANXA5;PLAUR;TBC1D8;RPS3A;FOS;FCER2;NPC1;OAS1;NPC2;ALDH1A2;TMBIM1;BLVRB;RBMS1;ATP6V0C;PFDN5;C1QB;RAB1A;CD63;ASAH1;GRN;CEBPB;PDXK;HSD17B4;CAPG;ATP1A1;PTGS1;LIMA1;GPNMB;RPL13;CCL2;STOM;RPL15;RPL18;ATP9B;SEC11A;CYB5A;TMEM176B;TMEM176A;LAPTM5;NR1H3;KLF4;DHRS3;FIG4;FKBP1A;RPIA;DHRS9;FABP5;GLB1;PDCD4;P4HB;PNPLA6;TPT1",5.48780487804878,9
"61","ranolazine mus musculus gpl1261 gse25767 chdir up","326/1066",5.96165764926639e-30,6.82170006424253e-29,0,0,1.80956292949366,121.769478197431,"CYFIP2;RPL4;RPL30;LPGAT1;RPL3;SPARC;TFRC;KDELR1;RPL31;RPL34;CISD1;HNRNPU;RPL8;TXNDC15;PHB2;RPL9;RPL7;RPS15;RPS14;LGALS1;CAPNS1;ZMIZ1;PPP2R1A;RPL36AL;RPS18;PSMD3;RPL36;PDK4;AKT1;RPL35;RPL38;RPL37;PDK1;RPS12;MEF2A;ACOT7;RPL21;LIMCH1;RPL23;ECH1;NISCH;GNPAT;COX7A2L;RNF128;EWSR1;CDC37;UNC50;PSME1;TXNIP;RPL26;RPL29;TLN1;RPL28;SET;CTBP1;MAGED1;RPN1;PIK3R1;MRPL12;GLG1;MRPL11;ZNHIT1;SERPINH1;AMZ2;APOE;EGR1;JUN;PHC2;RPL41;TMEM50B;PRRC2B;SMARCA4;CS;RPS26;RPS25;EHD4;RPS29;RPL27A;HRC;RPS20;PKIG;RPS21;RPS24;CDS2;PYGB;DAZAP2;MRPS16;CITED2;RPLP1;RPLP0;TECR;IDE;MRPL34;TUBA1A;SEC61G;RPLP2;CD36;DLAT;CTSD;TIMP4;CTSB;COX8A;CCT3;ATP6V0B;TPI1;DUSP1;PRMT1;PABPC4;GAA;TESC;RHOC;RHOB;DDB1;MRPL52;ITPKB;PSMA6;TUBB2A;FAM20B;ATP6V0C;PCYOX1;SF3B2;GRN;TOMM40;CAB39;GSTP1;UQCR11;SLC7A1;GNAI2;RPS15A;UCP3;LMAN2;MICALL1;RPL14;RPL13;FLNC;RPS2;RPL18;EGLN1;DYNC1H1;EGLN3;YTHDF1;GSN;FAM189A2;PPP1CA;FKBP1A;COL3A1;SPCS1;NFIB;PSMC2;FAU;PNPLA2;GRINA;ACAA2;IRS1;NDUFA10;HDLBP;PLOD1;SRP14;RPL10A;COX6A2;ETS2;LAPTM4B;RGS2;TMEM147;CDH2;ARHGDIA;PMPCA;PHLDA1;TMSB10;MAP2K2;CISH;RPS8;IGFBP4;RPS5;RPS6;PAM16;SDHC;RPSA;ATP1B1;RBX1;COX6B1;TUFM;CTDNEP1;TMX2;COL4A2;COL4A1;MAPKAPK2;SNRPG;SNRPE;IL6ST;SNRNP200;FKBP4;KHDRBS1;RTN3;VCP;SLC41A3;AK1;STK39;HTRA1;SLC38A10;AK4;HIGD1A;PRPF8;HSP90B1;PODXL;PGK1;ISOC1;NDUFV1;MCL1;HSPA9;COA3;KLHDC3;HSPA8;SMAD4;CBX5;AUTS2;FUS;WFS1;CEP350;FOXN3;EEF2;IGF2R;HOPX;DRAP1;QDPR;NFKBIA;MFHAS1;PXMP2;PLXNB2;UBA1;BLMH;FGF13;SERINC3;NFE2L1;EIF4G2;UBE2M;RNF187;EIF4G1;RERE;ACADVL;ALAS1;HSPB8;AMD1;NENF;ETFB;YBX1;BICD2;HK1;LBH;CAPZB;ZC3H7B;PPP6R3;TMEM109;PGLS;SUN2;RBM14;DST;ATP6AP1;GPX4;BUD31;SORD;NDUFC2;AHSA1;RPL13A;NDUFC1;EDF1;WIPI1;TAPBP;EEF1G;PKM;EEF1D;NDUFS6;COL6A2;ATP6V1B2;NDUFS2;COL6A3;MYH9;DSG2;TMBIM6;PFDN5;CEBPB;EI24;NDUFB2;RPL36A;RRBP1;SEMA3F;ATP1A1;TOB2;HSD17B10;USP19;PDLIM1;ABLIM1;TNKS2;OXCT1;EIF4H;BNIP2;STOM;EIF4E;UBQLN4;ATP9A;POLR2L;PPP1R14B;NDUFA7;NDUFA5;MYO10;IDH3G;SGTA;RPL23A;SOD2;HSPE1;USF2;KLF2;RPIA;PFKL;KLF6;DES;EIF3K;EIF3I;MGAT4B;RBM42;CDK2AP1;STUB1;EIF3F;GPD1L;SEC24C;EIF3D",4.29447852760736,14
"62","dactinomycin mus musculus gpl6246 gse21233 chdir up","626/2478",6.37479002175762e-30,7.17677973417229e-29,0,0,1.49481114279028,100.488980483435,"RPL30;RPL3;MAML1;RPL31;SERPINE1;HNRNPU;TMEM97;SMC3;BACH1;RPL9;RPL7;PSMD8;GJA1;LSM12;ALCAM;TFG;ZMIZ1;CLP1;CREB3L1;MYC;NAMPT;PSMD3;RPL36;AP1S1;CYP1B1;RPL35;RPL38;RPL37;RPL39;RNF111;FNBP4;RBFOX2;RPL21;SERPINF1;CSNK2A2;DNTTIP2;DICER1;WDR77;HCFC1;NUP93;NISCH;EWSR1;UNC50;JTB;YME1L1;RPL29;RPL28;UBA52;ASF1A;ATF4;CDC42SE1;NUP205;POM121;LXN;CTBP1;MEPCE;PDGFA;ATXN7L3B;GATA3;MRPL12;MRPL20;LARP1;NUP85;BLOC1S1;PRKAR2B;CHST15;ST3GAL1;FDFT1;CREBBP;JUN;PHC2;JAG1;H3F3B;TIPARP;ST13;PLK2;SETD1A;FZD6;TMA7;PBX2;BRAF;NR2F2;MEX3C;PRDX6;PBX1;PRRC2B;HNRNPL;COL1A1;CS;UCK2;EIF6;TDP2;HNRNPF;HNRNPD;SNAI1;SNAI2;FXYD5;PSMG2;CDK13;PAM;EZH1;ARF3;BTG1;CDKN1B;PIGT;TCF25;MTMR14;RPLP1;HEXA;LPCAT1;CTCF;ADO;WDR43;UBL5;TRMT112;UBL3;CSRP2;HEY1;RARS;BRD3;BRD2;DUSP2;RING1;DUSP1;RIPK2;ANXA4;F3;DUSP6;SLC7A6;NSA2;TUBB2B;GPRC5B;AFTPH;PSMA2;CHST1;RAPGEF2;GAS1;SLC29A1;ARF5;ARF6;GRN;WDR26;GSTP1;RPL12;GPS1;LRRC17;HSPA14;GGA1;SCAF8;BCLAF1;EXOSC10;RPS15A;OLFML3;PSMB1;CLPTM1;RPL14;RPS3;HAS2;RPL13;SC5D;HARS;FLNC;RABAC1;RPS27A;RPL18;RPL17;DEDD;BRD4;EGLN1;EGLN3;YTHDF1;SF3A1;CDKN2C;YTHDF2;BLCAP;DHRS3;LYRM4;NFIB;PSMC4;GID8;PSMC2;ZYX;UBAP1;PLP2;CRLF1;FAM49B;IRS1;NAB1;PARK7;APEH;SAT1;LAPTM4B;CDH2;PIM1;PMPCA;PHLDA1;TMSB10;BNIP3L;USP7;SLC38A1;MAP2K2;RPS8;USP3;RPS5;DYRK1A;AIP;VRK1;RPSA;POLRMT;LEMD3;FBXO11;CDC25B;RBX1;FTSJ3;CTDNEP1;ARMCX3;SLC9A8;MAPKAPK2;S100A4;FKBP4;CSNK1G2;NOTCH2;NOTCH3;FKBP2;TXNDC9;NOTCH1;INSIG1;ARL3;MAZ;STK39;FOXO3;RLF;SOCS2;SLC9A3R1;SOCS3;BTBD1;MED31;TPR;EIF4EBP1;PGK1;EIF4EBP2;PLXNA1;MCL1;SOCS5;COA3;TRAPPC4;EEF2;TOR1B;CHERP;MARCH2;NSFL1C;COPS5;SCCPDH;STK24;PLEKHM1;CPE;PIN1;CNOT8;OGT;CNIH4;BCL2L1;RNF187;EIF4G1;BCAR3;PLEKHF2;DAGLA;PTEN;FHL2;ALAD;MRPL4;SGCE;MRPL2;LBH;PPP6R1;PPP6R3;SUMO2;PMEPA1;ERC1;NCK1;EIF5B;SORD;NDUFC2;EDF1;VEZF1;NDUFC1;TNFRSF1A;ARL4C;TFDP1;PKM;ADORA2B;SLC25A4;PRPS1;CEBPB;SMARCD2;ROCK1;NDUFB6;WBP2;VPS4B;PPM1G;DNAJB1;SLC25A28;U2AF2;DNAJB4;FYN;SEC11A;WASF2;EIF4B;UBQLN2;POLR2L;PPP1R14B;MYO10;IDH3G;CNBP;AHNAK2;SEMA4C;RPL23A;KLF4;HNRNPAB;MARCKS;EIF3K;MGP;MGAT4B;CD248;SEC24C;SLC25A36;EIF4A2;EIF4A1;IFITM1;SMARCB1;IFITM2;KDELR1;KEAP1;RPS15;LGALS3;RPS14;RPS19;RPS18;PEG10;BSG;TRIM24;PDK4;SOX9;LGALS8;SEC62;FBXO7;SOX4;RPS12;TMPO;AGFG1;SRRM2;TIPIN;ALG5;IFRD1;CSNK1D;MRPS18C;CFDP1;RRAGC;SUB1;VDAC3;TRIB3;SIK1;PREB;EIF1B;ANP32A;MAGED1;TWF1;SNX3;GNG10;HIST1H3A;PPCS;ZNHIT3;MICAL1;TSPAN4;GSE1;RCE1;HIST1H3I;SNX5;CDR2;PCK2;STAT5A;CTSA;EGR1;WWTR1;EGR2;TMEM184B;GADD45B;GADD45A;PUM1;SMARCA4;MANF;EXT1;RPS26;EXT2;RPS25;LPAR6;RPS29;RPL27A;ID1;GRB2;RPS20;DHX29;RPS21;RPS24;AARS;HIST1H4F;COX7B;CLIC4;MRPS16;PPP1R11;MRPS14;CITED2;TECR;TFB1M;PPP3CB;XPO1;PCF11;SEC61G;CHMP1A;ENC1;DHX15;ANKRD1;SDF4;PHGDH;NANS;PSENEN;ATP6V0B;PABPC4;RHOG;MRPS2;AMPD3;UCHL3;ITFG1;APRT;MLF2;RHOB;GAK;KIF2A;MDFIC;NME7;FAM20B;WAC;AIDA;CRELD2;DBN1;PTGER4;FOXC2;CD63;FOXC1;SLC20A1;SATB2;PRIM1;MRPS31;NEDD9;NOL9;NEDD8;CRIP2;UQCR10;RELA;TRAK2;RXRA;MGAT2;CCT8;FILIP1L;PAK2;PAK4;RANBP1;YIPF3;NFYC;PLEKHA5;AP3D1;VEGFC;RPA2;KLHL9;PDP1;TJP1;RIT1;GSTA4;CCNG2;DLC1;HNRNPA2B1;KBTBD2;KRT14;TCEA1;FAU;GRINA;TJP2;GALNT11;KDM1A;PRDM5;UBE2Z;ETS2;EEF1B2;FAM162A;BASP1;ARHGDIA;KHSRP;KDM2A;HIST1H2AK;CASK;ARID5B;COX6B1;TUFM;DPM1;PRPF4;GEMIN6;NUPR1;HIST1H2BC;ABCG2;TSG101;TMED10;PSMD14;HTRA2;PRPF8;MAN2A1;CYC1;NDUFV1;MPST;IVNS1ABP;KLHDC3;SMAD1;CPSF7;SMAD4;TGFB1;CPSF1;CBX1;CLK3;HIGD2A;CLK2;SMAD7;NFKBIA;GNAQ;CHMP2B;GNAS;UBA3;CHMP2A;AMOTL2;DEGS1;TAB2;TCF3;DYNLRB1;CLASRP;LRP10;UBE2M;RERE;GSK3A;CHD7;SLC2A1;HMGB3;YBX1;HMGB1;RND3;LMNB1;HK1;RPS4X;NPTN;IFT57;A4GALT;HIST1H1B;TGIF1;SUN2;ABCC4;RBM14;ABCC1;H2AFZ;SPATS2;RPS3A;GLRX2;ARID1A;CREB1;RER1;ACOX1;NDUFS6;IRF1;PPDPF;ATP6V1B2;COL6A3;RBMS1;PFDN2;PFDN5;LUC7L2;TMEM45A;HIST1H2BN;HIST1H2BM;KDM3A;KDM3B;NXN;POLDIP3;ASAP1;SLC3A2;RNF6;ATP1A1;HMGCR;AGPAT2;USP19;PDLIM1;RMND5B;CYTH2;NXF1;CAND1;MTA1;PDLIM2;CHSY1;ERBB2;DROSHA;BNIP2;MAPK1;HES1;IGBP1;MBTPS1;KDM4B;TAF10;PRAF2;SLC50A1;HSPE1;MEIS2;REST;WEE1;CDK2AP2;PMP22;CD9;CDK2AP1;RBM42;RANGRF;SPRY2;SSBP1;FAM50A",4.15335463258786,26
"63","estradiol homo sapiens gpl570 gds3217 chdir up","171/438",5.69302839589131e-29,6.3075140005272e-28,0,0,2.31012401718408,150.240591126837,"IFITM3;RPL30;IFITM1;ARL6IP1;RPL31;HDLBP;ZDHHC7;NUCKS1;RPL8;RPL10A;COMT;NR3C1;CLU;SAT1;AQP3;RPL7;LGALS3;RPS14;RPS16;CAPNS1;RPS19;RPS18;BASP1;FAM162A;ARL6IP5;RPL35;PIEZO1;RPL37;RPL39;GYG1;TMSB10;B2M;PDE8A;HIST1H2AC;SLC38A1;TLE1;RPS7;IL1R1;RPS6;HLA-C;SDHC;ACSL3;ATP1B1;DHX40;PRKAR1A;SUB1;RPL24;PSME2;TXNIP;HIST1H2BH;RPL26;RPL28;FKBP3;S100A8;HIST1H2BD;ATF4;LXN;IGSF3;TACSTD2;PIK3R3;COX7A2;GATA3;IQGAP1;SOCS2;CYB5R1;SDCBP;SERF2;SPTBN1;CD99;S100A10;OSBPL9;JUP;SEC16A;TMA7;DHCR24;NR2F2;EEF2;GULP1;EFNA1;NFKBIA;RPS25;FXYD3;RPS29;RPL27A;MKRN1;PPT1;GNAS;UBA1;DYNLRB1;SERINC3;CD24;LRP10;RPS21;LSM14A;RPS24;PLEKHF2;DAZAP2;BTG2;BTG1;CDKN1B;CITED2;PRKCSH;RPLP1;RPLP0;ADIRF;LITAF;ALAD;HEBP1;RPS4X;RPLP2;DSP;ACTR2;ZHX2;ANXA2;ANXA3;SLC2A10;RPL13A;TBC1D9;RPS3A;RBL2;EEF1G;GPRC5A;NME7;CSDE1;PPDPF;RPL37A;CAT;WAC;NDUFS2;TMBIM6;FBP1;IRF9;CD63;ASAH1;GRN;RPL12;RPL36A;NDUFB1;HSD17B4;SELENBP1;LIMA1;DRAM1;RXRA;ERBB3;EPCAM;ERBB2;AGR2;STOM;RPL15;RPS2;RPL18;EIF4B;SLC12A2;SLC35A1;GALNT3;RPL23A;PNRC1;MARCKS;MYO1B;TSPAN13;MLPH;CCNG2;HNRNPA2B1;PMP22;ZNF217;CD9;S100P;GPD1L;YPEL5;TPT1;TJP2",5.26315789473684,9
"64","amoxicillin rattus norvegicus gpl341 gse2354 chdir down","140/329",2.40397146614593e-28,2.62183138026541e-27,0,0,2.5179403248143,160.129070770627,"RPL4;FCGBP;RPL30;SPARC;RPL3;ACAA2;ARL6IP1;TFRC;RPL31;RPL34;HNRNPU;SPINT2;RPL8;RPL9;SAT1;RPL7;RPS15;RPS14;MT2A;RPS16;RPS19;MPRIP;CCND1;FCGRT;ARHGDIB;AKT1;RPL35;RPL37;RPS11;RPS12;TPM4;RPS7;IGFBP5;RPS8;RPL23;RPS5;SLC11A2;RPSA;CYBA;COL4A2;COL4A1;RPL24;TXNIP;COL4A5;ADNP;PFN1;RPL28;NCSTN;MAN2A1;PRDX1;VASP;RPL41;JUN;CHKB;H3F3B;FUCA1;EEF2;SMAD7;COL1A1;RPS26;BMP4;PYY;RPS27;COL5A1;RPS29;RPL27A;GNAS;PLXNB2;RPS20;MAN2B1;TGFBI;LRP10;SERINC3;RPS21;RPS24;EIF4G2;ITM2C;GPI;BTG2;SLC25A3;BTG1;RPLP1;RPLP0;YBX1;PTPRF;RPS4X;EFHD2;IDS;TIMP3;COX8A;GPX4;MMP2;RPL13A;RPS3A;LSR;ASPN;MLF2;EEF1G;NPC2;CTDSP1;TFF3;MYH9;ARHGEF1;CD47;ATP6V0C;RPL12;NDUFB4;RPL11;TOB2;HSD17B11;TMEM164;NXF1;MUC1;DNPEP;EPCAM;OXCT1;RPS3;RPL15;RPS2;RPL18;RPS27A;RPL17;MAPK3;MBTPS1;SMAGP;NFYC;RPL23A;KLF4;COL3A1;KRT19;MARCKS;DHRS9;CD9;EIF3H;EIF3E;FAU;EIF3F;YPEL5;SLC25A36;PFKP",0.714285714285714,1
"65","cisplatin homo sapiens gds3910 chdir up","425/1542",5.20992890410552e-28,5.59466211548562e-27,0,0,1.63086439650343,102.453863680986,"GPATCH4;TMEM97;TPGS2;RPL7;RNF114;CAPNS1;CLP1;PSMD3;AP1S2;CYP1B1;RPL38;PIP4K2C;RPL37;RPL39;JUNB;HOXA5;IER2;GSTK1;DNTTIP2;SCAMP3;PRKAR1A;UQCRC1;PSME2;YME1L1;LETMD1;ATF3;CDC42SE1;CRABP2;RETSAT;SHMT2;PRKDC;MEPCE;ZNF22;WDR61;BCL10;AKAP17A;SULT1A1;BLOC1S1;GAR1;S100A13;SERPINH1;PNPO;RSU1;SERF2;SULT1A2;HOXC6;BTF3;JUN;NSUN5P2;TEX30;JUP;H3F3B;TIPARP;ST13;TMA7;DHFR;COL1A1;CS;QARS;EIF6;FXYD3;PPT1;ARF3;BTG3;PYGB;BTG2;PHF1;PYGL;WDR45;ADO;SMG8;MRPL35;MRPL41;UBL5;TUBA1A;CSRP1;BRD2;TPI1;DUSP1;ANXA4;ANXA5;MRPL49;FOS;DYNLL1;COQ10B;COPZ1;MED28;MRPL52;NSA2;TUBB2A;PTRH2;ARF6;SF3B4;GRN;ZNF593;HSPA13;TUBA3D;BCLAF1;RPS15A;RPL13;RPL15;RPS27A;RPL18;P4HTM;DEDD;MBD1;TARBP2;ARCN1;TMCO1;LYRM1;PSMC4;TSR1;PLP2;AGRN;YPEL5;LAMTOR3;NUCB2;C11ORF58;LAMTOR5;TUSC3;PLOD3;APEH;SAT1;IPO4;NFATC2IP;PHLDA1;AP2M1;BNIP3L;MYLIP;TPM4;RPS7;RPS8;RAB32;ARMCX3;ARMCX6;SNRPE;FKBP9;FKBP4;FKBP3;TXNDC9;CD151;ARL3;MAZ;UBR4;CORO1B;DDRGK1;MED31;PGK1;ANKRD10;COA3;CHERP;NSFL1C;G6PC3;MAFB;PIR;PIN1;CNOT8;RSL24D1;SLC25A1;SUMO4;ITGAE;NENF;ETFB;NXT2;MRPL4;SCPEP1;GM2A;SNRNP70;RNPEP;SUMO2;NPIPA1;PGLS;MRPL9;DSP;HSP90AA1;SORD;NDUFC2;EDF1;REXO2;NIPSNAP1;TFDP1;PKM;RPL37A;MTRF1L;SLC25A4;CEBPB;CEBPD;NDUFB6;WBP2;RAB1B;EI24;NDUFB2;SRM;SELENBP1;DNAJB1;RAB25;DNAJB4;EIF4H;DNAJB9;POLR2H;EIF4B;UBQLN2;POLR2L;CYB5A;NDUFA6;CCDC59;NDUFA2;KLF4;SLC25A38;PFKL;MGP;MGAT4B;PDCD2;RECK;TPT1;EIF4A2;IFITM1;CCNK;FAM89B;KDELR1;CISD1;CALML4;THUMPD1;SPATA20;UXT;RPS16;RUSC1;BSG;ARL6IP5;SOX9;LGALS8;RPS11;CCNL1;B2M;SCN1B;SOX4;ATP6V0E1;IFRD1;HLA-B;HLA-C;BCS1L;MRPS18C;CARHSP1;SUB1;VDAC3;TFAM;PREB;PFN1;EIF1B;TP53;MAGED1;CSTF2;SUPT4H1;TEX261;DHX30;ZNHIT1;PPCS;HIST1H3H;PCK2;EGR1;GADD45B;GADD45A;RPS25;RPS27;RPL27A;GOLGB1;RPS20;MAGED2;CALM3;HIST1H4J;RPS21;RGL2;PPP1R11;GDI1;GPAA1;TECR;BMI1;SCML2;ACTR1B;ENC1;SDF4;IDS;CTSH;UTP14A;HTATIP2;CTSB;FOXD1;PABPC4;NBPF10;NME4;RHOC;APRT;MLF2;RHOB;CTTN;UFC1;ATP6V0C;MYCBP;TOMM40;SLC20A1;HSD17B4;DERL2;UQCR11;TYMS;RELA;CST3;PGRMC1;OS9;CAMK2N1;MSX1;FILIP1L;ATP6V0E2;DYNC1H1;NQO2;YIPF3;YIPF5;RPA2;FKBP1A;RIT1;DPAGT1;GOLT1B;MPG;NUCKS1;SRP14;COMT;ETS2;NARS;AKR7A2;CCND3;RGS2;FAM162A;ARHGDIA;HIST1H2AE;HIST1H2AG;BANF1;ACAA1;HIST1H2AC;TMEM14B;HIST1H2AM;PHYH;G6PD;NOSIP;ALDH3A2;BRMS1;HGS;RPP25;NOP2;COX7A2;SLC1A5;DPP3;SDCBP;PCSK1N;NDUFV2;CD99;HSPA8;CRTAP;CPSF1;ISG15;INHBB;UBE2A;NR4A2;NR4A1;COQ2;PXMP2;GNAS;SRPRB;UBA1;LRP10;GCLM;COPE;ACADVL;SOWAHC;PRKCSH;HMGB3;TRIAP1;DDX41;HMGB1;MEA1;YBX3;UBE2Q1;ENOSF1;C9ORF16;FLOT1;CNPPD1;POLG;TTC37;RBM14;ATP6AP1;DYNLT1;DCXR;DDX56;RPS3A;LSR;GLRX2;UPK3B;PJA1;SFPQ;RER1;IRF1;PPDPF;IRF7;TERF2IP;ITGB3BP;OTUB1;RALB;PON2;RNF6;AGPAT1;CRYZ;PDLIM1;NXF1;MUC1;POLD2;TMEM208;STOM;HES1;NUP43;IGBP1;CDK11A;TAF10;SLC50A1;SOD2;TNIP2;RBM42;GLA",4,17
"66","cisplatin homo sapiens gpl570 gds3910 chdir up","425/1542",5.20992890410552e-28,5.50989450767523e-27,0,0,1.63086439650343,102.453863680986,"GPATCH4;TMEM97;TPGS2;RPL7;RNF114;CAPNS1;CLP1;PSMD3;AP1S2;CYP1B1;RPL38;PIP4K2C;RPL37;RPL39;JUNB;HOXA5;IER2;GSTK1;DNTTIP2;SCAMP3;PRKAR1A;UQCRC1;PSME2;YME1L1;LETMD1;ATF3;CDC42SE1;CRABP2;RETSAT;SHMT2;PRKDC;MEPCE;ZNF22;WDR61;BCL10;AKAP17A;SULT1A1;BLOC1S1;GAR1;S100A13;SERPINH1;PNPO;RSU1;SERF2;SULT1A2;HOXC6;BTF3;JUN;NSUN5P2;TEX30;JUP;H3F3B;TIPARP;ST13;TMA7;DHFR;COL1A1;CS;QARS;EIF6;FXYD3;PPT1;ARF3;BTG3;PYGB;BTG2;PHF1;PYGL;WDR45;ADO;SMG8;MRPL35;MRPL41;UBL5;TUBA1A;CSRP1;BRD2;TPI1;DUSP1;ANXA4;ANXA5;MRPL49;FOS;DYNLL1;COQ10B;COPZ1;MED28;MRPL52;NSA2;TUBB2A;PTRH2;ARF6;SF3B4;GRN;ZNF593;HSPA13;TUBA3D;BCLAF1;RPS15A;RPL13;RPL15;RPS27A;RPL18;P4HTM;DEDD;MBD1;TARBP2;ARCN1;TMCO1;LYRM1;PSMC4;TSR1;PLP2;AGRN;YPEL5;LAMTOR3;NUCB2;C11ORF58;LAMTOR5;TUSC3;PLOD3;APEH;SAT1;IPO4;NFATC2IP;PHLDA1;AP2M1;BNIP3L;MYLIP;TPM4;RPS7;RPS8;RAB32;ARMCX3;ARMCX6;SNRPE;FKBP9;FKBP4;FKBP3;TXNDC9;CD151;ARL3;MAZ;UBR4;CORO1B;DDRGK1;MED31;PGK1;ANKRD10;COA3;CHERP;NSFL1C;G6PC3;MAFB;PIR;PIN1;CNOT8;RSL24D1;SLC25A1;SUMO4;ITGAE;NENF;ETFB;NXT2;MRPL4;SCPEP1;GM2A;SNRNP70;RNPEP;SUMO2;NPIPA1;PGLS;MRPL9;DSP;HSP90AA1;SORD;NDUFC2;EDF1;REXO2;NIPSNAP1;TFDP1;PKM;RPL37A;MTRF1L;SLC25A4;CEBPB;CEBPD;NDUFB6;WBP2;RAB1B;EI24;NDUFB2;SRM;SELENBP1;DNAJB1;RAB25;DNAJB4;EIF4H;DNAJB9;POLR2H;EIF4B;UBQLN2;POLR2L;CYB5A;NDUFA6;CCDC59;NDUFA2;KLF4;SLC25A38;PFKL;MGP;MGAT4B;PDCD2;RECK;TPT1;EIF4A2;IFITM1;CCNK;FAM89B;KDELR1;CISD1;CALML4;THUMPD1;SPATA20;UXT;RPS16;RUSC1;BSG;ARL6IP5;SOX9;LGALS8;RPS11;CCNL1;B2M;SCN1B;SOX4;ATP6V0E1;IFRD1;HLA-B;HLA-C;BCS1L;MRPS18C;CARHSP1;SUB1;VDAC3;TFAM;PREB;PFN1;EIF1B;TP53;MAGED1;CSTF2;SUPT4H1;TEX261;DHX30;ZNHIT1;PPCS;HIST1H3H;PCK2;EGR1;GADD45B;GADD45A;RPS25;RPS27;RPL27A;GOLGB1;RPS20;MAGED2;CALM3;HIST1H4J;RPS21;RGL2;PPP1R11;GDI1;GPAA1;TECR;BMI1;SCML2;ACTR1B;ENC1;SDF4;IDS;CTSH;UTP14A;HTATIP2;CTSB;FOXD1;PABPC4;NBPF10;NME4;RHOC;APRT;MLF2;RHOB;CTTN;UFC1;ATP6V0C;MYCBP;TOMM40;SLC20A1;HSD17B4;DERL2;UQCR11;TYMS;RELA;CST3;PGRMC1;OS9;CAMK2N1;MSX1;FILIP1L;ATP6V0E2;DYNC1H1;NQO2;YIPF3;YIPF5;RPA2;FKBP1A;RIT1;DPAGT1;GOLT1B;MPG;NUCKS1;SRP14;COMT;ETS2;NARS;AKR7A2;CCND3;RGS2;FAM162A;ARHGDIA;HIST1H2AE;HIST1H2AG;BANF1;ACAA1;HIST1H2AC;TMEM14B;HIST1H2AM;PHYH;G6PD;NOSIP;ALDH3A2;BRMS1;HGS;RPP25;NOP2;COX7A2;SLC1A5;DPP3;SDCBP;PCSK1N;NDUFV2;CD99;HSPA8;CRTAP;CPSF1;ISG15;INHBB;UBE2A;NR4A2;NR4A1;COQ2;PXMP2;GNAS;SRPRB;UBA1;LRP10;GCLM;COPE;ACADVL;SOWAHC;PRKCSH;HMGB3;TRIAP1;DDX41;HMGB1;MEA1;YBX3;UBE2Q1;ENOSF1;C9ORF16;FLOT1;CNPPD1;POLG;TTC37;RBM14;ATP6AP1;DYNLT1;DCXR;DDX56;RPS3A;LSR;GLRX2;UPK3B;PJA1;SFPQ;RER1;IRF1;PPDPF;IRF7;TERF2IP;ITGB3BP;OTUB1;RALB;PON2;RNF6;AGPAT1;CRYZ;PDLIM1;NXF1;MUC1;POLD2;TMEM208;STOM;HES1;NUP43;IGBP1;CDK11A;TAF10;SLC50A1;SOD2;TNIP2;RBM42;GLA",4,17
"67","captopril mus musculus gpl1261 gds3683 chdir down","312/1034",1.50491868698112e-27,1.56781081121317e-26,0,0,1.78544859395923,110.27119531501,"RPL4;IFITM1;RPL3;RPL31;RPL34;CISD1;HNRNPU;CALML3;IFI35;IFI30;RPL8;PHB2;RPL9;RPL7;RPS15;LGALS3;RPS14;BPIFA1;LGALS1;RPS19;RPL36AL;RPS18;DPYSL2;FTH1;RPL36;RPL35;RPL38;ATP6V1E1;CCNL1;SEC62;RPS11;B2M;RPS12;SRRM2;RPL21;KRT4;CSNK2A2;KRT5;COX7A2L;PRKAR1B;SLPI;EWSR1;ZC3H11A;UNC50;RPL24;CYP2E1;RPL26;RPL28;UBA52;CFD;SET;RPN1;WDR61;ZC3HAV1;IQGAP1;MRPL11;SULT1A1;HSD11B1;PRKAR2B;CD19;PRDX1;PCK1;ATP6V1C1;SNX5;SPTBN1;FDFT1;CTSA;PHC2;RPL41;GADD45B;L1CAM;PUM1;CP;MRPL24;MEX3C;CIDEC;RPS26;GLUD1;RPS25;RPS29;FASN;RPL27A;SDC1;HYOU1;RPS20;PKIG;RPS21;SPRR1A;ADA;RPS24;CDS2;ARF3;BTG1;RPLP1;RPLP0;WFDC2;UCHL1;TUBA1A;XPO1;TRIM2;SEC61G;DHX15;RPLP2;CTSH;SDF4;TIMP3;TMED2;CD36;CD53;ELOVL1;BRD2;PABPC4;SFTPD;BAZ1A;DYNLL1;F3;MRPL52;PSMA6;TUBB2A;BANK1;TNNT3;ARHGEF3;MZB1;CD47;ERGIC2;CD44;SPRR3;SF3B2;GRN;GSTP1;RPL12;CRCT1;RPL11;CAPG;CRIP2;COX5B;TM9SF3;CST3;SCEL;ERMP1;RPS15A;PSMB1;PPP1R8;RPL14;RPS3;HARS;RPL15;RPS2;RPS27A;FILIP1L;RPL18;BRD4;EGLN2;CDKN2C;GSN;TMEM176B;LAPTM5;KRT13;FMO2;PSMB8;PSMB9;PPP1CA;FABP5;TAOK3;GSTA4;PSMC4;KRT15;DLC1;HNRNPA2B1;FAU;PNPLA2;GRINA;ZBTB20;NUCKS1;CXCL13;RPL10A;CLU;CNDP2;EEF1B2;RGS2;CHCHD2;CCND2;APMAP;BASP1;ARHGDIB;PIM1;TMSB10;TGM3;BNIP3L;IK;RPS7;RPS8;RPS5;ADIPOQ;TAP1;ATP11B;RPSA;ATP1B1;DGKZ;COX6B1;TUFM;BSCL2;ALDH3A1;HNRNPUL1;COL4A1;LY6D;FSCN1;SNRPG;SNRPE;ERH;NOTCH2;RTN3;TMED10;COX7A2;FOXO3;NDRG1;PRPF8;AGER;FOXO1;CNN3;CNN2;SLC9A3R1;TMEM123;PCSK1N;TPR;EIF4EBP1;NDUFV2;MCL1;IVNS1ABP;OSBPL9;HSPA8;SMAD4;ASNS;EEF2;QDPR;NFKBIA;BCL6;MKRN1;GNAS;TGFBI;SERINC3;EIF4G2;RNF187;SNAP25;SLC25A3;ALAS1;YBX1;YBX3;RPS4X;SEC61A1;CAPZB;EFHD2;TMEM109;DSP;SRGN;ACTR2;ATP6AP1;BUD31;RPL13A;VEZF1;NDUFC1;HTR3A;EDF1;DCN;ARFGAP2;TAPBP;EEF1G;EEF1D;RPL37A;ATP6V1B2;MYH9;LCP1;MS4A1;PFDN5;LUC7L2;BIRC3;CEBPB;RALB;RPL36A;SLC3A2;RETN;CLCN3;TOB2;HSD17B10;SELENBP1;SLC25A28;OXCT1;EIF4H;EIF4B;CNBP;USP22;NDUFA2;NDUFA1;RPL23A;SLC50A1;KLF4;HNRNPAB;PNRC1;KLF2;MARCKS;TSPAN13;DES;PSAT1;EIF3I;PDCD4;EIF3H;STUB1;EIF3E;EIF3F;VIM;SEC24C;TPT1",3.84615384615385,12
"68","letrozole homo sapiens gpl3921 gse33366 chdir down","159/404",1.83658413094949e-27,1.88519959323933e-26,0,0,2.32878317417541,143.364293870548,"CYFIP2;IFITM1;IFITM2;CERK;CALML5;RPL31;UBE2L6;IFI35;CLU;SAT1;AQP3;IFIT3;IFI44L;MYLK;IFIT2;CLGN;ALCAM;CREB3L1;FTH1;TNFSF10;WWC3;LGALS8;HERC6;ST6GAL1;CXADR;IGFBP5;RSAD2;LIMCH1;IL1R1;LMO3;ECH1;HLA-B;TAP1;KRT7;HLA-C;ARID5B;PHKA1;RNASE4;ATP1B1;TM4SF1;RIN2;CFB;LXN;SEL1L;NEDD4L;PIK3R3;DDX60;NDRG1;FOXO1;CORO1B;RAP1GAP;RHOBTB2;SOCS2;CYB5R1;RRAS;FUT9;STC2;DND1;NEU1;TSPAN1;ZKSCAN1;GSTM4;TFAP2A;TFAP2B;SMAD1;JUN;PLK2;GP2;EAF2;IFI44;DHCR24;INHBB;PBX1;PARP12;ACSF2;BST2;NFKBIA;BMP4;BCL6;FXYD3;FASN;GOLGB1;PLEKHM1;HIST1H4H;SDC1;TPP1;MAGED2;XAF1;LRP10;FGF13;HIST1H4D;BCL2L1;PLEKHF2;PSCA;MIA3;LITAF;OSBPL10;OASL;HEY1;CA5B;ENC1;FLOT1;TIMP3;HMGCS2;NKX3-1;VAV3;ABCC4;MANBA;DUSP1;SLC2A10;DDX58;SORD;EMP1;TBC1D9;WIPI1;GPRC5A;OAS1;CEACAM6;OAS2;CEACAM5;OAS3;DNASE1;FBP1;IRF9;ASAH1;CANT1;MVP;NDUFB2;UGT2B28;HSD17B11;USP18;SELENBP1;LIMA1;MUC1;DRAM1;RXRA;CAMK2N1;ERBB2;SH3BP4;HES1;RABAC1;ATP6V0E2;SASH1;SLC12A2;GALNT7;PTPN18;GOLM1;SPAG4;KLK13;PTPN13;DHRS3;KLK11;PSMB9;MYO1B;KRT15;CCNG2;PMP22;S100P;LY6G5C",3.14465408805031,5
"69","captopril mus musculus gpl1261 gds3683 chdir up","440/1623",2.42455640596674e-27,2.4526672048765e-26,0,0,1.60415914717066,98.3095280803143,"NCKAP1;TFRC;SERPINE2;SPINT2;LIPA;MYLK;PSMD8;GJA1;TFG;NAMPT;PSMD3;AP1S1;GSTK1;STARD3;SERPINF1;FNDC3B;SND1;SCAMP2;NUP93;MTAP;RBP4;PRKAR1A;FDX1;UQCRC1;TXNIP;SPARCL1;LETMD1;ATF4;LRPAP1;POM121;SAR1B;MRPL17;NEDD4L;GLG1;PLAC8;PRDX3;CYB5R3;PDGFD;PRKAR2A;S100A13;SERPINH1;SERF2;JUN;ACE;SIVA1;EDEM1;RMDN3;PRDX6;HNRNPL;COL1A1;SETX;CS;COL1A2;QARS;FAT1;HRC;HNRNPC;PAM;FERMT2;TMEM9B;TCF25;SNX10;PYGL;CTCF;MRPL34;MRPL35;MRPL41;CSRP2;CSRP1;ANXA7;LYPLA2;TPI1;ANXA2;TNNC1;SSR3;ITPK1;BGN;SIRT5;COQ10B;DUSP6;COPZ1;FAHD2A;GPRC5B;PSMA2;GAS1;EXOC3;CRYAB;DLD;ARF6;PCYOX1;SF3B4;PSMB7;PSMB2;UCP3;UCP2;CLPTM1;SC5D;AGA;EGLN1;DHRS3;GTF2H5;ARCN1;COL3A1;DHRS7;CIAPIN1;FMOD;LAMTOR3;PF4;LAMTOR5;MSRB1;FAM49B;MTCH2;HP;F13A1;PARK7;FADS3;MPC1;PLS3;RAB2A;IFNAR2;USP8;CISH;IGFBP5;S100A1;IGFBP4;SARS;POLRMT;ACLY;MRTO4;MAPKAPK2;FKBP9;FKBP4;CD151;AK1;UBR4;SLC38A10;AEBP1;CORO1B;ACAT2;RAP1GAP;BTBD1;PGK1;EIF4EBP2;NDN;IGFBP6;ZKSCAN1;COA3;AKIRIN1;TRAPPC4;DRAP1;MARCH2;NSFL1C;CNOT6;RGCC;RHEB;MDM2;CPE;ACO1;DHCR7;XAF1;NOP10;NFE2L1;EIF4G1;ITGB1;SLC25A1;WDR1;RNF13;AMD1;FHL2;PIK3CD;BICD2;MRPL4;LBH;OPA1;GM2A;PPP6R3;MRPL9;IDH3A;HSP90AA1;GPX4;LANCL1;NDUFC2;PKM;CTDSP1;DAD1;NPC2;PCCB;TMBIM6;DSG2;TOP1;SLC25A4;SEC23A;SMARCD2;ROCK1;NDUFB6;SEMA3C;NDUFB2;HSD17B12;SEMA3F;PPM1G;U2AF2;DNAJB4;EIF4E;UBQLN4;SEC23B;SPAG9;PPP1R14B;NDUFA7;NDUFA6;MYO10;NDUFA5;IDH3G;MBOAT7;SORL1;ATOX1;PFKL;SUCLA2;EIF3K;IMPDH1;MGP;CD248;BET1;EIF4A2;EIF4A1;IFITM2;SPARC;ARL6IP1;KDELR1;PITPNB;HDAC11;KEAP1;ZDHHC7;IFIT3;RCBTB2;NFU1;PPP2R1A;RUSC1;BSG;PDK4;ARL6IP5;ARFIP2;PTGDS;SOX4;PDK1;ECH1;ACSL5;CSNK1D;BCS1L;TM4SF1;GNPAT;POR;CARHSP1;MXRA8;VDAC3;SUCLG1;FAM76A;PFN1;AURKAIP1;ALDH7A1;MMADHC;PPP1R37;ANP32A;MGST3;MGST2;PIK3R1;APH1A;SNX3;ZNHIT1;RRAS;STAT5A;VAT1;TMEM184B;CIDEA;PRG4;BST2;MSRA;STAG2;AKR1B10;CDC16;CALM3;RGL2;ORM1;CLIC4;DAZAP1;MRPS14;TECR;CTSZ;MRPS10;CD3E;PTPRF;RAC2;ARIH2;ANKRD1;PHGDH;DLAT;SPTAN1;CTSD;CTSB;NDEL1;COX8A;PSENEN;CCT3;ZHX2;TMED9;WARS;TNFRSF12A;TFE3;APRT;MLF2;RHOB;CSDE1;ATP6V0C;C1QB;C1QA;TAGLN;MRPS31;HSD17B4;NEDD8;UQCR11;UQCR10;GNAI2;SHOC2;EMC7;PEX16;PEX19;TMEM176A;AP3D1;FKBP1A;SPCS1;DPAGT1;ACAA2;CD81;BCCIP;HDLBP;UBE2Z;SRP14;COMT;COX6A2;TOMM22;CCND3;TMEM147;CCND1;ARHGDIA;KHSRP;DENND5A;PHYH;SDHC;DPM1;COL4A2;CD8A;MAP7D1;HIST1H2BC;ATP6V1A;TSG101;H6PD;RASGRP2;LTBP1;MAN2A1;ISOC1;CYC1;NDUFV1;HSPA9;KLHDC3;CPSF1;ARHGAP29;UBE2A;IGF2R;HIGD2A;DAP;COL5A1;CAPRIN1;DNAJC10;UBE2N;PI4KA;CRYL1;UBA1;CLASRP;LRP10;GCLM;ZCCHC2;UBE2M;RERE;LGALS3BP;GSK3B;ACADVL;SOWAHC;HSPB8;TNFAIP3;HMGB3;HMGB1;MEA1;PKD2;ELAVL1;LMNB1;HK1;LASP1;UPK1B;CASP6;FLOT1;UQCRFS1;HIBCH;HIST1H1C;SUN2;ARHGEF12;H2AFZ;UPK3B;TRDN;TGFBR2;COL6A2;IRF1;CAT;PEX5;IRF7;NDUFS2;PFDN2;LTF;POLDIP3;AGPAT1;AGPAT2;USP18;CRYZ;DNPEP;TNKS2;DDT;BNIP2;STOM;MAPK6;SASH1;MAPK3;IGBP1;MBTPS1;SGTA;S100B;SOD2;HSPE1;USF2;ERCC1;CDK2AP1;CHPT1;GPD1L",3.63636363636364,16
"70","mifepristone homo sapiens gpl6947 gse39654 chdir up","207/593",3.60564282323337e-27,3.59534098659556e-26,0,0,2.06551782631689,125.763798261983,"EIF4A2;IFITM3;GLTP;ARL6IP1;SLC35B1;MT1X;PPP2R2A;CALML4;TPGS2;UXT;MT2A;PSMD4;CAPNS1;PPP2R1A;RPL36AL;BSG;RPL36;LONP1;AKT1;RPL35;RPL38;ATP6V1E1;GSTK1;ATP6V0E1;ECH1;LDOC1;NUP93;UQCRC1;PSME1;RPL24;JTB;PFN1;UBA52;SKAP2;MAGED1;MGST2;TXN;MRPL12;PRDX3;APH1A;NCSTN;ZNHIT1;AMZ2;ST3GAL1;SERF2;HOXC6;PCK2;BTF3;RPL41;XRCC6;JUP;LRBA;PTK2;HNRNPL;RPS26;RPS27;QARS;FASN;RPS20;SERPINI1;TMEM9B;DAZAP2;GPAA1;CETN2;MRPS11;RPLP0;CTSZ;SRP54;LITAF;MRPL35;PTPRF;PQBP1;RARS;ANXA7;CTSH;SDF4;PHGDH;COX8A;CCT3;TPI1;MRPS27;MME;PRMT1;NBPF10;DYNLL1;SRP9;SERPINB6;GCHFR;NSA2;CTTN;ATP6V0C;ARF5;RAB7A;SF3B5;RPL12;NEDD8;COX5B;SLC7A1;CST3;PSMB7;BCLAF1;RPS15A;RXRA;RPS3;RPL15;RPL18;EMC7;RPL17;KIDINS220;PPP1CA;SPCS1;PSMC2;NUCB1;TCEA1;NUCB2;GRINA;POGK;SRP14;EEF1B2;LAPTM4B;TMEM147;TMSB10;AP2M1;NSF;PHYH;MAP2K2;UGT2B15;RPSA;SDHC;ATP1B1;BSCL2;HNRNPUL1;ERP29;NUPR1;VCL;RAI14;ATP6V1A;TSG101;COX7A2;NREP;PGK1;NDUFV2;NDUFV1;ASNS;COPS5;MKRN1;GNAS;DYNLRB1;SERINC3;RSL24D1;NOP10;EIF4G2;BCL2L1;EIF4G1;ITGB1;SLC25A3;WDR1;AMD1;ETFB;YBX1;ATRAID;HK1;SUMO2;FLOT1;HMGCS2;SPG11;ACTR2;GPX4;ATP6AP1;EDF1;EEF1G;PKM;NPC2;DAD1;EEF1D;PCCB;MYH9;TMBIM6;COLEC12;CEBPB;NDUFB6;WBP2;PON2;NDUFB2;PPM1G;SELENBP1;POLD2;EIF4H;IARS2;SEC23B;ATP9A;EIF4B;IDH3G;CCDC59;NDUFA1;SLC50A1;PSAT1;EIF3L;EIF3I;PDCD2;STUB1;EIF3E;EIF3F;SLIRP;EIF3D;SPG21;TPT1",5.79710144927536,12
"71","testosterone mus musculus gpl1261 gse17553 chdir up","337/1154",6.75190738368443e-27,6.63779063917146e-26,0,0,1.72797473157425,104.127709754403,"RPL4;EIF4A1;NCKAP1;OXTR;IFITM2;SPARC;ARL6IP1;ECI2;CISD1;CALML3;IFI35;IFI30;PSMD8;RPS15;GJA1;RNF114;ALCAM;CAPNS1;PPP2R1A;RPL36AL;BSG;AP1S2;RPL36;RPL35;PIP4K2C;RPL37;ATP6V1E1;PTGDS;B2M;PDK1;RPS12;MEF2A;GSTK1;ST6GAL1;CPT1A;ECH1;PDZK1;COX7A2L;RNF128;PRKAR1A;SUB1;RBP1;RPL26;RPL29;AURKAIP1;UBA52;ALDH7A1;IDO1;GNE;BEX4;LRPAP1;MRPL17;PLA2G5;MRPL11;SNX3;PRDX3;SNX1;PRDX1;NEU1;PLEK2;ATP6V1C1;SNX5;SNX6;FDFT1;BTF3;EGR2;RPL41;ACE;FUCA1;TMA7;CP;MRPL24;PRDX6;MANF;RPS26;RPS25;QARS;FXYD3;RPS29;FAT1;PPT1;SDC1;RPS20;TMEM9B;ITM2C;ARF3;ECM1;PPP1R11;CITED1;MRPS14;TCF25;RPLP1;RPLP0;TECR;KRT23;MIA3;PEPD;LITAF;CLINT1;XPO1;SEC61G;TMED3;CTSH;SDF4;TMED2;QSOX1;PHGDH;NANS;TMED7;CTSD;CTSB;COX8A;PSENEN;TMED9;WARS;TPI1;GFRA1;DYNLL1;DUSP6;MED28;MLF2;MRPL52;SLC7A5;PSMA6;CLDN10;NSA2;CSDE1;PELI1;UFC1;ATP6V0C;KANK1;SF3B5;GRN;STAU1;RPL12;MRPS34;GCNT1;NEDD8;CAPG;UQCR11;COX5B;SLC7A1;TM9SF3;TRAK2;PSMB7;SCEL;PGRMC1;RPS15A;ORMDL2;LMAN2;PSMB1;UCP2;AGR2;RPL14;RPS3;SC5D;RPL15;AGA;RPS2;RABAC1;GC;RPL18;EMC7;RANBP1;YTHDF3;SMAGP;SORBS2;FAH;PPP1CA;FKBP1A;TM9SF2;KRT19;SPCS1;HNRNPA2B1;TCEA1;NUCB1;PLP2;LAMTOR3;NUCB2;GALNT12;SCARB1;ACAA2;CD81;TUSC3;NDUFA10;NUCKS1;SRP14;RPL10A;COMT;SAT1;ACTG2;CNDP2;EEF1B2;NARS;RGS3;MPC1;BASP1;FAM162A;PLS3;BANF1;PHLDA1;RAB2A;BNIP3L;PDGFRA;RPS7;S100A1;RPS8;RPS5;SPINK5;RPS6;SARS;ACOT13;RBX1;COX6B1;TPST2;BSCL2;ARMCX3;DPM1;ACLY;ARMCX6;MAL;ADAM9;SNRPE;ERH;RHCG;FKBP5;HIST1H2BC;RTN3;IDI1;VCP;FKBP2;ISYNA1;TMED10;CD151;RHOBTB3;GSTT2;COX7A2;PLD3;HSP90B1;TMEM123;SDCBP;EBP;PGK1;NDUFV2;PRNP;COA3;HSPA8;SRD5A2;INHBB;EEF2;HOPX;HIGD2A;QDPR;COPS6;DAP;COPS5;RHEB;P4HA2;CAPRIN1;MKRN1;LCN2;GNAS;CHMP2A;ALPL;SERINC1;MAN2B1;DYNLRB1;SERINC3;OGT;NOP10;COPE;ITGB1;GSK3B;WDR1;PCTP;YBX1;ATRAID;SEC61A1;PSTPIP1;UPK1B;CAPZB;NCK2;UQCRFS1;HIST1H1C;SRGN;ABCC4;ATP6AP1;GPX4;H2AFZ;CAD;TBC1D8;NDUFC2;RPL13A;NDUFC1;EDF1;PPP2R5C;PJA1;RCN1;NPC2;ACOX1;DAD1;RPL37A;ATP6V1B2;NDUFS2;LCP1;SLC25A4;SMPDL3A;PFDN5;CEBPB;NDUFB2;SLC3A2;HSD17B12;HSD17B10;EIF4B;POLR2L;TIMM8B;IGBP1;NDUFA7;NDUFA6;NDUFA1;SLC50A1;TPD52L1;SOD2;OXR1;ATOX1;TSPAN13;EIF3K;EIF3L;EIF3I;MGP;APOC1;PDCD4;EIF3H;CD9;STUB1;EIF3E;EIF3F",5.34124629080119,18
"72","imatinib homo sapiens gpl571 gds3518 chdir down","164/432",3.11746258427051e-26,3.02220678308446e-25,0,0,2.24632916940609,131.927345708334,"IFITM1;IFITM2;ACAA2;TFRC;RPL34;PITPNB;HNRNPU;TMEM97;PARK7;RPL8;TPGS2;RPS14;CCND3;CHCHD2;RPS16;PSMD4;RPS18;PIM1;SNRPD3;TMSB10;ACOT7;RPL23;GTF3A;RPSA;RNASE3;CHD1L;RNASE2;FBXO11;TUFM;TMEM258;SUB1;UQCRC1;SNRPG;S100A4;ERH;TTLL12;AURKAIP1;S100A9;FKBP3;TP53;S100A8;PSMD14;SHMT2;MAGED1;COX7A2;TXN;MRPL12;ADH5;PRDX3;MRPL20;PRDX4;PRDX1;PGK1;S100A12;CYC1;NDUFV2;NDUFV1;SERF2;YARS;HSPA8;XRCC6;SIVA1;FUS;XRCC5;TMA7;ARPC4;PPBP;H2BFS;LSM5;PRDX6;CHERP;CS;QDPR;HNRNPM;FIBP;RPL27A;HNRNPD;UBE2N;GNAS;UBA1;HNRNPC;ALDH18A1;NOP10;RNF187;FKBP11;SLC25A3;COX7B;WDR1;HBD;HMGB1;YBX1;PFAS;ELAVL1;UBL5;SEC61G;DHX15;FLOT1;FCER1A;UQCRFS1;GUSB;HIST1H1C;COX8A;CCT3;HSP90AA1;TMED9;TPI1;PRMT1;H2AFZ;LANCL1;NDUFC2;AHSA1;NUTF2;DYNLL1;REXO2;SLC39A14;MZT2B;MZT2A;PSMA6;TFDP1;DAD1;NDUFS6;PCCB;MCM5;LCP1;LTF;GSTP1;NDUFB4;HIST1H2BK;UQCR10;COX5B;TYMS;SLC7A1;SRM;PPM1G;PDLIM1;PSMB2;NT5DC2;POLR2E;NUP43;CCT8;POLR2L;TIMM8B;RANBP1;PPP1R14B;AKR1C1;NDUFA1;HSPE1;SOD2;HNRNPAB;PPP1CA;FKBP1A;PSMC5;DHRS9;FABP5;EIF3L;PSMC2;APOC1;HNRNPA2B1;PLP2;P4HB;ESYT1;SLIRP;EIF3D;PFKP",1.82926829268293,3
"73","tamoxifen homo sapiens gpl3921 gse33366 chdir down","183/507",4.47125613515157e-26,4.27525586621341e-25,0,0,2.13577955953923,124.664476911923,"CYFIP2;GALNT12;CERK;AHR;OLFML2A;CASC1;SAT1;AQP3;MYLK;CLGN;ALCAM;BASP1;CREB3L2;TNFSF10;WWC3;LGALS8;TNS3;CXADR;S100A2;IGFBP5;LIMCH1;IL1R1;LMO3;UGT2B15;ECH1;SLC6A14;KRT7;CASK;PHKA1;PDZK1;TUBA4B;RBP1;MALL;SCNN1A;COL4A5;MXRA7;RIN2;CFB;PTGES;NOTCH2;LXN;SEL1L;RHOBTB3;HTRA1;SLC38A10;PIK3R3;DTX4;FOXO1;CORO1B;RAP1GAP;RHOBTB2;CNN2;CYB5R1;TMEM123;SGPL1;PCSK1N;PODXL;STC2;DND1;TSPAN1;ZKSCAN1;ANKRD28;TFAP2A;TFAP2B;TIA1;FZD5;UROS;GP2;MICAL2;DHCR24;INHBB;NR2F2;FOXN3;NET1;BCL6;COL5A1;FASN;PIP;GOLGB1;ID1;PLEKHM1;LCN2;PLXNB2;CPE;SDC1;MAGED2;PKIG;RGL1;LRP10;FGF13;PAM;BCL2L1;ITM2C;LGALS3BP;ORM1;SERPINA1;PSCA;LPCAT1;FHL2;KRT23;MIA3;SERPINA6;RND3;HEY1;ENC1;ARIH2;IDS;HMGCS2;NKX3-1;VAV3;ABCC4;ANXA2;DST;GAA;SORD;TBC1D8;COPZ2;EMP1;PAWR;VEZF1;WIPI1;NAV2;UPK3B;TMPRSS11E;CBFA2T3;IQCG;TGFBR2;TGFBR3;UGDH;ASPH;CEACAM6;CEACAM5;CHST1;RBMS1;ZMYND10;FBP1;CD44;IRF9;HLA-DQB1;PRPS1;ASAH1;NXN;MVP;UGT2B28;CRIP2;HSD17B11;ABLIM1;MUC1;DRAM1;GPNMB;ERBB3;OLFML3;UCP2;ERBB2;LRIG1;SH3BP4;ATP6V0E2;SASH1;SLC12A2;GALNT7;LRRC23;GSN;GOLM1;AKR1C1;GALNT1;PLEKHA5;KRT13;KLK13;SULF1;PTPN13;DHRS3;KLK11;KLK12;KLF7;MYO1B;GSTA4;KCNS3;KRT15;GSTA1;S100P;AGRN;YPEL5;NEK11",1.63934426229508,3
"74","estradiol homo sapiens gpl6102 gse11567 chdir up","132/316",7.2557679305041e-26,6.843954074989e-25,0,0,2.47172496442214,143.076827033616,"EIF4A1;ARL6IP1;CD81;MT1X;NUCKS1;IFI30;RPL8;SRP14;PHB2;RPL9;SAT1;RPS14;MT2A;ZFP36;CHCHD2;RNF114;PSMD4;PPP2R1A;RUSC1;MYC;RPL39;TMSB10;RPS12;STARD3;SLC38A1;IGFBP5;RPS8;RPS5;RPS6;SND1;TM4SF1;CDC25B;DPM1;CARHSP1;HGS;CDC37;MT1F;PSME1;SNRPG;RPL24;TRIB3;PFN1;ATF3;MMADHC;VCL;ATF4;SET;INSIG1;RPN1;HSP90B1;ZNHIT1;S100A13;PGK1;S100A14;S100A10;EGR1;PRNP;LSM5;MANF;NET1;EFNA1;NFKBIA;HNRNPM;EIF6;RPS29;FASN;BLMH;TMEM9B;RPS24;EIF4G2;GPI;DAZAP2;YBX1;LITAF;RND3;RPS4X;LASP1;CSRP1;TMED3;RPLP2;CCT3;TGIF1;DUSP5;HSP90AA1;TPI1;DUSP1;H2AFZ;BUD31;ACTL6A;FOS;UCHL3;GNL2;DYNLL1;RHOB;SLC7A5;PPP1R15A;LAMA5;ZNF593;CEBPB;TOMM40;CEBPD;STX16;SLC20A1;TUFT1;HIST1H2BK;DDX21;SLC7A1;PSMB7;BCLAF1;EPCAM;PSMB1;POLD2;STOM;SH3BP4;DNAJB9;CCT8;EIF4B;DYNC1H1;CNBP;NDUFA1;HSPE1;HNRNPAB;ASS1;KLF2;MARCKS;KLF6;TSPAN13;EIF3L;KBTBD2;EIF3H;EIF3E;SEC24C",1.51515151515152,2
"75","trastuzumab homo sapiens gpl6947 gse31432 chdir down","138/338",8.15597256472431e-26,7.59049180023676e-25,0,0,2.41588179685585,139.56177560652,"IFITM3;EIF4A1;IFITM1;RPL30;IFITM2;RPL3;SERPINE2;ARL6IP1;KDM1A;NUCKS1;TMEM97;RPL8;SRP14;RPL10A;CNDP2;HERC5;LAPTM4B;GJA1;CCND1;RPS18;DPYSL2;DPYSL3;RPL35;DENR;RPL38;B2M;PHLDA1;HERC6;RPS12;NSF;LIMCH1;IGFBP3;HLA-B;RPSA;HLA-F;ATP1B1;CDC25B;ACLY;RAB31;PSME1;ERP29;SNRPG;RPL24;SPARCL1;S100A4;PFN1;ALDH7A1;UBA52;VCL;GNE;SET;MGST3;INSIG1;MRPL17;NREP;ACAT2;CNN3;SDCBP;FLRT3;PRDX1;GAR1;APOE;FDFT1;BTF3;HSPA9;DARS;SMARCA2;GNG11;RPS27;COPS5;RPS29;RPL27A;DNAJC10;HNRNPD;FAT1;PPT1;DEGS1;CD24;PAM;FERMT2;RPS24;EIF4G2;BCL2L1;TRAM1;CLIC4;WDR1;RPLP1;RPLP0;QPRT;PTEN;YBX1;PKD2;RPS4X;SEC61A1;TUBA1A;XPO1;DHX15;HSP90AA1;MRPS27;RIPK2;H2AFZ;EMP1;RPS3A;RHOC;F3;SERPINB6;DDB1;EEF1G;UGDH;VCAN;TMBIM6;SLC25A4;PFDN5;DCP2;LAMA5;TAGLN;PDXK;RPL12;PON2;DDX21;HSD17B12;TYMS;GGA1;RPS15A;RPS2;IGF2BP2;RPS27A;RANBP1;CD70;HSPE1;TPD52L1;SOD2;NFIB;PSAT1;HNRNPA2B1;VIM;CKLF;TPT1",3.6231884057971,5
"76","isopropyl alcohol rattus norvegicus gpl341 gse1888 chdir up","212/627",1.00194311457263e-25,9.20205649962756e-25,0,0,2.00069835697366,115.165571494625,"EIF4A2;GLTP;NCKAP1;EIF4A1;RPL3;IFITM2;SPARC;KDELR1;HNRNPU;RPL8;ELK3;LSM12;GJA1;EFR3A;ZMIZ1;ANPEP;ARL6IP5;PIEZO1;CCNL1;SEC62;TNS3;IER2;SRRM2;ACOT7;FNDC3B;ACSL5;RNASE4;CSNK1D;NISCH;ZC3H11A;CLDN7;CYP2E1;TRIB2;PRR14;SKAP2;ATF4;LXN;MRPL17;PDGFA;ZMPSTE24;SULT1A1;TGOLN2;SNX3;DHX30;CYB5R3;TSPAN8;INPP5F;NKX2-1;CTSA;CADM1;H3F3B;TMEM50B;TMA7;NR2F2;CP;CS;EXT1;BST2;GLUD1;TF;COL1A2;HNRNPF;ID1;FAT1;RPS24;PIGR;DAZAP2;BTG2;PPP1R11;MAGT1;XPO1;UIMC1;ANKRD1;TIMP3;TMED2;CD36;TMED7;CCT3;ANXA2;DUSP1;PRMT1;ANXA4;GAA;ANXA5;EMP1;RRAS2;SERPINB9;DYNLL1;DDB1;CTTN;ERGIC2;RAB7A;KANK2;DYNC1I2;GRN;GNAI3;HSD17B4;CRIP2;HSPA13;TRAK2;EPCAM;OLFML3;WIF1;UCP2;FLNB;RPS27A;FILIP1L;EPS15;YTHDF2;GOLM1;TM9SF2;FKBP1A;TJP1;SPCS1;GSTA4;PSMC2;PNPLA2;MTCH2;TNC;WBP1L;PLOD2;CLU;EEF1B2;RGS2;PLS3;RAB2A;USP8;TPM4;IGFBP3;RPS6;TBC1D2B;SDHC;ATP1B1;COL4A2;COL4A1;IL6ST;RAI14;ATP6V1A;KHDRBS1;ISYNA1;CD151;RAB5C;INSIG1;AGER;CNN3;SDCBP;PGK1;SOCS5;HSPA8;CPSF7;SMURF2;EPHX1;IGF2R;BMP4;COL5A1;RHEB;CAPRIN1;DNAJC10;GNAS;CPE;SRPRB;DEGS1;TAB2;OGT;EIF4G2;YBX1;BICD2;HK1;ALAD;TMEM100;SCPEP1;LBH;CAPZB;SNRNP70;CA2;SUMO2;FLOT1;PMEPA1;UQCRFS1;NCK1;DSP;USP46;HSP90AA1;ABCC1;PPP1R12A;H2AFZ;ARID1A;TGFBR3;SFPQ;COL15A1;CEBPD;SEMA3C;C1R;ATP1A1;TOB2;NXF1;CYTH2;MUC1;SPOCK2;SH2B3;SEC11A;CYB5A;SGTA;PTPN11;ATP2B1;KLF4;HNRNPAB;OXR1;KLF2;MYO1B;PMP22;SLC25A36",3.77358490566038,8
"77","diethylstilbestrol mus musculus gpl81 gds982 chdir up","287/953",3.23124394071608e-25,2.92910165015561e-24,0,0,1.78197780909864,100.488865186904,"EIF4A2;SMARCB1;RPL3;SPARC;SLC35B1;PITPNB;PHB2;MYLK;MPRIP;ANPEP;FTH1;RPL36;AKT1;SOX4;TMPO;ACOT7;ALG3;CSNK1D;ACTN4;NISCH;RRAGC;EWSR1;PRKAR1A;CDC37;VDAC3;SPARCL1;RBCK1;KCTD12;KDELR3;EIF1B;ALDH7A1;BEX4;LRPAP1;SET;ANP32A;CTBP1;MAGED1;CSTF2;GATA6;NEDD4L;ATXN7L3B;PIK3R1;ADH5;SNX3;CYB5R1;DHX30;NUP85;PRKAR2A;SERPINH1;GAR1;APOE;SPTBN1;CADM1;SIVA1;H3F3B;GNG11;PBX1;COL1A1;RPS26;COL1A2;RPS27;STAG2;ID1;COL9A1;HNRNPD;SNAI1;SFXN1;CALM3;MAGED2;FERMT2;RPS24;ITM2C;CLIC4;RPLP1;ADK;BMI1;TUBA1A;TMEM43;TIMP3;TMED2;TMED7;SPTAN1;CCT3;SEC13;WARS;PRMT1;SSR3;ITPK1;RHOG;EMP2;DYNLL1;RHOC;RHOB;DDB1;ITPKB;SLC7A5;RNF167;PSMA4;GAS1;TFF1;SLC29A1;PCYOX1;MATN2;CD63;CAB39;GSTP1;GPS1;MRPS31;RASIP1;AKAP1;RXRA;RPS15A;GPC3;RPS3;MSX1;RPS27A;RPL18;ATP6V0E2;EPS15;GSN;YIPF5;PLEKHA5;AP3D1;TJP1;COL3A1;WT1;NFIB;HNRNPA2B1;TSR1;TCEA1;GRINA;SCARB1;ACAA2;HDLBP;ZBTB20;PLAT;EEF1B2;CCND3;CCND2;MAEA;CCND1;BASP1;ARHGDIA;PLS3;BANF1;PHLDA1;RAB2A;USP8;TLE1;TPM4;RPS7;IGFBP4;RPS5;IGFBP3;WNT5A;WBP11;ACLY;MRTO4;FSCN1;COL4A5;FKBP9;IL6ST;FKBP4;VCL;ABCG2;ISYNA1;SHC1;ARL3;NOP2;UBR4;SLC1A4;NREP;PRPF8;HSP90B1;CNN3;TMEM123;BTBD1;MAN2A1;ISOC1;NDN;ANKRD10;CYC1;NDUFV1;PLTP;CD99;HSPA9;SMAD1;HSPA8;TIA1;CRTAP;CPSF7;SMAD4;CBX5;WFS1;ARPC4;EEF2;MARCH6;CLK2;QDPR;P4HA2;SP3;DNAJC10;PLXNB2;CPE;BLMH;TGFBI;DYNLRB1;NFE2L1;RERE;ALAS1;DDX47;HSPB8;USP34;PTEN;HMGB3;ALAD;MRPL4;RPS4X;CASP7;CALB1;PPP6R3;NUP62;TMEM109;LBP;TNPO1;HSP90AA1;PEG3;H2AFZ;CAD;SPATS2;ARFGAP3;UPK3B;ARID1A;PTBP2;DCN;TNFRSF1A;PJA1;ARL4C;ACTA2;RCN1;SFPQ;TFDP1;EEF1D;PPDPF;RPL37A;MYH9;MCM5;COL15A1;PDXK;RAP1GDS1;RPL36A;DDX21;MLLT1;LRP2;USP19;SRM;HMGCL;GANAB;CAND1;U2AF2;SPOCK2;NT5DC2;POLD2;STOM;MAPK1;FYN;MBTPS1;NDUFA7;NDUFA5;CNBP;TAF10;RPL23A;USF2;RPIA;MARCKS;WEE1;TSPAN13;PPP2R2B;MGP;PDCD4;PMP22;RBM42;CDK2AP1;STUB1;RECK;SLC25A36;TPT1",4.52961672473868,13
"78","ethanol mus musculus gpl6885 gse46492 chdir down","118/275",1.84515837589033e-24,1.6511801876557e-23,0,0,2.53899946207638,138.754993003981,"IFITM3;IFITM2;SPARC;RPL3;RPL31;CD81;SLC35B1;TNC;PLOD3;PLOD2;SRP14;LGALS3;RPS14;PLAU;FTH1;PLS3;RPL37;B2M;RPL39;TMSB10;TPM4;IGFBP5;RPL23;CSNK2A2;F2R;RNASE4;RBX1;HIST1H2BF;JTB;S100A4;RPL28;RIN2;NBL1;VCL;CSNK1G2;PPIC;HIST1H2BC;SEMA7A;SHC1;STXBP1;GLG1;CNN3;MRPL20;DDRGK1;EGR1;PRNP;PHC2;H3F3B;GADD45A;EXT1;EXT2;RPS27;COL5A1;CALM3;SFXN1;LRP10;NES;CLIC4;WDR1;SLC2A1;SNX11;LITAF;ATRAID;LASP1;CSRP2;LBH;SEC61G;ANKRD1;NPTN;TIMP1;NDEL1;HIST1H1C;TMED9;ANXA2;TNFRSF12A;ANXA3;DUSP1;ANXA5;SSR3;BGN;NDUFC1;DUSP6;MLF2;TGFBR2;ACTA2;TUBB2B;NDUFS6;RPL37A;MYH9;TMBIM6;PFDN5;CD63;HIST1H2BJ;NXN;RPL36A;THBS2;CST3;PDLIM2;TMEM208;HES1;RPS2;RABAC1;YIPF3;ATP13A1;ATOX1;MARCKS;PFKL;KLF6;SPCS1;DES;AXL;MGP;ZYX;CD9;VIM;P4HB;EIF3F;GRINA",2.54237288135593,3
"79","dexamethasone homo sapiens gpl8300 gse8546 chdir down","110/252",1.27158765257554e-23,1.12350402721231e-22,0,0,2.58288719827181,136.167723276285,"GUSBP11;FAM89B;RPL34;BACH1;RPS14;CCND3;ZFP36;RPS19;RPS18;BASP1;CREB3L2;AP1S2;PIEZO1;RPL38;NBN;CAPN1;B2M;JUNB;SLC16A3;AP2M1;RPS12;TSPYL2;ST6GAL1;TLE1;RPS8;UGT2B15;HLA-C;ATP11B;ATP1B1;SND1;COX6B1;CTDNEP1;COX7A2L;JTB;TXNIP;SNRPE;IL6ST;S100A9;S100A8;FKBP5;GYPC;CTBP1;MAZ;LARP1;CYB5R3;NDUFV1;S100A10;BTF3;SURF1;RPL41;NSUN5P2;EEF2;SMARCA2;PRDX6;NFKBIA;P4HA1;ID1;SDC1;MAGED2;RPS21;ARF3;SLC25A1;ITGB1;RERE;ACADVL;BTG1;CLINT1;RND3;LASP1;SNRNP70;C9ORF16;RAC2;CTSH;TIMP1;CNPPD1;CD53;SUN2;DUSP2;DUSP6;TGFBR2;ASAH1;RPL12;GSTP1;RPL11;RPL36A;NDUFB1;COX5B;RELA;GNAI2;UCP2;RPL14;RPL13;EPS15;SEC11A;EIF4B;MBD4;PTPN18;TAF10;USF2;ASS1;PPP1CA;P2RX5;HNRNPA2B1;FOSB;EIF3E;PLP2;PNPLA6;EIF3F;EIF3D;PNPLA2",6.36363636363636,7
"80","estradiol homo sapiens gpl96 gse2251 chdir down","64/107",1.70396689686861e-23,1.48671111751786e-22,0,0,3.53923574628104,185.549736260098,"RPL4;RPL3;SERPINA1;RPL31;RPL34;MT1X;SAT1;HK1;LAPTM4B;LGALS3;MT2A;RPS18;RAC2;TIMP3;RPL38;CTSD;IGFBP4;IGFBP3;RPS6;ITPK1;RPL13A;SERPINB6;EEF1G;MT1F;MT1G;TFF2;MT1H;TFF1;NBL1;MT1E;CD63;CEBPB;RPL12;RHOBTB3;RPL36A;GLRX;ATP1A1;HIGD1A;HSP90B1;CST4;PLAC8;CST3;SLC9A3R1;CST2;MUC1;AGR2;S100A10;ZNF185;LAPTM5;ATP2B4;INHBB;ISG15;EEF2;TPD52L1;NFKBIA;KRT19;RPS27;RPS29;GNAS;CD9;VIM;AGRN;TPT1;PNPLA2",1.5625,1
"81","doxorubicin homo sapiens gpl570 gse11940 chdir up","105/236",2.12234848044343e-23,1.82888794981422e-22,0,0,2.63263464045733,137.441782629599,"RPL3;ACAA2;RPL31;HP;RPL8;RPL10A;CLDN1;RPL9;RPL7;LGALS4;EEF1B2;RPS14;RPS16;RPS19;FAM162A;FTH1;RPL38;RPL37;RPS11;B2M;RPL39;TRIM22;RPS12;PHYH;RPS7;RPS5;RPS6;UGT2B15;HLA-C;RPSA;TM4SF4;ALDH3A2;RPL29;RPL28;CES1;COX7A2;HIGD1A;ADH5;CNN3;PRDX1;PACSIN2;FDFT1;HSPA8;RPL41;H3F3B;EPHX1;TMA7;GLUD1;TF;RPS27;AKR1B10;RPS29;RPL27A;ID1;RPS20;CD24;RPS24;COX7B;ORM1;RPLP0;HMGCS2;HTATIP2;HSP90AA1;DESI2;RPL13A;RPS3A;RHOC;DYNLL1;EEF1G;UGDH;CYP2A7;CYP2A6;TUBB2A;EEF1D;RPL37A;CAT;ADH1B;RPL12;ADH1A;HIST1H2BK;UGT2B28;TYMS;CYP3A4;CRYZ;PGRMC1;RPS15A;RPS3;RPL13;STOM;RPL15;RPS2;RPL18;RPL17;CYB5A;GSN;AKR1C1;AKR1C3;RPL23A;AKR1C4;GATM;MYO1B;OSTM1;GSTA1;APOC1;TPT1",1.9047619047619,2
"82","rosiglitazone rattus norvegicus gpl341 adipose tissue gds3850 chdir down","128/318",2.28019891101673e-23,1.94094980474351e-22,0,0,2.38174984183692,124.172991154546,"IFITM3;IFITM1;OXTR;RPL30;SPARC;ARL6IP1;RPL34;CLU;EEF1B2;LGALS3;LAPTM4B;FCGRT;DPYSL2;ARHGDIA;ARHGDIB;CYP1B1;RPS11;TMSB10;WDR83OS;PDGFRA;RALBP1;PHYH;IGFBP5;IGFBP4;FNDC3B;RNASE4;RPSA;RAB31;PRKAR1A;MXRA8;SPARCL1;S100A4;RPL29;RPL28;FKBP2;CD151;HTRA1;MRPL17;NREP;NDRG1;HSP90B1;CYB5R3;SERPINH1;IGFBP6;PCK1;CD99;S100A10;CTSA;EGR1;JUP;H3F3B;GADD45A;FUS;FUCA1;ARPC4;IGF2R;HNRNPL;DAP;RGCC;COL5A1;RPS29;ID1;PLXNB2;DEGS1;TGFBI;DHCR7;SERINC3;PAM;FERMT2;RERE;WDR1;PEPD;MSLN;RPS4X;SCPEP1;CAPZB;NPTN;IDS;TIMP3;PMEPA1;TMEM109;ACTR2;ANXA2;H2AFZ;MMP2;ANXA5;SSR3;FOS;DCN;EEF1G;MDFIC;MYH9;LCP1;CRYAB;C1QA;CAB39;C1S;SEMA3C;RPL12;PON2;NEDD8;CRIP2;GNAI2;SELENBP1;RPS15A;U2AF2;RPS3;SNCG;RPL15;RPS27A;CBR3;GSN;TMEM176B;TMEM176A;LAPTM5;S100B;DHRS3;KLF2;GATM;MARCKS;NFIB;AXL;PMP22;CD248;FAU;GPD1L;FMOD;PF4",0.78125,1
"83","sirolimus rattus norvegicus gpl1355 gse19366 chdir up","124/307",7.82340594753003e-23,6.57920162816381e-22,0,0,2.38999286856967,121.656222748485,"RPL4;NCKAP1;RPL30;SPARC;RPL3;TFRC;RPL31;RPL34;DEFB1;CALML4;SAT1;RPS15;RPS14;MT2A;RPS16;CCND1;APMAP;PLAU;MPC1;FTH1;ARHGDIA;RPL35;RPL37;RPS11;RPS12;BNIP3L;PHYH;RPL21;RPS7;IGFBP5;RPS8;IGFBP4;RPL23;RPS5;IGFBP3;SLC11A2;RPS6;ATP1B1;SCAMP3;COL4A2;COL4A1;ETHE1;RPL24;RPL26;PFN1;RPL28;LRPAP1;AK4;HSD11B1;SLC9A3R1;APOM;PODXL;PGK1;PROM1;MPST;HSPA8;RPL41;H3F3B;FUS;NR2F2;EEF2;CP;HNRNPL;GLUD1;TF;RPS27;RPS29;FAT1;UBE2N;CRYL1;RPS20;MAN2B1;ACO1;CD24;LRP10;NOP10;CLIC4;GDI1;UBL5;ESM1;LBH;CTSH;SLC37A4;SPTAN1;COX8A;SLC13A3;DCXR;RPL13A;EDF1;MLF2;RHOB;CTDSP1;CAT;MYH9;NDUFS2;DNASE1;CRYAB;PFDN5;RPL36A;NEDD8;LRP2;CRYZ;CST3;RPS15A;DDT;RPL18;RPS27A;RPL17;DYNC1H1;CYB5A;NDUFA6;SMAGP;NDUFA1;RPL23A;AGMAT;TM9SF2;DHRS7;GSTA4;MGP;EIF3H;EIF3E;FAU;EIF3F;GRINA",1.61290322580645,2
"84","dexamethasone mus musculus gpl339 gds2314 chdir down","228/726",9.73656330750827e-23,8.09062046266758e-22,0,0,1.8582815785613,94.1843424721245,"EIF4A2;IFITM3;NCKAP1;CHIC2;AHCYL2;IFITM2;SERPINE2;TFRC;CISD1;CALML3;SPINT2;RPL9;RPL7;MYLK;PSMD8;FTH1;PDK4;ATP6V1E1;PTGDS;SEC62;B2M;SOX4;RNASE4;TM4SF1;CD2AP;SFRP4;RBP4;RNF128;FDX1;RBP1;SPARCL1;TXNIP;RPL26;ATF4;BEX4;LRPAP1;MAGED1;PDGFA;WDR61;IQGAP1;GLG1;HSD11B1;TGOLN2;PRDX4;CYB5R3;APOM;RRAS;APOE;SPTBN1;S100A10;ABCA1;CTSA;WWTR1;H3F3B;FUCA1;GNG11;EHD4;SLC6A8;FXYD3;RPS29;RPS20;FXYD5;CD320;ITM2C;CDS2;DAZAP2;CLIC4;BTG1;CDKN1B;CITED1;HEXA;CTSZ;FAM102A;CSRP1;CTSK;TMED3;TIMP3;CTSH;SDF4;CTSD;CTSB;NDEL1;PSENEN;TMED9;EDN2;ANXA3;DUSP1;TNNC1;ITPK1;SFTPD;EMP1;RRAS2;FOS;RHOC;F3;RHOB;CLDN10;CRYAB;ATP6V0C;ARF6;PCYOX1;GRN;TAGLN;WDR26;SLC20A1;CRIP2;CST3;SCEL;SULT1E1;RPL13;TBL1X;RABAC1;RNF130;BRD4;EGLN3;GSN;GUCA2B;PDZK1IP1;YIF1A;TM9SF2;FABP5;KRT14;PLP2;YPEL5;LAMTOR5;CD81;NR3C1;CLU;ACTG2;EEF1B2;LAPTM4B;CHCHD2;APMAP;FCGRT;PLS3;BNIP3L;PDGFRA;S100A1;IGFBP3;F2R;UBE2E1;ATP1B1;PDIA5;RAB31;COL4A2;ADAM9;NUPR1;VCL;HIST1H2BC;ATP6V1A;CD151;TMED10;H6PD;HTRA1;TNFRSF11B;NREP;NDRG1;CNN3;SOCS2;SDCBP;DDRGK1;PODXL;IGFBP6;MCL1;OSBPL9;IVNS1ABP;PRNP;SMAD1;SMAD4;CEP350;EPHX1;DHCR24;INHBA;HOPX;NFKBIA;GCLC;RGCC;MKRN1;LCN2;CPE;TPP1;SERINC1;SERINC3;NOP10;LGALS3BP;HSPB8;SLC2A1;RPS4X;PMEPA1;TMEM109;LBP;HIST1H1C;SRGN;SUN2;ATP6AP1;HAUS4;PLAUR;WIPI1;DCN;TGFBR2;TAPBP;ACTA2;NPC2;ALDH1A2;TMBIM1;RPL37A;ATP6V1B2;RBMS1;LUC7L2;CEBPB;ROCK1;NDUFB6;CEBPD;POLDIP3;HSD17B12;HSD17B11;EIF4H;DNAJB9;KLF4;PNRC1;MARCKS;KLF6;MGP;PMP22;CD9;KRAS;SMAP1;TPT1",5.70175438596491,13
"85","ethanol rattus norvegicus gpl85 gse1997 chdir up","84/172",2.98949783467173e-22,2.4549052807069e-21,0,0,2.88977569836246,143.22238874882,"PYGB;RPL30;MTCH2;RPL3;CD81;RPL31;PPP2R2A;YBX1;RPL8;PHB2;RPL9;NRGN;RPS4X;UCHL1;RPS16;PSMD4;CAPNS1;IMPA1;BASP1;SNRNP70;FTH1;BSG;RPL36;RPL35;TMED2;RPL37;RPS11;TMSB10;COX8A;ACOT7;MAP2K2;TPI1;RPS7;DYNLT1;RPS8;RPL23;RPS5;RPS6;NDUFC2;RPS3A;ATP1B1;DYNLL1;COPZ1;PSMA6;PCP4;PRKAR1B;SPARCL1;RPL26;TAGLN3;RPL29;SLC25A4;ATP6V1A;VCP;STXBP1;MGST3;RPL11;SLC1A3;COX7A2;UQCR11;NEDD8;COX5B;ADD1;GNAI2;GNG10;DNPEP;RPS15A;SPOCK2;PSMB1;PGK1;NDUFV2;RPS27A;GABBR2;HSPE1;MT3;HIGD2A;RPS26;NELL2;RPS25;GLUD1;FABP5;GNAS;HNRNPC;DYNLRB1;RPS21",3.57142857142857,3
"86","doxorubicin homo sapiens gpl10558 gse42531 chdir down","346/1265",3.72706006445246e-22,3.02498595928816e-21,0,0,1.61844844119092,79.8562728866685,"IFITM3;IFITM1;IFITM2;SERPINE2;RPL34;UBE2L6;MT1X;TMEM97;IFI35;IFI30;RPL8;RPL9;IFIT3;RCBTB2;TPGS2;IFIT2;HERC5;UXT;MT2A;ALCAM;MPRIP;CLP1;DHX58;BSG;NAMPT;TNFSF10;PDK4;IL12A;PIP4K2C;SOX9;ATP6V1E1;LGALS8;TRIM21;IER5;JUNB;B2M;HERC6;MEF2A;UNC13B;TSPYL2;STARD3;TSPYL1;RSAD2;DNAAF1;HLA-B;HLA-C;PHKA1;HLA-F;SLC5A6;IFI27;RRAGC;NINJ1;PSME2;YME1L1;HECA;RBCK1;TLN1;ATP6V0D1;TP53;NBL1;ATF3;CFB;IDO1;EPHA2;ZNF274;CRABP2;IGSF3;RRAD;MAGED1;SUPT4H1;NMD3;APOM;ZNHIT1;MICAL1;NEU1;S100A13;HIST1H3F;HIST1H3H;HIST1H3I;SERF2;PCK2;HOXC6;STAT5A;CTSA;EGR1;JUN;SURF1;ACD;JUP;GADD45B;GADD45A;EDEM1;FUCA1;BSDC1;IFI44;LARP6;CIDEC;PARP12;BST2;CYP26A1;RNF103;RPS29;ATG2A;SERPINI1;ADA;ITM2C;HIST2H2AA3;ARF3;BTG2;PIGT;BTG1;FKBP14;CITED2;MTMR14;MRPS11;SRP54;WDR45;N4BP2L2;WFDC2;UBL5;MMP25;ING2;CSRP2;NMRK1;NANS;CTSB;DUSP5;LYPLA2;ATP6V0B;FOXD1;DUSP1;RIPK2;SPHK1;TESC;GFRA1;BAZ1A;COQ10B;FAHD2A;APRT;DDB1;RNF167;MED24;TUBB2A;CDC42EP4;AIDA;ATP6V0C;ARF5;HBEGF;NAPA;PTGER4;CD63;GRN;CAB39;COX5B;TANK;TMEM164;PBLD;CST3;CXORF40A;EXTL2;HLA-DMA;OS9;RPL13;STX4;MSX1;CBR3;PEX16;IL32;CDKN2B;CDKN2C;CRBN;GCH1;CD70;GAD1;SCD5;DHRS1;BLCAP;MPP6;PSMB8;PSMB9;FKBP1A;LYRM4;CCNG2;ZYX;FOSB;ESYT1;AGRN;YPEL5;LY6G5C;LAMTOR3;GRINA;CD83;NARF;NDUFA10;MPL;BCCIP;ARID4B;OLFML2A;SAT1;IFI44L;RGS2;ZFP36;ABHD11;SLC16A6;CIR1;MAP3K8;PIM2;ACAA1;HIST1H2AC;MYLIP;KDM2A;TAP1;LEMD3;TPST2;ACLY;GOLGA8B;TMX4;COL4A1;MAPKAPK2;FSCN1;UTS2;IL6ST;SNRNP200;RHCG;VCL;HIST1H2BD;ATP6V1A;SLC41A3;AK1;UBR4;CLEC16A;GSTT2;DDX60;NDRG1;FOXO1;CORO1B;SDCBP;MPDU1;EPHX1;M6PR;ISG15;TDRD7;TOR1B;NFKB1;CLK3;C1ORF61;DRAP1;BMP4;EFNA1;NFKBIA;RGCC;NAT1;P4HA1;P4HA2;SP4;MAN2B1;XAF1;LRP10;NFE2L1;ACADVL;AKAP8L;TNFAIP2;TNFAIP3;CXCL1;TNFAIP1;RND3;NRGN;RND1;OASL;CASP7;LBH;CA2;ZNF646;EFHD1;MFSD1;UPP1;TAPT1;NKX3-1;POLG;DSP;SRGN;GPX4;ITGA3;DDX58;MSL3;NDUFC1;LSR;ARFGAP2;TAPBP;ACTA2;PKM;AIM2;IRF3;OAS1;NPC2;ACOX1;OAS2;IRF1;PPDPF;OAS3;IRF7;CRY1;ITGA5;MTRF1L;IRF9;BIRC3;OTUB1;PPP1R15A;CEBPB;GTF3C5;CEBPD;TUFT1;USP11;HIST1H2BK;NDUFB1;PRCP;GLRX;TOB2;USP18;PSMB10;PTHLH;CYTH2;NXF1;DRAM1;SLC25A28;DDT;DNAJB4;STOM;HES1;SEC23B;GBP1;KCNJ4;NDUFA7;TAF10;MX1;SLC50A1;SOD2;HSPE1;ASS1;TTC17;GALE;MARCKS;CDK2AP2;CD9;GLA;BET1",2.89017341040462,10
"87","imatinib homo sapiens gpl571 gds4175 chdir up","88/186",4.75796336736021e-22,3.81730854070969e-21,0,0,2.79951644715913,137.448005513785,"RPL4;EIF4A2;RPL3;GUSBP11;CD81;RPL34;USP34;RPLP0;TNFAIP3;PIK3CD;HMGB1;RBPJ;RPL8;NR3C1;RPL9;SAT1;RPL7;VPREB3;RPS4X;RPS16;LGALS1;TUBA1A;RPS19;RPL35;RPLP2;RPL37;TIMP1;SOX4;OFD1;DUSP2;MME;RPL23;HLA-B;NBPF10;HLA-C;RPL13A;RPS3A;C6ORF62;HLA-F;QRSL1;EEF1G;ZNF91;PRKAR1A;EEF1D;RPL24;TXNIP;RPL29;EIF1B;PFDN5;ATF4;HLA-DQB1;ASAH1;SET;INSIG1;RPL12;HSD17B11;RPS15A;RPL14;RPL13;RPL15;RPS2;RPL18;RPL17;SERF2;SPTBN1;BTF3;GADD45B;H3F3B;ST13;LAPTM5;RPL23A;EEF2;NFKBIA;BCL6;RPS29;RPL27A;TCEA1;EIF3E;TCF3;EIF3F;CD24;YPEL5;OGT;EIF3D;EIF4G2;ADA;SERINC5;NUCB2",0,0
"88","estradiol homo sapiens gpl571 gds4052 chdir up","316/1132",9.37862692140273e-22,7.43895635356717e-21,0,0,1.65178664770945,79.9769305099573,"EIF4A1;TFRC;GUSBP11;SERPINE2;TRAF3IP2;POP1;XYLT1;ABAT;CALML4;PWP2;AQP3;MYLK;HERC5;RNF114;ZMIZ1;MYC;RPS6KA2;CYP1B1;PXDC1;SMCO4;SKP2;IER5;TNS3;PDK1;CPT1A;TIPIN;ATP6V0E1;SFMBT1;METTL1;DNAAF1;SLC11A2;WDR74;PDZK1;WDR77;PSG9;CFDP1;ARMC6;MT1F;CCDC86;TFAM;SIK1;KCTD12;TLN1;MXRA5;PTGES;GATA6;ENDOD1;MGST2;BCL10;CYP27B1;LARP1;RAB11FIP1;CHST11;INPP5F;STC2;GSE1;ZNF267;HOXC6;EGR3;CADM1;GADD45B;TIPARP;RANBP17;GREB1;MICAL2;NFATC1;NR2F2;CP;SMARCA2;EXT2;CYP26A1;UCK2;TBL2;COL9A3;FARSA;SERPINA1;CITED1;CITED2;AP4E1;PRKAG2;MRPS10;ADO;HOXC11;PFAS;HOXC10;WDR43;FAM102A;NKRF;NMRK1;UIMC1;ARIH2;UTP14A;CTSD;EDN2;SSR3;ITPK1;NBPF10;EN2;MRPS2;AEN;AMPD2;FOS;GAB2;SLC39A14;CBFA2T3;RHOD;F5;RHOB;SLC7A5;SLC7A6;MED24;SLCO4A1;PTRH2;ARHGEF3;WAC;CHST1;TFF2;TFF1;SLC29A1;CRYAB;FJX1;ARF6;HLA-DQB1;PCYOX1;ZNF473;LRRC15;FOXC1;ZNF593;STX16;TIMM9;PTN;SLC7A1;TMEM164;PTGS1;AKAP1;CXORF40A;TUBA3D;EXOSC5;OLFML3;FLNB;MGAT2;MSX1;CHML;RPL17;CXORF40B;ZNF586;PAK4;IL32;CA12;FARP1;ZNF460;GAD1;KRT13;FAM189A2;DOHH;BLCAP;DHRS3;BYSL;BATF;KRT19;DLC1;MARS;TSR1;ZNF331;SCARB1;CD83;POGK;PLOD2;PLAT;OLFML2A;SLK;CCND1;SLC16A6;PIM1;MAP3K8;OSTF1;SLC16A3;PHLDA1;SYBU;MAP3K5;RAB2A;CARD10;MREG;CISH;IGFBP4;FST;DIO1;PAM16;NPY1R;KAZN;DGKZ;GEM;ARMCX3;ALDH3A2;ZNF91;RAB31;MRTO4;MAPKAPK2;SCNN1A;ARMCX6;GEMIN6;IL6ST;FKBP4;S100A7;SIDT2;ABCG2;RAI14;COPA;ARHGEF26;MAX;ARL3;NOP2;RHOBTB3;ITPR1;HTRA2;SLC1A4;HSP90B1;SLC9A3R1;PODXL;ISOC1;PLXNA1;NOP14;AUTS2;WFS1;FBXO34;INHBB;LSM2;SMAD7;NR4A2;CXCL10;MAFB;DNMBP;STK24;BCL6;P4HA2;SP3;MDM2;CRYL1;TUBGCP3;DHCR7;CPM;HSPB8;AKAP8L;AMD1;WDR4;FHL2;SLC2A1;BICD2;HK1;DUSP11;CASP7;PSTPIP2;CYP2R1;EFHD2;MAN1A1;A4GALT;MYBL1;PELP1;IDH3A;CR2;DST;AHSA1;NAV2;ARFGAP3;UTP18;SLC25A15;SLC25A17;NPC1;EEF1D;RASA4;RPL37A;BLVRB;ST6GALNAC4;BIRC3;LTF;OTUB2;CEBPB;CANT1;SEMA3C;MVP;CCDC69;DDX21;RRBP1;USP18;SRM;AP3M2;SLC25A28;NCLN;PDLIM2;RAB40C;CHSY1;LRIG1;CCL2;DNAJB9;FYN;HES1;ABCF2;SH2B3;SH2B2;SLC25A24;CYB5A;KDM4B;ZNF185;C14ORF132;TPD52L1;KLF4;TPD52L2;OXR1;FAM155B;RPIA;PDCD4;ESF1;CHPT1;GPD1L;GLA;SLC25A36",5.37974683544304,17
"89","letrozole homo sapiens gpl96 gds3116 chdir up","57/94",1.71638222678598e-21,1.34610651044563e-20,0,0,3.58806496286038,171.559982961264,"COX7B;SPARC;RPL34;CLU;AQP3;LIPA;HEBP1;RPS18;CTSK;ARHGDIB;TNFSF10;RPL38;CD36;PRKACB;RPS12;MMP2;SERPINF1;BGN;RPL13A;TBC1D9;RPS3A;TM4SF1;DCN;TGFBR2;EEF1G;SFRP4;NPC2;COL6A2;ARMCX6;SPARCL1;TXNIP;LTF;CFD;CD63;C1S;MAGED1;TACSTD2;HTRA1;UGT2B28;SDCBP;GPNMB;SCGB1D2;UCP2;RPL13;CYB5A;GSN;AKR1C1;NDUFA1;PRDX6;COL1A1;COL1A2;MLPH;MGP;S100P;VIM;CD24;TPT1",1.75438596491228,1
"90","letrozole homo sapiens gds3116 chdir up","57/94",1.71638222678598e-21,1.33114977144068e-20,0,0,3.58806496286038,171.559982961264,"COX7B;SPARC;RPL34;CLU;AQP3;LIPA;HEBP1;RPS18;CTSK;ARHGDIB;TNFSF10;RPL38;CD36;PRKACB;RPS12;MMP2;SERPINF1;BGN;RPL13A;TBC1D9;RPS3A;TM4SF1;DCN;TGFBR2;EEF1G;SFRP4;NPC2;COL6A2;ARMCX6;SPARCL1;TXNIP;LTF;CFD;CD63;C1S;MAGED1;TACSTD2;HTRA1;UGT2B28;SDCBP;GPNMB;SCGB1D2;UCP2;RPL13;CYB5A;GSN;AKR1C1;NDUFA1;PRDX6;COL1A1;COL1A2;MLPH;MGP;S100P;VIM;CD24;TPT1",1.75438596491228,1
"91","rosiglitazone homo sapiens gpl96 gds2705 chdir down","132/349",3.54766686426929e-21,2.72117744094501e-20,0,0,2.23800885030773,105.383353552086,"RPL4;EIF4A2;EIF4A1;RPL3;RPL31;RPL34;HDLBP;HNRNPU;WBP1L;MT1X;RPL10A;CLU;RPL7;EEF1B2;RPS14;MT2A;RPS19;RPL36AL;BASP1;RPL35;RPL37;RPS11;B2M;GYG1;AP2M1;MT1HL1;RPS8;IFRD1;ECH1;RPS6;RNASE4;RPSA;POR;PRKAR1B;UQCRC1;TXNIP;MT1H;RPL26;UBA52;ATF4;SIDT2;UBA5;RPN1;GSTT2;KALRN;HSP90B1;PRDX4;TSPAN4;PCK2;BTF3;RPL41;H3F3B;CPSF1;WFS1;FUS;EIF2AK3;EEF2;MANF;GLUD1;MOB1A;RPS27;RPS29;RHEB;GNAS;CD24;EIF4G2;SLC25A3;PTPRF;RPS4X;SEC61A1;LBH;TMED3;TMEM109;MRPL9;UBXN4;TNPO1;SLC37A4;CTSB;DSP;PABPC4;SSR3;RPL13A;ARFGAP3;REXO2;SERPINB6;ARFGAP2;SFPQ;EEF1D;TFF2;CD63;RPL12;GSTP1;RPL11;GNAI3;RPL36A;RRBP1;CST3;SELENBP1;MUC1;RPS15A;NCLN;EPCAM;U2AF2;DDT;RPL14;RPS3;EIF4H;DNAJB9;RPL15;RPL18;RPS27A;RPL17;SEC23B;EGLN2;GSN;YIPF5;AP3D1;DOHH;ARCN1;SPCS3;COL3A1;EIF3K;PDCD4;CDK2AP2;EIF3H;EIF3E;FAU;P4HB;YPEL5;EIF3D;TPT1;BET1",3.78787878787879,5
"92","mifepristone homo sapiens gpl6947 gse39654 chdir down","118/298",5.98982953686355e-21,4.54445762688126e-20,0,0,2.34303641634566,109.10167252878,"EIF4A1;RPL3;TFRC;RPL31;ECI2;NUCKS1;RPL8;RPL10A;RPL9;RPL7;CNDP2;NARS;RPS14;CHCHD2;RPS16;RPL36AL;ZMIZ1;RPS18;FAM162A;MYC;OSBP;RPL35;RPS11;B2M;RPL39;TMEM14B;RPS12;ACOT7;RPL21;LIMCH1;RPL23;RPS5;RPS6;F2R;ACSL3;RBX1;RPL26;PFN1;AURKAIP1;FKBP5;INSIG1;STK39;TXN;HIGD1A;HSP90B1;CYB5R3;PNPO;CYC1;NAE1;FDFT1;HSPA8;SIVA1;EEF2;PRDX6;MRPL24;MANF;RPS25;GLUD1;RPS27;RPS29;SRPRB;DEGS1;RPS24;CNIH4;EIF4G2;UBE2M;COX7B;BTG1;SLC35F2;RPLP1;AMD1;YBX1;PTPRF;RPS4X;TRMT112;TUBA1A;XPO1;SUMO2;RPLP2;PMEPA1;NKX3-1;CCT3;ABCC4;ATP6V0B;HSP90AA1;H2AFZ;DCXR;SORD;RPS3A;RHOC;DYNLL1;DDB1;PSMA6;PSMA4;CREB1;RPL37A;PFDN5;RPL11;GGA1;RPS15A;PSMB1;LRIG1;RPS2;POLR2H;RPL18;RPS27A;ATP6V0E2;UBQLN2;CYB5A;CNBP;RPA2;RPL23A;HSPE1;HNRNPAB;EIF3K;HNRNPA2B1;CHPT1;SSBP1",3.38983050847458,4
"93","vitamin c homo sapiens gpl6884 gse16590 chdir down","139/378",6.35728647419663e-21,4.77138275160134e-20,0,0,2.17588679127141,101.18893052343,"IFITM3;GLTP;RPL4;IFITM1;IFITM2;RPL31;CD81;ECI2;SPINT2;AHR;RPL8;RPL10A;CNDP2;RPS15;GJA1;RPS16;CCND2;RPL36AL;FAM162A;DPYSL3;RPL35;CAPN1;RPS11;SLC16A3;TMSB10;SRRM2;CXADR;RPS6;F2R;HCFC1;TPST2;HGS;CDC37;ERP29;JTB;TMEM126B;AURKAIP1;POM121;MAGED1;DAPP1;ZNF22;TXN;GLG1;HSP90B1;SNX3;PRDX4;ZNHIT3;PODXL;PRDX1;STC2;PGK1;NDN;CYC1;S100A10;BANP;RPL41;PRDX6;PTK2;SMARCA4;MANF;LSM2;CS;QARS;STK24;RPS29;RPL27A;MKRN1;ECHDC2;ALPL;CD24;OGT;RPS24;NOP10;ITM2C;UBE2M;SLC25A3;SLC44A4;RPLP0;QPRT;AMD1;SLC2A1;PYGL;PTPRF;HK1;RPS4X;UCHL1;UIMC1;SUMO2;DHX15;TMED3;PHGDH;HTATIP2;HSP90AA1;TPI1;SORD;RPL13A;NME4;AEN;RPS3A;SRP9;DDB1;PSMA6;CREB1;PLSCR3;TMSB15A;NPC2;EEF1D;PLIN3;PFDN5;LAMA5;TAGLN;RPL12;GSTP1;HSD17B12;COX5B;ADD1;PPM1G;PGRMC1;RPS15A;CHSY1;CBS;RPS3;RPL15;RPS2;RPS27A;RPL17;ABCF1;CYB5A;EGLN2;CNBP;HSPE1;BOP1;MARCKS;EIF3L;PDCD2;EIF3E;FAU;TPT1;FAM50A",2.15827338129496,3
"94","cisplatin homo sapiens gpl570 gse15372 chdir up","116/291",6.81936749032997e-21,5.06374309388332e-20,0,0,2.35873035238618,109.526512261863,"EIF4A1;RPL30;RPL3;PARK7;RPL8;SRP14;RPL9;RPL7;RPS15;EEF1B2;RPS14;MT2A;GJA1;CHCHD2;RPS16;FAM162A;RPL35;RPL37;B2M;RPL39;RPS8;RPS5;RPS6;RPSA;EML4;ALDH3A2;SUB1;FDX1;VDAC3;RPL24;JTB;MXRA7;ALDH7A1;ATF4;CDC42SE1;ATP6V1A;VCP;DLX2;CRABP2;TWF1;HSP90B1;SNX3;NCSTN;LARP1;PRDX1;DND1;PGK1;SNX7;FDFT1;MCL1;BTF3;EGR1;RPL41;H3F3B;TMA7;PUM1;EEF2;MRPL24;MLLT11;HNRNPM;RHEB;RPL27A;GNAS;RPS20;HNRNPC;LSM14A;DAZAP2;BTG3;CLIC4;COX7B;RPLP0;HMGB1;ANXA7;ACTR2;HSP90AA1;PRMT1;H2AFZ;RPL13A;NDUFC2;C6ORF62;SERPINB9;SRP9;ACTA2;EEF1G;PSMA4;NDUFS2;PFDN2;CRELD2;DLD;RAB1A;RPL12;RPL11;TYRP1;HDAC6;CRYZ;RPS15A;PSMB1;RPS3;RPL13;CCT8;RPS2;SEC11A;BRD4;RANBP1;RPL23A;CDC42BPA;COL3A1;OSTM1;PSAT1;PSMC2;HNRNPA2B1;EIF3E;P4HB;GLA;TPT1;PNPLA2",5.17241379310345,6
"95","celecoxib homo sapiens gpl8300 gds3384 chdir down","123/318",9.11315017801761e-21,6.69576718342767e-20,0,0,2.28871273864017,105.611661763222,"FCGBP;AHCYL2;TFRC;IRS1;PITPNB;MT1X;ATP12A;AQP3;CLU;IFIT3;IFI44L;ACTG2;RPS6KA3;FCGRT;ANPEP;AP1S1;SOX9;PRKACB;HIST1H2AC;KRT6A;SPINK4;RSAD2;SPINK5;UGT2B15;ACOT13;RNASE4;RAB31;MALL;NAAA;MT1F;MT1H;SIK1;RBCK1;KDELR3;ATF3;MT1E;CFD;ATP6V1A;CTBP1;RHOBTB3;BCL10;MST1L;TGOLN2;NKX2-1;PCK1;TSPAN1;MPST;GFPT1;ISG15;TOR1B;NR4A2;COQ2;SLC6A8;AKR1B10;SCCPDH;NAT1;FXYD3;NMU;CDK13;C5ORF30;SLC25A1;PIGR;SYNM;CTSZ;CTCF;OASL;CA9;HMGCS2;TMED7;NCK1;DUSP5;ANXA2;DUSP1;TBC1D9;FOS;UGDH;OAS1;MEP1A;OAS2;AGPS;PCCB;TFF2;TFF1;DSG2;CRYAB;SMPDL3A;HLA-DQB1;HBEGF;PTGER4;SATB2;ADH1A;LAMA3;NEDD9;HMGCR;AGPAT2;NRAS;SRPX2;MUC2;GPA33;UCP2;HSD17B2;AGR2;HES1;CCL18;CRYM;EIF4E;CA12;SLC12A2;DMTN;MGMT;NR1H3;PNMA2;KLF4;KLK11;KRT19;RIT1;DES;KRT16;KCNS3;APOC1;FOSB;PTPN7;PF4",2.4390243902439,3
"96","gefitinib homo sapiens gpl570 gse20854 chdir up","119/304",1.24428318232677e-20,9.04697563816758e-20,0,0,2.31625661787605,106.161319061434,"EIF4A1;RPL30;RPL3;MT1X;NUCKS1;RPL8;RPL10A;SAT1;EEF1B2;RPS14;LAPTM4B;MT2A;CHCHD2;RPS16;RPS19;RPS18;PLAU;RPL35;DENR;RPL38;BANF1;RPS11;B2M;PHLDA1;TMSB10;TMPO;RPS7;RPS6;RPSA;TM4SF1;PRKAR1A;RPL24;JTB;PSME2;HOXB2;SNRPE;ERH;RPL26;RPL29;PFN1;RPL28;SET;ANP32A;SHC1;TXN;HSP90B1;SNX3;TMEM123;PRDX4;PRDX1;PGK1;MCL1;NAA50;BTF3;WWTR1;HSPA8;H3F3B;GADD45A;HMGA2;INHBB;PRDX6;DHFR;RPS27;RPS29;RHEB;RPL27A;GNAS;RPS20;LSM14A;RPS24;ITGB1;RPLP0;RPS4X;SUMO2;RPLP2;EIF5B;HSP90AA1;TPI1;TNFRSF12A;DYNLT1;PRMT1;H2AFZ;PLAUR;EMP1;RPL13A;RPS3A;PSMA6;PSMA4;ASPH;RPL37A;TMBIM6;CD44;RAB1A;RPL12;AMIGO2;NEDD8;COX5B;PGRMC1;U2AF2;PSMB1;RPL13;NUP43;RPL15;RPS2;RPL18;SEC11A;CTNNAL1;TIMM8B;RPL23A;HSPE1;HNRNPAB;SPCS1;EIF3K;HNRNPA2B1;FAU;VIM;SSBP1;TPT1;LIMS1",2.52100840336134,3
"97","zinc acetate homo sapiens gpl570 gds1617 chdir down","146/408",1.27174632675177e-20,9.15132923786328e-20,0,0,2.11741501334261,97.0015573609445,"RPL4;EIF4A2;RPL3;TFRC;ARL6IP1;RPL34;HNRNPU;MT1X;NUCKS1;EPRS;RPL8;RPL10A;RPL9;RPL7;TOMM22;MT2A;RPS16;PSMD4;RPS19;FAM162A;ARHGDIB;SLC16A7;BANF1;PRKACB;B2M;TMEM14B;MT1HL1;TMPO;RPS12;BNIP3L;SLC38A1;ST6GAL1;RPS7;RPS8;RPL23;RPS5;RPS6;DNAJB14;SDHC;CYBA;DICER1;PDIA4;SYPL1;PRKD3;MFNG;CDC37;MT1F;TFAM;MT1H;RPL29;ATF4;ANP32A;PRKDC;SHMT2;RPN1;DAPP1;HSP90B1;SEL1L3;TMEM123;PRDX1;TPR;PGK1;NADK;MCL1;HSPA8;RPL41;CBX5;H3F3B;FUS;ARPC4;EEF2;MARCH6;HNRNPM;CDK6;STAG2;BCL6;P4HA1;RPL27A;MDM2;STT3A;HLA-DRA;HNRNPC;RSL24D1;OGT;ZNF652;RPS24;GPI;DAZAP2;TRAM1;CLIC4;BTG1;RNF13;RPLP0;USP34;CTCF;HMGB1;CLINT1;YBX3;HS2ST1;RPS4X;PPP6R3;SUMO2;ANXA7;TMED2;TNPO1;ACTR2;HSP90AA1;MME;H2AFZ;AHSA1;NUTF2;C6ORF62;RPS3A;EEF1G;SLC7A5;DAD1;RPL37A;TMBIM6;LCP1;MS4A1;DCP2;KDM3A;TM9SF3;RPS15A;RPS3;POLR2E;RPL13;IGF2BP3;RPL15;RPS2;RPL18;RPL17;EIF4B;EGLN1;CNBP;GALNT1;LAPTM5;RPL23A;ATP2B1;TM9SF2;PSAT1;P4HB;SLIRP;SLC25A36;TPT1;LIMS1",2.05479452054795,3
"98","etoposide homo sapiens gpl10558 gse33990 chdir down","202/640",1.57710627538567e-20,1.12328589818286e-19,0,0,1.86760355029586,85.1554572206807,"EIF4A2;EIF4A1;CISD1;GPATCH4;RPL8;RPS15;RNF114;RPS16;PSMD4;RPS19;RPS18;RUSC1;MYC;RPL36;CCNL1;B2M;IER2;RPS12;FNBP4;METTL1;CSNK1D;HCFC1;NINJ1;UQCRC1;JTB;CCDC86;PFN1;EIF1B;ATF3;PRR14;BEX4;TMEM87A;ZNF274;POM121;MEPCE;MRPL17;AKAP17A;TXN;MRPL11;GNG10;ZNHIT3;RDH14;AAR2;BANP;BTF3;EGR1;RPL41;SIVA1;H3F3B;GADD45B;GADD45A;TMA7;BSDC1;MRPL22;RPS26;HNRNPM;RPS27;RPS29;RPL27A;TRIP6;HNRNPD;PAF1;MPHOSPH10;CALM3;RPS24;BTG3;BTG2;BTG1;CITED2;RPLP1;MRPS11;RPLP0;MRPL41;TMEM43;NKRF;RARS;TMED3;RPLP2;UTP14A;NDEL1;CCT3;BRD2;ATP6V0B;TPI1;RING1;DUSP1;RIPK2;PABPC4;ANXA5;NBPF10;C6ORF62;AEN;GNL2;DYNLL1;SRP9;RHOB;DDB1;TUBB2B;TUBB2A;PTRH2;SF3B4;SF3B5;ZNF593;FOXC1;TOMM40;SLC20A1;GSTP1;NEDD8;RELA;GGA1;BCLAF1;PSMB1;MSX1;RPL18;RPL17;YTHDF1;EGLN2;CCL20;RPA2;FABP5;HNRNPA2B1;RAB9A;LAMTOR5;CD83;FBXO21;SAT1;EEF1B2;CHCHD2;MAEA;NFATC2IP;TMSB10;RPS6;RPSA;CCNB1IP1;DPM1;PRPF4;MAP7D1;NOP2;ACAT2;SAFB2;NAE1;CYC1;MCL1;HSPA8;UROS;GLMN;NFKB1;CLK3;EFNA1;NFKBIA;NOP10;EIF4G2;UBE2M;SLC25A3;WDR4;TNFAIP3;CXCL1;ITGAE;YBX1;SEC61A1;NUP62;UQCRFS1;UPP1;HSP90AA1;RBM14;GPX4;H2AFZ;BUD31;CTPS1;RPS3A;PTBP2;EEF1G;CREB1;IRF1;TMBIM6;MTRF1L;PPP1R15A;WBP2;NDUFB2;NXF1;SLC25A28;U2AF2;TDG;POLR2F;POLR2H;ABCF1;CNBP;CCDC59;HNRNPAB;SNRNP40;KLF6;EIF3L;EIF3I;CDK2AP1;STUB1;EIF3E;EIF3F;SLIRP;EIF3D;GLA;TPT1;RPL26L1",5.44554455445545,11
"99","estradiol mus musculus gpl81 gse1839 chdir up","203/645",1.82289211334677e-20,1.28523100516772e-19,0,0,1.86229989450025,84.6439093802435,"EIF4A2;RPL3;SMARCB1;SLC35B1;RPL8;PHB2;MYLK;LGALS1;MPRIP;ANPEP;RPL36;SNRPD3;RPS11;IER2;TMPO;RPS12;MEF2A;RPL21;WDR77;NISCH;PRKAR1A;RBP1;SPARCL1;KCTD12;KDELR3;EIF1B;ALDH7A1;BEX4;SET;ANP32A;CTBP1;MAGED1;CSTF2;ATXN7L3B;PIK3R1;ADH5;DHX30;GNG10;NUP85;SERPINH1;GAR1;RSU1;S100A10;EGR1;TEX30;CADM1;SIVA1;H3F3B;COL1A1;STAG2;ID1;HNRNPD;CALM3;MAGED2;FERMT2;RPS24;ITM2C;GDI1;RPLP1;ADK;TUBA1A;XPO1;TIMP3;TMED7;CCT3;PRMT1;BGN;EMP2;DYNLL1;RHOB;ITPKB;MDFIC;GAS1;SLC29A1;MATN2;CD63;GSTP1;GPS1;GNAI3;RASIP1;CST3;PGRMC1;RPS3;GPC3;RPL13;MSX1;RPL18;RPS27A;ATP6V0E2;RANBP1;GSN;TJP1;FKBP1A;COL3A1;NFIB;HNRNPA2B1;TCEA1;SCARB1;ACAA2;ZBTB20;PLAT;PARK7;TM7SF3;RPL10A;IPO4;CCND3;CCND2;BANF1;TLE1;TPM4;RPS7;IGFBP4;RPS5;IGFBP3;F2R;WNT5A;WBP11;RBX1;COL4A2;FSCN1;COL4A5;FKBP9;FKBP4;ABCG2;ITPR1;PRPF8;CNN3;TMEM123;BTBD1;NDN;ANKRD10;PLTP;NDUFV1;CD99;HSPA9;SMAD1;HSPA8;CRTAP;SMAD4;ASNS;EEF2;CHERP;QDPR;SP3;DNAJC10;CPE;DEGS1;UBA1;TGFBI;NFE2L1;ITGB1;GSK3A;HSPB8;PTEN;PKD2;HK1;ALAD;RPS4X;CALB1;TNPO1;HSP90AA1;PEG3;H2AFZ;CAD;RPS3A;NAV2;ARID1A;TNFRSF1A;PJA1;ARL4C;SFPQ;TFDP1;EEF1D;RPL37A;MYH9;MCM5;SLC25A4;PRPS1;COL15A1;PDXK;CXXC1;LRP2;SRM;SPOCK2;POLD2;STOM;MAPK1;FYN;UBQLN4;MBTPS1;NDUFA5;CNBP;RPL23A;HSPE1;MARCKS;EIF3K;MGP;PDCD4;PMP22;CDK2AP1;STUB1;RECK;TPT1",3.44827586206897,7
"100","trastuzumab homo sapiens gpl6947 gse31432 chdir up","151/432",3.63947010584367e-20,2.54035013387888e-19,0,0,2.06826649134341,92.5753263804816,"RPL4;GLTP;PROS1;SPINT2;PARK7;CALML4;SRP14;CLDN1;SAT1;RPS15;RPS14;CCND3;CHCHD2;RPS16;OSBP;RPL36;TNFSF10;AKT1;RPL38;BANF1;CAPN1;ATP6V1E1;RPS11;RPL39;KRT6A;TRAPPC2L;S100A2;F2R;ECH1;KRT5;COX6B1;SLPI;PRKAR1A;MALL;SCNN1A;RPL24;NUPR1;AURKAIP1;IDO1;ATF4;TMEM87A;CD151;SAR1B;SHMT2;RPN1;COX7A2;TXN;NDRG1;PRDX3;SLC9A3R1;SDCBP;ZNHIT3;PGK1;CYC1;BANP;BTF3;COA3;EGR1;HSPA8;JUN;SDF2L1;JUP;GADD45A;GFPT1;EEF2;MANF;CS;NET1;EFNA1;RPS25;FXYD2;GNAS;ECHDC2;SDC1;CALM3;RPS20;ITM2C;DAZAP2;SLC25A3;SERPINA1;BTG1;TCF25;RPLP1;ATRAID;DUSP11;RPS4X;AIFM1;TMED3;RPLP2;CA9;CTSB;COX8A;VAV3;BRD2;ATP6V0B;ANXA2;RING1;GPX4;BGN;VPS37C;SORD;MMP10;SERPINB5;EEF1G;SLC7A5;PSMA6;TUBB2B;CREB1;CDC42EP4;TFF3;MYH9;ATP6V0C;WBP2;GSTP1;NEDD8;CRIP2;COX5B;PTHLH;PTGS1;PSMB7;DNAJB1;MUC1;RPS15A;HLA-DMB;RAB40C;EPCAM;PSMB1;UCP2;ERBB2;RPS3;STOM;RPL15;RPS2;RPL18;RPS27A;RPL17;CA12;LAMB3;AKR1C3;KLK11;COL3A1;KRT19;KRT14;SGSM2;NUCB1;EIF3F;SLIRP;SSBP1;TPT1;LAMTOR5;FAM50A",2.64900662251656,4
"101","celecoxib homo sapiens gpl8300 gse11237 chdir up","122/321",7.16653731172942e-20,4.95271588473974e-19,0,0,2.24888938044941,99.1361697008007,"FCGBP;AHCYL2;TFRC;IRS1;PITPNB;MT1X;AQP2;ATP12A;AQP3;CLU;IFIT3;ACTG2;RPS6KA3;FCGRT;ANPEP;AP1S1;SOX9;ATP6V1E1;PRKACB;KRT6A;SPINK4;RSAD2;SPINK5;UGT2B15;ACOT13;TAP1;RNASE4;RAB31;SCO2;ILVBL;NAAA;MT1F;MT1H;SIK1;RBCK1;ATF3;MT1E;CFD;ATP6V1A;CTBP1;RHOBTB3;BCL10;TGOLN2;CD79A;NKX2-1;PCK1;TSPAN1;MPST;GOT1;GFPT1;TOR1B;NR4A2;COQ2;SLC6A8;AKR1B10;SCCPDH;NAT1;FXYD3;CALM3;C5ORF30;SLC25A1;PIGR;SYNM;CTSZ;QPRT;CTCF;OASL;CA2;CA9;HMGCS2;TMED7;ANXA2;DUSP1;TBC1D9;FOS;OAS1;MEP1A;OAS2;AGPS;PCCB;TFF2;TFF1;DSG2;CRYAB;SMPDL3A;HLA-DQB1;HBEGF;PTGER4;SATB2;ADH1A;LAMA3;NEDD9;HMGCR;AGPAT2;PDLIM1;NRAS;SRPX2;MUC2;GPA33;UCP2;HSD17B2;AGR2;HES1;CCL18;CRYM;EIF4E;CA12;SLC12A2;MGMT;SMAGP;NR1H3;PNMA2;KLF4;KLK11;RIT1;KCNS3;APOC1;FOSB;CD9;GPD1L;PTPN7;PF4",2.45901639344262,3
"102","ethanol mus musculus gpl6885 gse46492 chdir up","116/299",8.81408890090446e-20,6.03160201257972e-19,0,0,2.29562051018187,100.721154286145,"RPL4;EIF4A1;RPL31;RPL34;NDUFA10;HDLBP;TMEM97;PARK7;RPL9;SAT1;RPS15;EEF1B2;NARS;RPS16;LGALS1;RPS19;CCND1;RPL38;BANF1;SNRPD3;ATP6V1E1;B2M;RPS12;ACOT7;RPS8;RPL23;HIST1H2AK;RPS6;COX6B1;TUFM;ACLY;MTAP;CARHSP1;PRKD3;SNRPG;RPL24;ERH;PFN1;FKBP4;ATF4;CUTA;VCP;CD151;MAGED1;ACAT2;SNN;PRDX4;PRDX1;EIF4EBP1;CYC1;HSPA9;DARS;HSPA8;RPL41;ASNS;HNRNPL;RPS26;CS;HNRNPM;RPS25;EIF6;QARS;CAPRIN1;RPS20;HNRNPC;RPS24;AARS;RPLP1;LMNB1;RPS4X;PPP3CB;TUBA1A;SUMO2;CCT3;TPI1;PRMT1;H2AFZ;EMP1;RPL13A;DYNLL1;APRT;EEF1G;SLC7A5;DNAJC2;PSMA4;TFDP1;PKM;PSMA2;CSDE1;MCM5;DYNC1I2;CD63;SF3B2;RPL12;GSTP1;CRIP2;UQCR10;HSD17B12;PSMB7;PSMB2;PSMB1;RPS3;EIF4H;MAPK1;CCT8;RPS27A;MAPK6;RANBP1;RPL23A;HNRNPAB;PPP1CA;PSAT1;EIF3L;PSMC2;CDK2AP2;EIF3D",2.58620689655172,3
"103","sirolimus mus musculus gpl1261 gse5332 chdir up","959/4467",9.38406411921082e-20,6.35929782059141e-19,0,0,1.27032823215083,55.6564956560936,"CHIC2;TFRC;ZFYVE9;POP1;TMEM97;PSMD9;LSM12;MPRIP;PSMD3;AKT1;FNBP4;CSNK2A2;DNTTIP2;UNC5C;RFX1;SCAMP3;SCAMP2;SLC5A6;RUFY1;RBP4;PSME3;ETHE1;UQCRC1;TXNIP;RBCK1;ATF3;ATF4;RABL6;SET;CRABP2;SAR1B;SHMT2;GATA6;AGAP1;MRPL17;ZC3HAV1;MRPL12;CYB5R1;MRPL20;LARP1;RHOT1;PRKAR2B;PRKAR2A;ZBTB7B;JUN;TIPARP;EDEM1;MAGOHB;FAM136A;PBX1;MRPL22;DHFR;MLLT11;COL1A1;CS;UCK2;TBL2;EIF6;TDP2;FASN;HYOU1;SFXN1;PSMG2;PKIG;FERMT2;TMEM9B;ARF3;PIGT;SNX10;MRPL34;MRPL35;PQBP1;PCMTD2;HEY1;TMEM43;NKRF;JAK3;ELOVL1;LYPLA2;NSUN5;ACTL6A;MRPL49;RRAS2;LRRC40;BAZ1A;DYNLL1;MED27;SLC39A14;SRP9;MED28;SLC7A5;PSMA6;MED25;PSMA4;PSMA2;PTRH2;AGPS;SLC29A1;CRYAB;DLD;ERGIC2;ARF6;URM1;SLC7A1;PTGS1;GGA1;PSMB7;EXOSC10;PSMB2;UCP2;CLPTM1;FLNC;HARS;BID;EGLN1;EGLN3;EGLN2;GOLM1;MBD1;SAMD4B;TARBP2;ARCN1;TMCO1;BYSL;LETM1;PSMC5;LYRM4;FABP5;WT1;PSMC4;SRRD;PSMC2;UBAP1;TSR1;CIAPIN1;CENPO;MTCH2;NAB1;PLOD3;ZBTB20;PLOD2;CASC3;SAT1;FADS3;LAPTM4B;PMPCB;PMPCA;SLC16A3;MAP3K4;AP2M1;SLC38A1;SARS;POLRMT;RBX1;CDC25B;FTSJ3;ACLY;MRTO4;MAPKAPK2;SNRNP200;ANAPC1;KHDRBS1;TUBGCP2;MAZ;STK39;UAP1;HSP90B1;EIF4EBP1;PGK1;EIF4EBP2;NADK;SOCS5;NOP14;SDF2L1;GOT1;FBXO34;ARPC4;CXCL10;MFHAS1;STK24;MDM2;PIN1;TUBGCP3;ACO1;NOP10;NFE2L1;MCFD2;SLC25A3;ALAS1;PTEN;MRPL4;ALAD;MRPL2;PPP6R1;SUMO2;PPP6R3;MRPL9;PGLS;ERC1;PELP1;ACTR2;EIF5B;HSP90AA1;KSR1;MSL3;AHSA1;TNFRSF1A;ARFGAP2;SLC25A15;TOP1;ITGA5;ST6GALNAC4;SLC25A4;PPP1R15A;PRPS1;ROCK1;NDUFB6;CXXC1;MLLT1;HSD17B12;SRM;PPM1G;SLC25A28;NCLN;U2AF2;KATNA1;EIF4H;IGF2BP3;E2F4;UBQLN4;EIF4E;SEC23B;PPP1R14B;GPKOW;NDUFA5;CNBP;MBOAT7;RPL23A;HNRNPAB;TPD52L2;ATOX1;SLC25A38;NECAP2;TSPAN13;SUCLA2;EIF3L;EIF3I;MGP;PDCD2;STUB1;EIF3E;EIF3D;EIF4A1;AHCYL2;CCNK;SMARCB1;CERK;KEAP1;ZDHHC7;THUMPD1;IFI30;TXNDC15;LGALS3;EFR3A;C1GALT1C1;LGALS1;CPNE1;RCC1;EIF2D;SNRPD3;FBXO7;SCN1B;HERC6;SEC63;TMPO;ALG8;SFMBT1;ALG3;CSNK1D;BCS1L;ANK1;ASRGL1;TM4SF1;SFRP4;CFDP1;NINJ1;CCDC86;TRIB3;PREB;EIF1B;MMADHC;TMEM87A;NRN1;PIK3R3;ZMPSTE24;APH1A;SNX3;TGOLN2;DHX30;NEU1;TSPAN4;RCE1;SNX7;AAR2;SNX5;ATP6V1C1;PCK2;CTSA;XRCC6;SURF1;SMARCA4;MSRA;SDC1;DHX29;RGL1;RGL2;AARS;FKBP11;MRPS16;PPP1R11;MRPS14;GPAA1;MRPS11;MRPS10;OTUD7B;IDE;PEPD;BMI1;RAB22A;PTPRF;ACTR1A;PPP3CB;ACTR1B;DHX15;MLX;ARIH2;PHGDH;NANS;UTP14A;CTSB;NDEL1;COX8A;CCT3;SEC13;MRPS27;WARS;TNFRSF12A;PABPC4;MRPS2;APRT;ENAH;KIF2A;CSDE1;CD47;CRELD2;EEF1E1;FJX1;CD44;SSNA1;MRPS34;MRPS31;DERL2;CRIP2;NEDD8;COX5B;RELA;ORMDL2;PES1;MGAT2;CCT8;EPS15;PAK2;PAK4;PEX16;YIPF5;RPA2;DOHH;PPP1CA;FKBP1A;BOP1;SGSM2;HNRNPA2B1;TCEA1;DPAGT1;SCARB1;ACAA2;AMHR2;CD82;BCCIP;PLAT;NR3C1;UBE2Z;SRP14;ETS2;NARS;CCND3;RGS2;CCND2;CCND1;KHSRP;BANF1;OSTF1;SH3GL1;CARD10;CASK;WBP11;TMX2;GEMIN6;MASP1;RPP25;CARS2;RTN3;TMED10;PSMD14;HTRA1;DAPP1;HTRA2;SLC1A4;SLC1A5;HIGD1A;TAF5L;CNN1;TMEM248;PACSIN2;ISOC1;CYC1;NDUFV2;NDUFV1;YARS;UBE2A;CLK2;QDPR;GCLC;COL5A1;GNAQ;UBA3;UBE2N;UBA1;DEGS1;TCF3;FGF13;GCLM;LSM14A;UBE2M;GSK3A;DDX47;PRKCSH;TNFAIP1;HMGB1;DDX41;TRIAP1;LMNB1;CALB2;SEC61A1;NUP62;UQCRFS1;MYBL2;TTC37;RBM14;ATP6AP1;BUD31;CAD;DDX56;QRSL1;UTP18;EEF1G;SFPQ;VCAN;IRF3;RER1;EEF1D;NUP50;CRY1;OTUB1;TMEM45A;RAP1GDS1;DDX21;SLC3A2;RRBP1;RNF6;AGPAT1;CLCN3;PSMB10;HMGCL;GNG3;CAND1;RAB40C;TNKS2;OXCT1;TDG;POLD2;BNIP2;TMEM208;NUP43;MTA2;TIMM8B;NAA10;TAF10;GALNT1;USF2;GALC;RPIA;GALE;ERCC1;ERCC8;RANGRF;RBM42;KRAS;GPD1L;SLIRP;GLA;FAM50A;NCKAP1;RPL3;MAML1;HNRNPU;GPATCH4;SMC3;EPRS;RPL8;PHB2;EPS8;GJA1;RNF115;TFG;ZMIZ1;CREB3L1;NAMPT;AP1S2;RPL35;PIP4K2A;AP1S1;RPL37;HOXA7;HOXA5;HOXA4;ACOT9;ACOT7;WDR74;WDR73;HCFC1;WDR77;NUP93;MTAP;RNF128;ARMC6;HOXB2;ASF1A;PRR14;GNE;CDC42SE1;LRPAP1;NUP205;POM121;CTBP1;RPN1;BCL10;ADH5;RRP7A;PRDX3;NUP85;PRDX1;GAR1;PNPO;SERPINH1;BTF3;NAA50;RPL41;PHC2;SIVA1;FZD6;SETD1A;MEX3C;PRRC2B;HNRNPL;HNRNPM;GLUD1;SLC6A8;EHD4;HNRNPF;TRIP6;HNRNPD;HNRNPC;CDK13;FARSA;ADA;BTG2;CDKN1B;ADK;LPCAT1;ADO;PFAS;WDR43;MRC2;ING2;IMPA1;AIFM1;IMPA2;RARS;TIMP1;BRD3;BRD2;TPI1;ANXA2;TESC;ITPK1;SSR3;AEN;COQ10B;COPZ1;AFTPH;NSA2;MTF1;GART;HBEGF;SF3B4;NBAS;SF3B2;PHLPP1;TIMM9;GPS1;GCNT1;HSPA14;BCLAF1;ERMP1;LMAN2;PPP1R8;RPL14;RPS3;RPL13;SC5D;RPS2;RPL18;BRD4;YTHDF1;SF3A1;CDKN2C;YTHDF2;WDR18;ELP6;FIG4;GATM;OSTM1;ABI1;ZYX;PLP2;LAMTOR3;NUCB2;FAM49B;IPO4;ABHD11;APMAP;MPC1;NBN;PHLDA1;CSNK1G3;MAP2K1;USP7;MAP2K2;TLE1;IGFBP5;RPS8;DYRK1A;GTF3A;VRK1;CHD1L;VRK2;DGKZ;RAB32;CTDNEP1;ERP29;ERH;RAB38;SNRPE;FKBP4;FKBP3;FKBP5;FKBP2;RAB5C;AK4;AEBP1;HSPBP1;TPR;ANKRD10;MCL1;MPDU1;COA3;AKIRIN1;M6PR;ASNS;DHCR24;LSM5;ADAP1;TOR1B;HOPX;CHERP;LSM2;MOB1A;COPS6;CNOT6;COPS5;CDK6;BCL6;P4HA1;P4HA2;NES;RSL24D1;EIF4G2;CNIH4;RNF187;EIF4G1;PLEKHF2;WDR4;AMD1;DUSP11;SCPEP1;OPA1;EFHD2;TNPO1;SLC37A4;IDH3A;GPX4;SORD;HAUS4;RPL13A;REXO2;DUSP22;DNAJC2;PKM;TFDP1;ASPH;MCM5;CEBPB;SMARCD2;RAB1B;SEMA3A;SELENBP1;DNAJB1;VPS53;POLR2E;POLR2F;POLR2H;CTNNAL1;PTPN11;KLF4;PFKL;SNRNP40;PSAT1;IMPDH1;MGAT4B;POLR3G;ESF1;PFKP;GLTP;SLC35B1;PITPNB;PITPNA;CISD1;PPP2R2A;PWP2;PWP1;NFU1;RPS6KA3;PPP2R1A;RPL36AL;RPS6KA2;ARL6IP5;LONP1;ARFIP2;DPF3;DENR;SKP2;PDK1;AGFG1;TIPIN;METTL1;IFRD1;ACSL5;MRPS18C;RRAGC;VDAC3;TFAM;SUCLG1;TTLL12;PFN1;AURKAIP1;CUTA;ANP32A;CSTF2;TWF1;TEX261;NMD3;HIST1H3A;ZNHIT1;INPP5F;ZNHIT3;STC2;HIST1H3F;CDR2;VAT1;TMEM50B;DERA;MANF;MPHOSPH10;ALDH18A1;CD320;CDS2;TRAM1;DAZAP1;FASTKD1;MAGT1;COIL;XPO1;TMED2;DLAT;TMED7;TMED9;MANBA;ATP6V0B;EDN2;PRMT1;TFE3;RHOG;AMPD2;AMPD3;UCHL3;RHOD;MLF2;RHOB;AIDA;ATP6V0C;PRIM2;TOMM40;MYCBP;SLC20A1;PRIM1;NOL9;PTN;TYMS;AKAP1;TRAK2;TWISTNB;SHOC2;NT5M;TBL1X;LY6G6C;EMC7;DCPS;CBR3;RANBP1;NQO2;SLC31A1;NFYC;AP3D1;MPP6;SPCS3;KRT19;MARS;KBTBD2;FAU;MPHOSPH8;TJP2;GALNT12;NDUFA10;HDLBP;NUCKS1;COMT;CNDP2;TOMM22;TMEM147;FAM162A;RBMX2;ARHGDIA;ARHGDIB;PDE8A;NSF;RALBP1;KDM2A;NOSIP;KCTD3;TUFM;PRPF4;HGS;NUPR1;ABCG2;ATP6V1A;ISYNA1;NOP2;DTX4;PRPF8;PODXL;HSPA9;DARS;KLHDC3;CBX5;CPSF1;EPHX1;CBX1;DAP;RFXAP;PI4KA;SRPRB;BLMH;PI4KB;ZCCHC2;B4GALT3;HSPB8;USP34;SLC2A1;YBX1;ELAVL1;HK1;HS2ST1;UPK1B;ZC3H7B;TMEM109;GUSB;HIST1H1C;POLG;USP46;ABCC4;H2AFZ;DESI2;SPATS2;PLAUR;LSR;PPP2R5C;ARID1A;DNM2;OAS2;COL6A3;LUC7L2;PDXK;USP16;NXN;POLDIP3;ATP1A1;TOB2;RMND5B;NXF1;CHSY1;GMDS;LEPROTL1;NT5DC2;LRIG1;MAPK1;MAPK6;ABCF2;CAMK2G;ABCF1;USP24;ATP13A1;SGTA;HSPE1;WEE1;DES;CDK2AP2;CDK2AP1;ATP13A3",5.63086548488008,54
"104","cisplatin homo sapiens gpl570 gse15372 chdir down","171/525",4.61815470867222e-19,3.09949229485886e-18,0,0,1.927303465765,81.3690592950595,"RPL4;IFITM2;TFRC;RPL31;RPL34;RPL10A;LIPA;RPL7;CLGN;RPS16;TFG;RPS19;RPS18;MYC;RPL36;PMPCB;RPL38;BANF1;RPS11;TMPO;RPS12;SLC38A1;SERPINF1;RPS6;ALG5;UBE2E1;SARS;TM4SF1;TMX2;PRKAR1A;TFAM;S100A4;SNRPE;TRIB3;KDELR3;RPL29;RPL28;TRIB2;VCL;RTN3;ISYNA1;SET;TMED10;CTBP1;SHC1;CREM;RHOBTB3;WDR61;PLD3;HSP90B1;TGOLN2;LARP1;TSPAN8;ZNHIT3;AMZ2;SERF2;PCK2;BTF3;YARS;EGR1;HSPA8;YES1;TMEM184B;H3F3B;ST13;M6PR;UBE2A;EEF2;TMEM230;RPS26;FIBP;GLUD1;MOB1A;RPS29;CAPRIN1;GNAS;CPE;RPS20;TCF3;CNOT8;SERINC3;RSL24D1;EIF4G2;NFE2L1;AARS;SLC25A3;TRAM1;DAZAP1;WDR1;RPLP1;SUMO4;HMGB1;BMI1;RPS4X;TRMT112;XPO1;RARS;SUMO2;FLOT1;TMED2;SDF4;TIMP1;UBXN4;TGIF1;TPI1;WARS;GPX4;LANCL1;NBPF10;EMP1;NUTF2;RPS3A;PPP2R5C;SLC39A14;DUSP6;MMP10;ITFG1;DCN;RHOB;ANO3;EEF1G;ASPH;EEF1D;WAC;COL6A3;RBMS1;PFDN5;ARF6;RAB7A;SF3B5;DYNC1I2;CEBPB;RPL36A;NDUFB1;HSD17B11;COX5B;GANAB;OS9;TNKS2;CBS;RPL13;MAPK1;RPS2;RPL18;RPL17;SEC11A;EIF4B;UBQLN2;YTHDF2;GSN;CNBP;RPL23A;CDC42BPA;PNRC1;YIF1A;COL3A1;MARCKS;KLF6;GSTA4;PSAT1;EIF3L;EIF3I;ERCC1;EIF3H;TCEA1;VIM;EIF3D;C11ORF58;SLC25A36;TPT1;SPG21",5.84795321637427,10
"105","zinc acetate homo sapiens gds1617 chdir up","131/363",5.46743376847214e-19,3.6345416860891e-18,0,0,2.13539374378535,89.7939633613044,"RPL4;EIF4A2;RPL3;ARL6IP1;TFRC;RPL34;HNRNPU;MT1X;NUCKS1;EPRS;RPL10A;RPL9;RPL7;TOMM22;MT2A;RPS16;RPS19;FAM162A;ARHGDIB;SLC16A7;BANF1;B2M;PRKACB;TMEM14B;MT1HL1;TMPO;RPS12;BNIP3L;ST6GAL1;SLC38A1;RPL23;RPS5;RPS6;DNAJB14;CYBA;DICER1;PDIA4;SYPL1;PRKD3;CDC37;MFNG;MT1F;TFAM;MT1H;RPL29;ATF4;ANP32A;PRKDC;SHMT2;DAPP1;HSP90B1;SEL1L3;TMEM123;PRDX1;TPR;PGK1;NADK;MCL1;HSPA8;RPL41;CBX5;H3F3B;FUS;ARPC4;EEF2;MARCH6;HNRNPM;CDK6;P4HA1;BCL6;RPL27A;STT3A;MDM2;HLA-DRA;HNRNPC;RSL24D1;OGT;RPS24;ZNF652;DAZAP2;TRAM1;CLIC4;BTG1;RNF13;RPLP0;CTCF;HMGB1;YBX3;HS2ST1;RPS4X;PPP6R3;SUMO2;TMED2;TNPO1;ACTR2;HSP90AA1;MME;AHSA1;NUTF2;C6ORF62;RPS3A;EEF1G;SLC7A5;DAD1;RPL37A;TMBIM6;LCP1;MS4A1;DCP2;KDM3A;TM9SF3;RPS15A;RPS3;POLR2E;RPL13;IGF2BP3;RPS2;RPL18;RPL17;EIF4B;EGLN1;CNBP;LAPTM5;RPL23A;TM9SF2;PSAT1;P4HB;SLIRP;SLC25A36;TPT1;LIMS1",2.29007633587786,3
"106","methotrexate homo sapiens gpl96 gse5118 chdir down","119/317",6.4563330272614e-19,4.25143438964949e-18,0,0,2.2212681761335,93.0357190211311,"RPL4;EIF4A2;EIF4A1;RPL3;TFRC;CD81;RPL34;PITPNB;HNRNPU;TMEM97;PARK7;PHB2;RPL9;NARS;CCND3;MYC;ARHGDIA;ARHGDIB;RPL38;B2M;RPL39;USP7;RPS8;RPS6;RPSA;TUFM;ACLY;KDELR3;ATF4;KHDRBS1;SET;CTBP1;INSIG1;ZNF22;HSP90B1;LARP1;PRDX1;PGK1;SPTBN1;CD99;FDFT1;YARS;HSPA8;RPL41;XRCC6;H3F3B;XRCC5;ST13;EEF2;SMARCA4;HNRNPL;RPS27;RHEB;RPL27A;CAPRIN1;GNAS;RPS20;HNRNPC;OGT;ADA;SERINC5;AARS;GPI;SLC25A3;RPLP1;RPLP0;TNFAIP3;HMGB1;YBX1;ELAVL1;RPS4X;SUMO2;DHX15;TMED2;SPTAN1;ACTR2;HSP90AA1;TPI1;PRMT1;PABPC4;NBPF10;RPL13A;C6ORF62;RPS3A;SRP9;EEF1G;SLC25A16;SLC7A5;PSMA6;ZAP70;SFPQ;ALDH1A2;RPL37A;TMBIM6;CD47;TOP1;GNAI3;DDX21;TYMS;IL2RG;SLC7A1;BCLAF1;GANAB;PSMB1;RPS3;RPL13;FYN;RPL15;RPS2;EIF4B;HNRNPAB;OSTM1;MARS;HNRNPA2B1;TCEA1;VIM;P4HB;EIF3D;TPT1",3.36134453781513,4
"107","doxorubicin homo sapiens gpl6947 gse25741 chdir up","1045/4965",6.65106688853363e-19,4.33873335345465e-18,0,0,1.24540422007306,52.1255710301147,"RBPJ;LSM12;CAPNS1;MPRIP;DPYSL2;PPP4R4;PSMD3;RBFOX2;PHKA1;DICER1;SND1;CD2AP;EML4;RUFY1;EWSR1;PSME3;ETHE1;UNC50;PADI3;PSME1;UQCRC1;PADI4;TMEM126B;LETMD1;ATF4;SKAP2;SET;SAR1B;SHMT2;AGAP1;MRPL17;ZNF22;GATA3;BAZ2B;ABCB9;IQGAP1;MRPL12;MRPL11;RHOT1;PRKAR2A;PDGFD;AMZ2;RSU1;ZBTB7C;ABCA1;NGFR;JUN;CADM1;TIPARP;LRBA;PBX2;EIF2AK2;NR2F2;L1CAM;FAM136A;MRPL24;LARP6;MRPL22;CS;FERMT1;UCK2;TBL2;EIF6;FAT1;SFXN1;PSMG2;PKIG;PIGR;RPLP0;PRKAG2;SNX10;MRPL35;BBC3;OSBPL10;PCMTD2;MRPL41;TRMT112;MYBPC1;EMP1;RRAS2;TMC7;MED27;TMC5;SLC39A14;DUSP6;SRP9;DDB1;MZT2A;PLSCR1;MED25;SLC7A6;PSMA4;PLSCR3;AGPS;PIGL;SLC29A1;PAFAH1B3;DLD;SLC7A1;HLA-DMB;EXOSC10;NRAP;PSMB1;MICALL1;C11ORF49;HAS2;STX4;FLNB;CEPT1;FLNC;BID;RPS27A;EGLN1;EGLN2;SMAGP;SAMD4B;TARBP2;PSMB8;LRRC20;PSMB9;LETM1;LYRM2;WT1;FABP6;PSMC4;HLA-DPB1;AGRN;SIGLEC8;C11ORF58;FRYL;LIMS1;ZBTB20;CASC3;PLOD1;FADS3;SLC16A7;PMPCB;TNFRSF4;SLC16A3;MAP3K4;MAP3K5;BNIP3L;SLC38A1;S100A2;ATP11B;POLRMT;C12ORF10;TPST2;SLC9A6;MAPKAPK3;S100A4;LY6H;SLC27A3;ANAPC1;KHDRBS1;DLX4;TUBGCP2;MAX;MAZ;STK39;UAP1;NREP;FHIT;ACAT2;SOCS2;SOCS3;ATXN1;EIF4EBP1;PGK1;NAE1;NADK;SLC14A1;TIA1;SDF2L1;HTR1D;GFPT1;FBXO34;ARPC4;FOXN3;EEF2;NFKB1;STK24;HLA-DRA;TUBGCP3;ACO1;OGT;NOP10;BCAR3;ITGB1;MCFD2;SLC25A3;PTEN;FHL2;PIK3CD;PIK3CB;ITGAE;MSLN;ATRAID;BICD2;MRPL4;CAPZB;ZNF407;SUMO2;PPP6R3;NCK2;PMEPA1;MRPL9;PGLS;ERC1;EDIL3;NCK1;ACTR2;EIF5B;HSP90AA1;CERS6;PPP1R12A;DST;ITGA3;ITGA2;VEZF1;TNFRSF1A;ARL4C;SLC25A15;NPC1;PCCB;DSG2;LCP1;ST6GALNAC4;MET;BIRC3;SEC23A;CANT1;C1R;NDUFB4;HSD17B10;MALT1;SRM;DRAM1;FCHO1;EIF4H;SLITRK5;CCL2;IGF2BP3;FYN;IARS2;E2F4;IGF2BP2;EIF4E;EIF4B;SH2B2;SLC25A24;CYB5A;PPP1R14B;SEC24A;MYO10;CNBP;TPD52L1;TPD52L2;MYO1B;EIF3L;TTTY14;PDCD2;STUB1;EIF3E;EIF3F;SMAP1;SPG21;EIF4A2;SMARCB1;CERK;ECI2;OGFOD3;MT1X;UBE2L6;THUMPD1;SPATA20;EFR3A;MT2A;C1GALT1C1;CPNE1;RCC1;EIF2D;LGALS8;SEC62;FBXO7;SCN1B;SEC63;SLC34A2;ALG8;ST6GAL1;ATP6V1G2;LIMCH1;PAQR5;ECH1;GOLPH3L;CSNK1D;ACTN4;ANK1;TM4SF1;GNPAT;CFDP1;NINJ1;MT1F;MXRA8;MT1G;CCDC86;TRIB3;MXRA7;KCTD12;KDELR3;ALPK1;RIN2;TRIB2;MMADHC;MT1E;SNX3;DHX30;SNX1;TSPAN4;SNX7;TSPAN1;AAR2;SNX5;SNX6;STAT5A;XRCC6;EGR3;XRCC5;GREB1;MICAL2;PPBP;SMARCA2;PTK2;SMARCA4;NET1;BST2;EXT1;MSRA;EXT2;RPL27A;MYO5C;ID1;ECHDC2;DHX29;RGL1;SLC2A4RG;AARS;MRPS16;IDE;PTPRK;TFB1M;N4BP2L2;PTPRF;ACTR1A;SCML2;SCML1;UIMC1;ENC1;RAC2;DHX15;MLX;PHGDH;UTP14A;CTSD;CCT3;MRPS27;PABPC4;NBPF10;MRPS2;GAB2;ENAH;KIF2A;CSDE1;IL1B;UFC1;ARHGEF1;CD47;FJX1;DBN1;CD44;CAB39;SSNA1;MRPS34;HSD17B4;CAPG;RELA;EXOSC5;RXRA;CAMK2N1;CCT8;FILIP1L;EPS15;PAK2;PAK4;NPDC1;DYNC1H1;GAD1;TMEM176B;PLEKHA5;PNMA2;MYO9A;FKBP1A;BOP1;RIT1;KCNS3;SGSM2;HNRNPA2B1;TCEA1;PNPLA6;DPAGT1;DCLRE1C;CD83;CD82;MPG;GEMIN2;BCCIP;PLAT;PRDM1;EEF1B2;NARS;CCND2;RGS3;DMBT1;CCND1;PLAU;KHSRP;DENND5A;BANF1;CAPN1;CARD10;ACOT13;CASK;SDHC;CCNB1IP1;ERN2;TMX2;CARS2;VCL;PPIC;TMED10;ARHGEF26;PSMD14;UBA5;SEL1L;HTRA1;CNN2;TMEM248;NPHP4;CYC1;NDUFV2;FGF22;CD99;YARS;CRTAP;AUTS2;CNTN5;PHF11;HMGA2;EVX1;INHBB;GULP1;SSH1;QDPR;BMP3;TAB2;TCF3;FGF13;LSM14A;GSK3B;CHD7;HMGB3;TRIAP1;LMNB1;CALB2;GRM5;BCL7B;NUP62;CA9;LRRFIP2;TGIF1;SUN2;TTC37;RBM14;DNAI2;CAD;GLRX2;NAV2;MMP8;UTP18;EEF1G;RCN1;SFPQ;CREB1;TMEM214;CAT;ATG4B;NDUFS2;FBP1;MS4A1;IRF9;TMEM45A;LAMA5;RALB;BCL2A1;MVP;LAMA3;RAP1GDS1;DDX21;RRBP1;DNAH9;ASAP1;ASAP2;PPOX;CLCN3;ADD1;PDLIM1;MTA1;DNPEP;PDLIM2;RAB40C;OXCT1;POLD2;DROSHA;MBTPS1;LAMB3;ATP2B4;ATP2B1;USF2;ERCC1;ASB9;ERCC8;PTX3;SLIRP;TAF4;RPL26L1;FAM50A;CYFIP2;RPL4;NCKAP1;RPL3;RPL31;MAML1;SERPINE1;HNRNPU;ABAT;SMC3;FNBP1L;EPRS;PHB2;RPL9;ELK3;RPL7;GJA1;ALCAM;ZMIZ1;ZMIZ2;MYC;NAMPT;CREB3L2;RPL36;PIP4K2A;AP1S1;PXDC1;ACOT9;MBNL2;ACOT7;RPL21;RPL23;WDR78;NUP93;ARMC6;HOXB2;NUP205;ZNF395;PRKDC;ENDOD1;NEDD4L;GLG1;ADH5;RRP7A;PLAC8;PRDX3;FAM171A1;NUP85;GAR1;ST3GAL4;CHST15;PLEK2;ZNF148;FDFT1;HOXC6;BTF3;NAA50;RPL41;PHC2;SETD1A;GP2;PRRC2C;NFATC1;MTHFS;BRAF;XKR8;HNRNPL;FIBP;HNRNPM;EHD4;HNRNPD;PPT1;REL;SNAI2;MMS19;PLCH2;HNRNPC;PAM;ADA;GPI;PYGB;TCF25;PHF1;WDR41;ADK;LPCAT1;TCF20;PYGL;PFAS;CLINT1;PHEX;SERPINA4;GLI2;AIFM1;CSRP1;RARS;ANXA7;ANXA2;PLLP;ANXA3;ITPK1;SSR3;NUTF2;SERPINB6;GCHFR;ITPKB;BACE2;EXOC3;GART;ASAH1;NBAS;PHLPP1;TIMM9;GPS1;RPL11;RHD;BCLAF1;RPS15A;ERMP1;CHN1;RPL14;RPS3;RPL13;RPL18;RPL17;SLC17A3;ZNF586;APOL2;BRD4;FARP1;YTHDF1;CCL20;WDR18;MOCOS;LAPTM5;SYNJ2BP;ELP6;GTF2H5;NFIB;ABI1;PLP2;FAM49B;CSF3;CSF2;IRS1;PROS1;TNC;TM7SF3;CLU;MPC1;PLS3;NBN;PHLDA1;IFNAR2;RAB2A;MAP2K1;USP7;MAP2K2;TLE1;TPM4;IGFBP5;RPS7;IGFBP4;IGFBP3;RPS5;F2R;RPS6;GTF3A;RPSA;VRK2;RAB31;SYPL1;ERH;RAB38;PHIP;SNRPE;FKBP4;CSNK1G2;ANKRD36B;NOTCH2;NOTCH3;CD151;INSIG1;UBR4;GLT8D1;AK4;AEBP1;HSPBP1;RHOBTB2;DDRGK1;TPR;PLXNA1;MCL1;STRA6;ANKRD28;OSBPL8;COA3;OSBPL7;AKIRIN1;CEP350;GLMN;ASNS;MARCH6;LSM5;ADAP1;LSM2;NSFL1C;COPS5;CDK6;ITGA10;PIR;PLXNB2;DHCR7;SERINC3;BCL2L1;RNF187;EIF4G1;WDR1;WDR4;KIAA0100;OPA1;VPS72;PSTPIP2;EFHD2;CEP170;TNPO1;SLC37A4;TRPC6;SORD;HAUS4;WIPI1;EDF1;REXO2;PTBP2;NIPSNAP1;DNAJC2;TFDP1;CTDSP1;RPL37A;HDAC4;SEMA3C;RAB1B;EI24;SEMA3A;RPL36A;SEMA3F;HDAC9;DNAJB1;ABLIM1;ZNF507;SEC11A;SPAG9;NLGN4X;AHNAK2;SEMA4C;DDHD2;PTPN11;PTPN13;CDC42BPA;ASS1;KLF2;ENOX1;KLF7;PFKL;P2RX5;SNRNP40;PSAT1;VAPB;KIAA0586;IMPDH1;MFAP2;MGAT4B;POLR3G;TPT1;PFKP;IFITM2;PITPNB;CISD1;PPP2R2A;HSF2BP;PWP2;PWP1;RPS15;RPS6KA3;RPS14;RPS16;RPS18;PPP2R1A;RPS6KA2;ARL6IP5;LONP1;ARFIP2;SKP2;TNS3;PDK1;AGFG1;CPT1A;SLC11A2;ACSL5;ACSL3;MALL;VDAC3;SIK1;TTLL12;PFN1;ALDH7A1;PTGES;IGSF3;LMAN2L;GYPE;CSTF2;EBI3;MGST2;TWF1;TEX261;KLK8;CD79A;GNG10;SGPL1;SCAP;ASL;HIST1H3C;SPTBN1;SRPK2;RABGAP1L;TMEM184B;PUM1;DERA;RPS26;RPS25;HIST1H4A;STAG2;NMU;MPHOSPH10;ALDH18A1;RPS21;RPS24;SPRR1B;CD320;CLIC4;DAZAP1;GDI1;C2CD2;KRT23;COIL;EPB41L4B;XPO1;SEC61G;SLC22A18;TMED3;DLAT;TMED9;PACRG;MANBA;PRMT1;NME4;AMPD3;ITFG1;NME7;WAC;TOMM40;SLC20A1;UQCR11;GDPD5;LILRA5;AKAP1;CST4;TRAK2;LIMA1;NT5E;TWISTNB;TBL1X;ATP6V0E2;DCPS;CA12;MPP3;SLC31A2;NFYC;SORBS2;LHFPL2;FAH;MPP6;TJP1;KRT19;GSTA4;AXL;KRT15;MARS;RAB3GAP1;GALNT11;STEAP3;POGK;NDUFA10;HDLBP;COMT;CNDP2;TMEM147;FAM162A;RBMX2;BASP1;ARHGDIB;NRCAM;PDE8A;TMEM14B;HIST1H2AB;RALBP1;WNT5A;KAZN;LIG3;KCTD3;PDIA5;PDIA4;ALDH3A1;DPM3;COL4A2;ILVBL;HGS;NUPR1;HIST1H2BD;RAI14;H6PD;COPB1;PRPF8;TMEM123;DPP6;PODXL;MAN2A1;HSPA9;DARS;HSPA8;CBX7;CPSF7;CBX5;SMURF2;CBX1;ARHGAP29;POU2F2;NFKBIA;DAP;COQ2;DNMBP;CAPRIN1;PXMP2;DNAJC10;CHMP2A;PI4KA;BLMH;CLASRP;DYNLRB1;BMPR1B;B4GALT3;THRB;MCTP1;USP34;SLC2A1;CXCL1;GTDC1;CXCL2;HK1;HS2ST1;RPS4X;HEBP1;CA5B;ENOSF1;TMEM109;HIBCH;RBM6;ABCC4;CAMK1D;SPATS2;PLAUR;LSR;RPS3A;CTPS1;PPP2R5C;TGFBR2;RBL2;TGFBR3;AIM2;OAS1;MYH9;RBMS1;PFDN2;PFDN5;LUC7L2;PDXK;USP16;NXN;USP19;GMDS;LEPROTL1;NT5DC2;TYW1;LRIG1;SNCG;MAPK1;MAPK6;GBP1;CAMK2G;SASH1;MAPK3;ABCF1;USP24;ZNF185;HSPE1;MLPH;PMP22;SPRY2;SSBP1",3.82775119617225,40
"108","dexamethasone homo sapiens gpl8300 gse8546 chdir up","67/134",1.00380097366275e-18,6.4875285149685e-18,0,0,2.9585798816568,122.611650608514,"RPL4;BTG2;CLIC4;RPLP1;TECR;RPLP0;HDLBP;RPL8;RPL9;SCAMP5;LGALS1;CCND1;RPL36AL;TMED2;RPLP2;PIM2;ATP6V1E1;RPS11;B2M;TMED9;ATP6V0E1;WARS;DUSP1;RPS5;AMPD1;RPS3A;HLA-F;ANK1;TAPBP;EEF1D;SUB1;ERP29;PSME2;RAPGEF2;TMBIM6;DBN1;RAB1A;FKBP2;VCP;TMED10;MGST3;COX7A2;RRBP1;SLC1A5;TXN;HSP90B1;TMEM123;PRDX4;DDT;PGK1;DNAJB9;RPS2;RPS27A;HSPA8;ISG15;PSMB9;RPS27;RPS29;RPL27A;GNAS;CDK2AP2;HYOU1;VIM;FAU;P4HB;RPS24;COPE",2.98507462686567,2
"109","dexamethasone mus musculus gpl339 gds2314 chdir up","172/533",1.0384960756309e-18,6.65018587881072e-18,0,0,1.90947744707306,79.0690896811957,"RPL4;FAM49B;EIF4A1;RPL3;SPARC;ARL6IP1;KDELR1;SERPINE1;HNRNPU;PLAT;CALML4;RPL10A;PHB2;ETS2;RPS15;NARS;RPS14;LGALS1;RPS19;RPL36AL;RPS18;BASP1;BSG;ARHGDIB;RPL36;AKT1;RPL35;RPS11;TMSB10;TBC1D10B;RPL21;TPM4;RPS7;RPS8;IGFBP4;RPL23;RPS5;ECH1;ALG5;RPSA;RBX1;COX6B1;NISCH;COL4A1;SUB1;SNRPG;ERP29;FSCN1;VDAC3;RPL24;SNRPE;SUCLG1;PFN1;TLN1;RPL28;UBA52;VCP;SET;MGST3;RPN1;COX7A2;HSP90B1;PLAC8;CNN2;PRDX1;SERPINH1;PGK1;NDUFV2;VASP;HSPA8;RPL41;SDF2L1;TMA7;PBX2;ARPC4;EEF2;MANF;CS;RPS26;NSFL1C;RPS25;COPS6;COL1A2;HNRNPF;RPL27A;CAPRIN1;STT3A;SDC1;CALM3;HNRNPC;RPS21;FERMT2;ADA;RPS24;CITED2;RPLP1;RPLP0;HMGB1;ALAD;TRMT112;SCPEP1;SEC61A1;LASP1;TUBA1A;RARS;SEC61G;SUMO2;RPLP2;OLR1;TMED2;PHGDH;UPP1;IDH3A;DSP;CCT3;ACTR2;HSP90AA1;TPI1;ANXA2;PEG3;GPX4;H2AFZ;ANXA4;BUD31;ANXA5;RPL13A;DUSP9;APRT;DDB1;EEF1G;UGDH;PSMA4;PKM;PSMA2;CAT;COL6A3;MYH9;NDUFS2;CRELD2;SLC25A4;LAMA5;RPL11;NDUFB2;RPL36A;HSD17B4;ATP1A1;IL2RG;COX5B;PSMB7;RPL14;RPS3;RPS2;CCT8;RPL18;RANBP1;NDUFA7;CNBP;YIPF5;RPL23A;HSPE1;HNRNPAB;ATOX1;ASS1;COL3A1;KRT19;PSAT1;EIF3I;PSMC2;HNRNPA2B1;EIF3E;P4HB;VIM",2.32558139534884,4
"110","deferoxamine homo sapiens gpl91 gse1056 chdir up","73/154",1.37220572906808e-18,8.70726908081382e-18,0,0,2.80488742027204,115.365334325278,"RPL4;RPL30;COX7B;CD81;RPL31;RPL34;RPLP1;RPLP0;PARK7;RPL10A;RPL9;EEF1B2;RPS4X;RPS14;RPS16;RPS18;ARHGDIA;RPL35;RPLP2;RPL37;RPS11;RPS12;HSP90AA1;TPI1;RPS7;H2AFZ;RPL23;RPS5;RPS3A;DYNLL1;EEF1G;PSMA6;RPL37A;SNRPG;RPL24;JTB;SNRPE;TMBIM6;EEF1E1;RPL28;PFDN5;RPL12;RPL11;RPL36A;COX7A2;UQCR11;TXN;COX5B;RPS15A;PRDX1;PSMB1;RPL13;RPL15;CCT8;RPS27A;RPL17;HSPA8;RPL41;NDUFA1;EEF2;HSPE1;RPS25;RPS27;RPS29;RPL27A;SP3;GNAS;CALM3;RPS20;EIF3E;RPS21;RPS24;TPT1",0,0
"111","menadione mus musculus gpl1261 gse23725 chdir up","136/388",2.097554014109e-18,1.31900243409737e-17,0,0,2.07405599951199,84.4260252515672,"EIF4A1;SPARC;ACAA2;ARL6IP1;AMHR2;RPL8;RPL10A;IFI30;LIPA;RPL7;RPS15;LAPTM4B;RPS14;GJA1;CAPNS1;MPC1;RPL36AL;RPS18;ARHGDIA;LRAT;TMSB10;B2M;RPS12;RPL21;RPS7;IGFBP5;RPS8;SERPINF1;ECH1;TMX4;SUB1;PSME1;SNRPG;RPL24;SPARCL1;RPL29;RPL28;PPIC;SET;GLT8D1;HTRA1;ATXN7L3B;COX7A2;HSP90B1;PLAC8;SOCS3;SDCBP;GNG10;PRDX4;PRDX1;ISOC1;NDN;NDUFV2;IVNS1ABP;DARS;CRTAP;H3F3B;ST13;FUS;M6PR;ARHGAP29;COL1A1;COL1A2;COPS5;SERINC1;SERPINI1;SERINC3;NOP10;RPS24;BTG4;RPLP0;HMGB1;TRIM2;SEC61G;IDS;TMED2;PHGDH;HMGCS2;LBP;CD36;CTSD;CTSB;HSP90AA1;ANXA3;H2AFZ;ANXA5;RRAS2;RPL13A;DYNLL1;ACTA2;PSMA6;RCN1;EEF1D;RPL37A;COL6A3;MYH9;SLC25A4;LUC7L2;GRN;SEMA3C;RPL12;GSTP1;LRRC17;NDUFB2;UQCR10;HSD17B11;COX5B;CST3;PSMB7;ABLIM1;PGRMC1;PSMB1;RPS3;GPC3;RPL13;RPL15;RPS2;RPL18;RANBP1;NDUFA5;IDH3G;TMEM176B;TMEM176A;HSPE1;FKBP1A;GATM;MARCKS;SPCS1;FAP;MGP;PDCD4;PMP22;EIF3E;VIM;SSBP1;CKLF",0,0
"112","ethanol rattus norvegicus gpl341 gds2107 chdir down","123/338",3.05368728522967e-18,1.90310154025921e-17,0,0,2.15328594937152,86.8424139508499,"RPL4;EIF4A2;EIF4A1;RPL3;RPL31;RPL34;HDLBP;HNRNPU;WBP1L;RPL10A;RPL7;EEF1B2;RPS14;MT2A;RPS19;RPL36AL;RPL35;RPL37;RPS11;B2M;GYG1;AP2M1;RPS8;IFRD1;ECH1;RPS6;RNASE4;RPSA;POR;PRKAR1B;UQCRC1;TXNIP;RPL26;UBA52;ATF4;SIDT2;UBA5;RPN1;SEL1L;GSTT2;KALRN;HSP90B1;PRDX4;TSPAN4;PCK2;BTF3;RPL41;H3F3B;FUS;EIF2AK3;EEF2;MANF;GLUD1;MOB1A;RPS27;RPS29;RHEB;GNAS;HYOU1;EIF4G2;SLC25A3;TCF25;PTPRF;RPS4X;SEC61A1;LBH;TMED3;TMEM109;MRPL9;UBXN4;SLC37A4;CTSB;DSP;PABPC4;SSR3;RPL13A;ARFGAP3;REXO2;SERPINB6;ARFGAP2;EEF1D;TFF2;CD63;RPL12;GSTP1;RPL11;GNAI3;RPL36A;RRBP1;CST3;SELENBP1;MUC1;RPS15A;NCLN;EPCAM;U2AF2;DDT;RPL14;RPS3;EIF4H;DNAJB9;RPL15;RPL18;RPS27A;RPL17;SEC23B;GSN;YIPF5;AP3D1;DOHH;ARCN1;SPCS3;COL3A1;PDCD4;CDK2AP2;EIF3H;EIF3E;FAU;P4HB;YPEL5;EIF3D;TPT1;BET1",4.0650406504065,5
"113","doxorubicin homo sapiens gpl570 gse46493 chdir up","1194/5815",3.05692681952776e-18,1.88826099117732e-17,0,0,1.2149765704895,48.998937815884,"ITSN2;TDRKH;CHIC2;RBPJ;CLDN1;MYLK;PSMD8;PSMD9;TBK1;MPRIP;PSMD4;TMEM8A;MEF2A;GSTK1;CXADR;CSNK2A2;DNTTIP2;LDOC1;PHKA1;RFX1;RBP4;SCO2;PRKAR1A;PADI3;UQCRC1;PSME2;SPARCL1;RBCK1;PADI4;TMEM126B;ATF3;RABL6;SKAP2;MTMR1;ZNF274;RETSAT;CRABP2;MEPCE;GATA6;PDGFA;ZC3HAV1;ABCB9;SULT1A1;HPX;CYB5R1;MRPL20;CYB5R3;RDH14;AMZ2;ZNF267;SULT1A2;ABCA1;NGFR;JUN;JAG1;JUP;TEX30;TIPARP;EDEM1;FUCA1;EIF2AK3;TMA7;LARP6;COL1A1;FERMT1;QARS;FXYD3;HYOU1;PSMG2;EZH1;TMEM9B;C5ORF30;ARF3;PIGT;RPLP1;MTMR14;HEXA;PIGP;SNX11;LITAF;MRPL35;BBC3;OSBPL10;HEY1;RPLP2;C11ORF24;OFD1;DUSP5;ELOVL1;LYPLA2;DUSP2;DUSP1;NSUN5;SPHK1;ACTL6A;MRPL49;SIRT5;EMP2;BAZ1A;FOS;DYNLL1;FAHD2A;HIST2H2BE;F5;MED28;PSMA6;MZT2A;PLSCR1;SLC7A6;GPRC5A;PSMA2;PTRH2;CDC42EP4;PELI1;CHST1;PIGL;PIGG;ARF5;ARF6;GSTP1;PTGS2;GGA1;PSMB7;EXOSC10;PSMB2;UCP2;MICALL1;AGR2;STAT4;CLPTM1;CEPT1;FLNC;HARS;RABAC1;P4HTM;MBD4;EGLN3;MBD1;PSMB8;TMCO1;PSMB9;BYSL;FABP5;WT1;C12ORF29;SRRD;TSR1;ZNF217;AGRN;YPEL5;CRLF1;RASL11B;NAB1;PLOD3;DEFB1;PLOD2;FBXO21;APEH;SAT1;FADS3;LAPTM4B;SLK;OSBP;SLC16A6;SLC16A3;SLC16A4;MYLIP;ZNF440;IK;S100A2;FST;UBE2E1;SARS;ATP11B;TUBA4B;RBX1;FTSJ3;ACLY;MFNG;MAPKAPK2;FSCN1;NPTXR;SNRNP200;PFKFB2;TXNDC9;TUBGCP2;MAX;CREM;GSTT2;CREBL2;UAP1;TNFRSF11B;FOXO1;ACAT2;CORO1B;SOCS3;SLC9A3R1;SNN;ATXN7;MED31;EIF4EBP2;ZNF665;ZKSCAN1;NADK;SOCS5;FUS;UROS;DRAP1;MFHAS1;BFSP1;G6PC3;SP4;SP3;MDM2;ZNF410;NFE2L1;SLC25A1;MCFD2;ALAS1;AKAP8L;PTEN;FHL2;PIK3CD;ETFB;NENF;BICD2;NRGN;MRPL2;DSE;PMEPA1;ACP2;UPP1;NKX3-1;PELP1;DSP;EMX2;CERS6;PEG3;DST;KSR1;ITGA2;VPS37C;NDUFC1;ARFGAP3;TNFRSF1A;SLC25A16;SLC25A15;SLC25A17;NPC1;NPC2;ADORA2B;TMBIM1;DSG2;TMBIM6;TOP1;SLC25A4;MTRF1L;PPP1R15A;C1S;CXXC1;NDUFB2;UGT2B28;NDUFB1;HSD17B10;DRAM1;SLC25A28;KATNA1;EIF4H;SH3BP4;UBQLN4;SH2B3;SH2B2;SLC25A24;KCNJ4;SLC12A2;NDUFA7;SEC24A;NDUFA6;GPKOW;NDUFA5;NDUFA2;NDUFA1;NAGA;RPL23A;HNRNPAB;ATOX1;NELL2;SLC25A38;TSPAN13;NAGK;SUCLA2;EIF3K;PDCD4;EIF3H;ZNF611;EIF3D;SLC25A36;EPHB6;EIF4A1;CCNK;KEAP1;ZDHHC7;UBE2L6;IFI30;TXNDC15;RCBTB2;UXT;LGALS3;LGALS1;BSG;TRIM24;PIEZO1;IL12A;LGALS8;CCNL1;ATP6V1E1;TRIM21;TRIM22;ACVR1;PAQR6;MIA;PAQR5;ALG5;GOLPH3L;CSNK1D;ANK1;SFRP4;SOAT1;SUB1;CDC37;NINJ1;CCDC86;TRIB3;PREB;MXRA7;KCTD12;FAM76A;EIF1B;CES2;EPHA2;PPP1R37;RRAD;SUPT4H1;PIK3R3;PIK3R1;CD1D;KALRN;PCDH17;DHX30;MIER2;MICAL1;NEU1;TSPAN4;B4GALNT1;TSPAN1;SNX5;ATP6V1C1;CTSA;WWTR1;EGR1;EGR2;SURF1;YES1;TNFSF15;GREB1;EAF2;MICAL2;BSDC1;RASSF8;SMARCA2;MSRA;EXT2;TF;RPL27A;CDC16;SDC1;ECHDC2;RGL1;RGL2;DIRAS3;COX7B;ECM1;MRPS16;GPAA1;MRPS11;CTSZ;TECR;AP4E1;TFB1M;PEPD;KIF17;RAB22A;AKAP12;PPP3CB;ACTR1B;SCML1;CRTAC1;ENC1;RAC2;MLX;ARIH2;SDF4;IDS;CD36;NANS;HTATIP2;CTSB;NDEL1;COX8A;ZHX2;FOXD1;TNFRSF12A;GAA;NBPF10;APRT;GAK;CTTN;BANK1;GAN;IL1B;ARHGEF3;CD47;CRELD2;CD44;NAPA;DYNC1I2;CD63;FOXC1;CAB39;STX16;MRPS31;HSD17B3;DERL2;NEDD8;COX5B;CXORF40A;PGRMC1;OS9;PNMA1;ORMDL2;C22ORF24;MSX1;MGAT2;CXORF40B;PEX16;IL32;GABBR2;GCH1;CD70;YIPF5;DOHH;YIF1A;PPP1CA;FKBP1A;CCNG2;HNRNPA2B1;ESYT1;NEK11;SCARB1;ACAA2;NARF;DCLRE1C;CD83;CD82;CD81;FHOD1;MPL;PLAT;PRDM1;CYP46A1;NR3C1;SRP14;EEF1B2;CCND3;AKR7A2;RGS2;RGS3;CCND1;PLAU;WWC3;CAPN1;OSTF1;ACAA1;CARD10;PDGFRA;MORC3;UBE4A;TBC1D2B;WBP11;GEM;DHDDS;COX6B1;TMX4;BRMS1;SCNN1A;CARS2;SIDT2;PPIC;TSG101;DIABLO;SLC41A3;HTRA1;DAPP1;HTRA2;PSEN1;HIGD1A;NDRG1;CALCR;KIF3B;ISOC1;TAC3;NDUFV1;CD99;PRNP;DENND4B;SLC52A2;PHF11;SLC52A1;ISG15;UBE2A;IGF2R;CLK3;CLK2;SSH1;GCLC;IL6;NAT1;COL5A1;ALPP;MKRN1;GNAS;UBE2N;AMOTL2;DEGS1;GCLM;PNLIPRP2;GSK3A;TNFAIP2;TCHH;TNFAIP3;HMGB3;PCTP;TNFAIP1;DDX41;TRIAP1;MEA1;SOBP;RND3;SEC61A1;LASP1;UBE2Q1;CA2;NPTN;UQCRFS1;IFT57;MYBL1;DDX58;MMP2;DDX56;HUNK;TBC1D8;TBC1D9;GLRX2;MMP9;TAPBP;PJA1;ACTA2;IRF3;RER1;EEF1D;ACOX1;NDUFS6;IRF1;NUP50;PPDPF;CRY1;BLVRB;ATG4B;EAPP;OTUB1;TMEM45A;OTUB2;RALB;DNAH7;LAMA3;DDX21;RRBP1;RNF6;AGPAT1;AGPAT2;PSMB10;PTHLH;POLD4;IL1RL1;CYTH2;HMGCL;RAB40C;TNKS2;TDG;SPOCK3;SPOCK1;NUP43;CRYM;TIMM8B;LAMB3;TAF10;TAF11;SLC50A1;SOD2;TTC19;CHFR;RPIA;GALE;REST;TNIP2;GLB1;ERCC1;PTX3;GPD1L;VIM;TAF4;GLA;FAM50A;CYFIP2;RB1;SERPINE2;MAML1;SERPINE1;GPATCH4;RPL8;BACH1;ELK3;EPS8;RNF114;CLP1;ZMIZ2;CREB3L1;NAMPT;AP1S2;RPL35;AP1S1;RPL38;PIP4K2C;JUNB;RPL39;IER5;CDK5RAP3;HOXA5;IER2;HOXA4;UNC13B;TSPYL2;ACOT7;TSPYL1;WDR74;FNDC3B;WDR73;GTPBP1;WDR77;NISCH;DYNC1LI1;FDX1;RPL24;YME1L1;RPL26;RPL29;RPL28;UBA52;PRR14;GNE;CDC42SE1;LRPAP1;NAA60;POM121;HOXD1;ENDOD1;NEDD4L;WDR61;BCL10;PRDX4;CHST11;GALR3;PRDX1;PNPO;S100A13;PLEK2;SERF2;NKX2-2;S100A10;BTF3;NAA50;RPL41;PHC2;ACD;CHKB;FZD5;H3F3B;PLK2;FZD6;NFATC1;PRDX6;PRRC2B;GLUD1;GLUD2;SLC6A8;RNF103;EHD4;TNFSF4;TRIP6;ATG2A;SNAI1;SNAI2;HNRNPC;SERPINI1;CDK13;ADA;BTG3;BTG2;BTG1;SERPINA1;TCF25;WDR41;SRP54;PYGL;WDR45;ADO;SMG8;WDR43;MRC2;UBL5;ING2;FAM102A;CSRP2;IMPA1;TCTN3;RARS;TIMP3;TIMP1;BRD3;BRD2;TPI1;PLLP;ANXA4;TNNC1;SSR3;EN2;COPZ2;AEN;PAX5;GNL2;COQ10B;SERPINB5;ITPKB;AFTPH;TUBB2A;TMSB15A;MTF1;GAS1;COL21A1;IVL;HLA-DQB1;HBEGF;SF3B5;ZNF593;GRN;WDR26;CLDND1;RPL12;HSPA14;TANK;TMEM164;ERMP1;LMAN2;PPP1R8;RPS2;RPL18;RNF130;APOL2;YTHDF1;GSN;YTHDF2;MOCOS;LAPTM5;WWP2;DHRS1;BLCAP;DHRS3;DHRS7;RYBP;OSTM1;FOSB;ZNF331;FAM49B;TUSC3;PARK7;TM7SF3;CLU;ZFP36;MAEA;ABHD11;FCGRT;MPC1;PHLDA1;TMSB10;GYG1;IFNAR2;TOR3A;MAP2K1;USP7;USP6;ANKRD49;RPS5;CSGALNACT2;F2R;AIP;TAP1;VRK1;RPSA;LEMD3;DGKZ;RAB32;ARMCX3;GOLGA8B;ERP29;SNRPE;FKBP3;FAM8A1;CSNK1G2;FKBP5;FKBP2;NOTCH1;AK1;UBR4;GLT8D1;ITPR1;SLC38A10;AK4;BTBD1;CLCA2;SAFB2;NDN;ANKRD10;DVL3;PLXNA1;PI3;IGFBP6;MCL1;OSBPL7;AKIRIN1;M6PR;MARCH6;TOR1B;C1ORF61;ZZEF1;CHERP;MARCH2;MOB1A;COPS6;CNOT6;BCL6;LHX3;P4HA2;RHEB;PLEKHM1;CPE;PLXNB2;TPP1;SERINC1;MAFK;SERINC3;CNIH4;SERINC5;BCL2L1;EIF4G1;PLEKHF2;DAGLA;WDR1;DUSP11;GM2A;PSTPIP2;RNPEP;EFHD2;ADAMTS8;TAPT1;IDH3A;GPX4;RPL13A;WIPI1;REXO2;DUSP22;PKM;RPL37A;HDAC4;RAB1A;CEBPB;SMARCD2;CEBPD;VPS4B;CCDC69;EI24;GLRX;SEMA3F;HDAC6;THSD4;AP3M2;ZNF747;DNAJB9;POLR2H;WASF2;CTNNAL1;POLR2L;SLC35A1;CCDC59;SPAG4;PNRC1;ASS1;TPCN1;MFAP1;VAPB;MGAT4B;TPT1;BET1;GLTP;SPARC;FAM89B;SLC35B1;HDAC11;CALML3;CALML4;AQP3;KIAA0930;NFU1;RPS15;GOLGA5;RPS19;RUSC1;RPL36AL;FTH1;PDK4;DENR;SOX9;RPS11;TNS4;B2M;RPS12;TBC1D10B;ATP6V0E1;IFRD1;HLA-B;HLA-C;KRT7;HLA-F;MRPS18C;RRAGC;PSG4;TFAM;HECA;SUCLG1;TTLL12;NEIL1;ATP6V0D1;AURKAIP1;NBL1;ALDH7A1;BEX4;SLC35D1;STXBP3;MAOB;STXBP1;EBI3;MGST2;NMD3;TXN;ZNHIT1;ZNHIT3;DND1;GSE1;ASL;TRPM6;VASP;RPL39L;GADD45B;GADD45A;TMEM50B;LIF;GNG11;PARP12;DERA;RPS27;CABYR;AKR1B10;RPS29;PDE3A;RPS20;MAGED2;RPS21;RPS24;ITM2C;TRAM1;FASTKD1;CITED1;CITED2;PPCDC;EPM2AIP1;EPB41L4B;ESM1;SEC61G;ANKRD1;TMED7;MANBA;ATP6V0B;TYK2;ZDHHC11;RHOC;UCHL3;RHOD;ITFG1;MLF2;RHOB;PRPF18;MDFIC;FRG1;TNNT3;ATP6V0C;DCP2;RAB7A;MYCBP;SLC20A1;AMIGO2;NOL9;UQCR11;PTN;UQCR10;TYMS;GDPD5;AKAP1;CST4;PBLD;CST3;CST2;ANKMY2;WIF1;SHOC2;EMC7;CA12;GDF11;NQO2;SLC31A2;SLC31A1;NFYC;C1GALT1;SCD5;SORBS2;LHFPL2;FAH;PDP1;SPCS3;KRT17;DLC1;KBTBD2;FAU;MPHOSPH8;F2RL2;MEGF9;TJP2;GALNT11;GOLT1B;NDUFA10;ARID4B;CWC25;COMT;CHCHD2;FAM162A;HIST1H2AG;PDE8A;NSF;PHYH;KDM2A;TRAPPC2L;NPY1R;NOSIP;KCTD3;ATP1B1;PDIA5;TUFM;DPM1;TMEM134;PREPL;DPM3;HGS;COL4A1;COL4A5;NUPR1;HIST1H2BD;ATP6V1A;CHRNA3;CHRNA9;COX7A2;DTX4;NID2;SEL1L3;SDCBP;PCSK1N;SCIN;MAN2A2;PODXL;ATP6V1H;HSPA8;SMAD1;TGFB1;CPSF1;SMURF2;EPHX1;TDRD7;POU2F2;SMAD7;NFKBIA;EFNA1;NR4A2;NR4A1;DNMBP;CHMP2B;PI4KA;MAN2B1;PI4KB;DYNLRB1;NFKBIE;LRP10;COPE;ACADVL;DOCK4;THRB;SOWAHC;HSPB8;USP34;SLC2A1;YBX1;PKD2;OASL;RPS4X;TMEM100;HEBP1;CASP7;ZC3H7B;CASP6;C9ORF16;GUSB;RBM6;POLG;SRGN;USP46;CAMK1D;DCXR;PLAUR;LSR;RPS3A;KLF15;RBL2;DNM3;OAS3;COL6A3;TERF2IP;DNASE1;PFDN5;CDH19;PON3;NXN;POLDIP3;USP11;ATP1A1;TM2D3;TOB2;NXF1;CHSY1;DDT;LRIG1;STOM;HES1;S1PR4;SASH1;OPCML;IGBP1;KDM4B;ZNF185;ATP13A1;PRAF2;ZFC3H1;C14ORF132;CDK2AP2;CDK2AP1;SPRY2;ATP13A3;SCLY;CKLF",3.60134003350084,43
"114","estradiol homo sapiens gpl570 gse23610 chdir up","738/3327",3.13196657649541e-18,1.91764269332789e-17,0,0,1.31255302234008,52.9022796783168,"RB1;RPL4;NCKAP1;RPL30;RPL3;TFRC;RPL31;RPL34;HNRNPU;ABAT;GPATCH4;TMEM97;SMC3;EPRS;RPL8;PHB2;RPL9;RPL7;LSM12;PSMD4;MYC;RPL36;AP1S2;PIP4K2A;RPL35;AP1S1;RPL38;RPL39;FNBP4;ACOT7;DNAAF1;RPL23;CSNK2A2;WDR74;FNDC3B;DICER1;PDZK1;WDR77;HCFC1;NUP93;EML4;DYNC1LI1;SCO2;PSME3;JTB;TXNIP;PSME2;YME1L1;TMEM126B;RPL29;RABL6;ATF4;NUP205;ZNF395;POM121;SET;SAR1B;SHMT2;PRKDC;MEPCE;ENDOD1;MRPL17;MRPL12;PRDX3;MRPL20;LARP1;PRDX4;NUP85;PRKAR2A;PNPO;ZNF148;ZNF267;BTF3;NAA50;JUN;RPL41;ACD;JAG1;TEX30;CADM1;SIVA1;H3F3B;TIPARP;SETD1B;TMA7;PRRC2C;NR2F2;MAGOHB;PRDX6;MRPL24;PRRC2B;MRPL22;DHFR;CS;HNRNPM;GLUD1;UCK2;TBL2;EIF6;FASN;HYOU1;HNRNPC;CDK13;FARSA;C5ORF30;BTG3;TCF25;RPLP0;LPCAT1;MRPL34;ADO;PFAS;MRPL35;WDR43;PQBP1;SERPINA5;ING2;FAM102A;CSRP2;AIFM1;TMEM43;IMPA2;NKRF;RARS;RPLP2;TIMP3;C11ORF24;BRD2;TPI1;NSUN5;ACTL6A;SSR3;ITPK1;EN2;MRPL49;EMP2;C6ORF62;NUTF2;AEN;BAZ1A;FOS;GNL2;SLC39A14;MZT2B;MRPL52;SLC7A5;MZT2A;PLSCR1;SLC7A6;NSA2;GPRC5A;PSMA4;SLCO4A1;PSMA2;PTRH2;COL21A1;GART;ERGIC2;ARF6;PCYOX1;KANK2;SF3B5;ZNF593;RPL12;TIMM9;HSPA14;SLC7A1;TMEM164;TM9SF3;BCLAF1;RPS15A;AGR2;RPL14;RPS3;RPL13;FLNB;CHML;CEPT1;HARS;RPS2;RPL17;BRD4;MBD4;FARP1;YTHDF1;SF3A1;YTHDF2;MOCOS;SULF1;BYSL;LYRM1;LYRM2;RYBP;LYRM4;FABP5;NFIB;C12ORF29;TSR1;PLP2;FRYL;NUCB2;LIMS1;MTCH2;IRS1;NAB1;PLOD2;RPL10A;IPO4;LAPTM4B;SLK;APMAP;NFATC2IP;SLC16A6;PIM1;SLC16A7;PMPCA;NBN;PHLDA1;IFNAR2;RAB2A;TOR3A;USP7;MREG;CISH;RPS8;IGFBP4;UGT2B15;CSGALNACT2;RPS6;GTF3A;UBE2E1;SARS;VRK1;RPSA;CNPY3;FBXO11;DGKZ;FTSJ3;ARMCX3;ACLY;RAB31;SYPL1;MAPKAPK3;MRTO4;ARMCX6;SNRPG;ERH;PHIP;SNRPE;FKBP4;IL6ST;FAM8A1;ANAPC1;ANKRD36B;FKBP5;NOTCH2;KHDRBS1;NOTCH1;MAX;ARL3;UBR4;RHOBTB3;UAP1;AK4;FOXO3;HSP90B1;SLC9A3R1;BTBD1;ATXN7;TPR;EIF4EBP1;PGK1;SAFB2;NAE1;OSBPL8;COA3;NOP14;AKIRIN1;SDF2L1;FUS;WFS1;TRAPPC4;CEP350;M6PR;ASNS;LSM5;MARCH6;TOR1B;CHERP;LSM2;DRAP1;MFHAS1;CNOT6;COPS5;MAFB;BCL6;STK24;RHEB;MDM2;TUBGCP3;DHCR7;OGT;RSL24D1;ZNF652;EIF4G1;AMD1;WDR4;KIAA0100;PIK3CB;ITGAE;BICD2;MRPL4;OPA1;SUMO2;TNPO1;TAPT1;IDH3A;PELP1;NCK1;EIF5B;ACTR2;HSP90AA1;CERS6;ITGA2;SORD;AHSA1;EDF1;VEZF1;SLC25A15;SLC25A17;TFDP1;PCCB;RPL37A;MCM5;TOP1;RAB1A;GTF2A1;CEBPB;SLC47A1;SEMA3C;EI24;NDUFB2;RPL36A;THSD4;PPM1G;AP3M2;SLC25A28;U2AF2;POLR2E;POLR2H;UBQLN4;WASF2;EIF4E;SEC11A;SEC23B;CTNNAL1;SLC25A24;POLR2L;NDUFA6;MYO10;CNBP;CCDC59;RPL23A;PTPN11;TPD52L1;KLF4;HNRNPAB;OXR1;ASS1;SNRNP40;TSPAN13;EIF3K;MGP;PDCD4;ESF1;EIF3E;EIF3D;TPT1;SLC25A36;SPG21;PFKP;IFITM3;EIF4A1;IFITM1;IFITM2;SLC35B1;PITPNB;HDAC11;CISD1;PPP2R2A;CALML4;THUMPD1;PWP2;PWP1;RPS15;RPS6KA3;RPS16;RPS18;FLAD1;RCC1;PIEZO1;DENR;SNRPD3;SKP2;PDK1;TMPO;SEC63;SRRM2;CPT1A;ALG8;TIPIN;METTL1;SFMBT1;IFRD1;ALG5;SLC6A14;ALG3;ACTN4;BCS1L;ASRGL1;MRPS18C;PSG9;COX7A2L;CFDP1;IFI27;SUB1;CDC37;VDAC3;CCDC86;TFAM;SUCLG1;PREB;TTLL12;KCTD12;PFN1;PTGES;ANP32A;MGST2;NMD3;TXN;PIK3R1;ZMPSTE24;DHX30;SCFD1;RAB11FIP1;INPP5F;STC2;GSE1;SCAP;SNX5;PCK2;RPL39L;EGR1;XRCC6;YES1;EGR3;GADD45B;XRCC5;GREB1;MICAL2;RASSF8;PUM1;SMARCA2;SMARCA4;DERA;NET1;RPS26;RPS25;RPS29;RPL27A;MYO5C;SDC1;MPHOSPH10;GRB2;RPS20;MAGED2;ALDH18A1;RPS21;RPS24;AARS;FKBP11;COX7B;MRPS16;FASTKD1;SLC35F2;MRPS11;CETN2;AP4E1;MRPS10;MAGT1;COIL;EPM2AIP1;XPO1;ARIH2;SDF4;TMED2;DLAT;TMED7;NANS;UTP14A;CTSD;VAV3;CCT3;ATP6V0B;MRPS27;PRMT1;PABPC4;NBPF10;MRPS2;AMPD2;GFRA1;GAB2;RHOF;UCHL3;CBFA2T3;RHOD;APRT;RAP2C;UGDH;KIF2A;CSDE1;FAM20B;TFF3;CRELD2;EEF1E1;FJX1;CD44;FOXC1;MYCBP;TOMM40;SLC20A1;PRIM1;MRPS34;AMIGO2;NOL9;TYMS;AKAP1;GNAI2;CXORF40A;PGRMC1;EXOSC5;PES1;MGAT2;CCT8;TBL1X;EPS15;CXORF40B;CA12;DYNC1H1;RANBP1;GCH1;SLC31A1;KRT13;FAM189A2;AP3D1;RPA2;YIF1A;KLK11;TJP1;BOP1;KRT19;PER3;KRT15;DLC1;MARS;HNRNPA2B1;DPAGT1;SCARB1;GOLT1B;POGK;GEMIN2;NDUFA10;BCCIP;HDLBP;NUCKS1;UBE2Z;TOMM22;EEF1B2;CHCHD2;TMEM147;CCND1;RBMX2;KHSRP;BANF1;OSTF1;TMEM14B;CARD10;RALBP1;TRAPPC2L;NPY1R;KAZN;DNAJB14;SDHC;WBP11;CCNB1IP1;ALDH3A2;PRPF4;PCP4;BRMS1;PRPF6;TMX2;GEMIN6;RPP25;ATP6V1A;TMED10;CHRNA5;PSMD14;SEL1L;SLC1A5;HIGD1A;PRPF8;TAF5L;EBP;CALCR;PODXL;ISOC1;CYC1;HSPA9;YARS;MPST;IVNS1ABP;DARS;HSPA8;SMAD1;CRTAP;CBX5;SLC52A2;CBX1;PHF11;ISG15;H2BFS;INHBA;IGF2R;TMEM230;BMP5;NR4A2;DNMBP;GNAQ;DNAJC10;CHMP2B;STT3A;UBE2N;GNAS;PI4KA;SRPRB;DEGS1;ZCCHC2;COPE;UBE2M;GSK3B;DDX47;HSPB8;CHD7;USP34;SLC2A1;HMGB1;YBX1;TRIAP1;MEA1;SOBP;LMNB1;HK1;CASP7;CA2;ZC3H7B;NUP62;UQCRFS1;TMEM109;MYBL2;LRRFIP2;MAN1A1;MYBL1;RBM14;H2AFZ;DESI2;CAD;DDX56;RPS3A;GLRX2;NAV2;ARID1A;UTP18;SFPQ;CREB1;NDUFS6;NUP50;CRY1;TERF2IP;BLVRB;MYH9;ATG4B;PFDN2;LUC7L2;ITGB3BP;USP16;LAMA3;RAP1GDS1;DDX21;SLC3A2;ATP1A1;ASAP2;MUC1;CAND1;DNPEP;CHSY1;GMDS;TDG;POLD2;TYW1;LRIG1;DROSHA;NUP43;MAPK6;ABCF2;ABCF1;TIMM8B;GALNT7;KDM4B;ZNF185;NAA10;TAF11;ATP2B1;HSPE1;TTC19;GALC;RPIA;WEE1;MLPH;CYP24A1;CD9;CHPT1;GPD1L;ATP13A3;SSBP1;TAF4;GLA;CKLF;RPL26L1",6.09756097560976,45
"115","menadione mus musculus gpl1261 gds4171 chdir up","135/386",3.47426833086073e-18,2.10872982168764e-17,0,0,2.0694729742159,83.1951888410584,"EIF4A1;SPARC;ACAA2;ARL6IP1;AMHR2;RPL8;RPL10A;IFI30;LIPA;RPL7;RPS15;LAPTM4B;RPS14;GJA1;CAPNS1;MPC1;RPL36AL;RPS18;LRAT;TMSB10;B2M;RPL21;RPS7;RPS8;SERPINF1;ECH1;TMX4;SUB1;PSME1;SNRPG;RPL24;SPARCL1;RPL28;PPIC;SET;GLT8D1;HTRA1;ATXN7L3B;COX7A2;NREP;HSP90B1;PLAC8;SOCS3;SDCBP;GNG10;PRDX4;PRDX1;ISOC1;NDN;NDUFV2;IVNS1ABP;DARS;CRTAP;H3F3B;ST13;FUS;M6PR;ARHGAP29;TMEM230;COL1A1;COL1A2;COPS5;SERINC1;SERPINI1;SERINC3;NOP10;RPS24;BTG4;RPLP0;HMGB1;TRIM2;SEC61G;IDS;TMED2;PHGDH;HMGCS2;LBP;CD36;CTSD;CTSB;HSP90AA1;ANXA3;H2AFZ;ANXA5;RRAS2;RPL13A;DYNLL1;ACTA2;PSMA6;RCN1;EEF1D;RPL37A;COL6A3;MICU2;SLC25A4;LUC7L2;GRN;SEMA3C;RPL12;GSTP1;LRRC17;NDUFB2;UQCR10;HSD17B11;COX5B;CST3;PSMB7;ABLIM1;PGRMC1;PSMB1;RPS3;GPC3;RPL13;RPL15;RPS2;RPL18;RANBP1;NDUFA5;IDH3G;TMEM176B;TMEM176A;HSPE1;FKBP1A;GATM;MARCKS;SPCS1;FAP;MGP;PDCD4;PMP22;EIF3E;VIM;SSBP1;CKLF;LAMTOR5",0,0
"116","menadione mus musculus gpl1261 gds4171 chdir down","115/308",4.06436902582658e-18,2.4456289482991e-17,0,0,2.20932913240606,88.4709792875605,"IFITM3;IFITM1;GOLT1B;NAB1;HDLBP;CXCL13;CLU;ETS2;MYLK;PSMD4;MPRIP;ZMIZ1;ARHGDIA;TNS3;MAP3K4;SRRM2;PDGFRA;USP7;MAP2K1;IGFBP5;RPL23;USP3;CSNK2A2;F2R;FNDC3B;SARS;TBC1D2B;POLRMT;TM4SF1;GEM;NISCH;ARMCX3;ACLY;SOAT1;COL4A2;COL4A1;FDX1;MXRA8;PREB;S100A4;NUPR1;POM121;ISYNA1;IGSF3;CTBP1;SHMT2;STXBP1;TSHZ2;AK1;UBR4;AK4;GLG1;CACNA1H;CNN3;PRKAR2B;MAN2A1;PGK1;SCAP;CYC1;NDUFV1;FDFT1;VAT1;HSPA8;GOT1;PLK2;GREB1;INHBB;SMARCA4;BFSP1;EIF6;FASN;SDC1;UBA1;LRP10;ITM2C;AARS;RERE;CITED2;SLC2A1;CSRP1;ENC1;CTSH;SPTAN1;SLC18A2;HIST1H1C;ATP6V0B;TPI1;DUSP1;MMP2;UPK3B;ARID1A;ENAH;PKM;CTTN;TFDP2;SLCO4A1;TMEM45A;COLEC11;CEBPB;WDR26;NEDD9;DNPEP;CAMK2N1;UCP2;BRD4;DYNC1H1;EGLN3;GSN;RPL23A;PFKL;AXL;FABP7;RBM42;STUB1;EIF3D",3.47826086956522,4
"117","amoxicillin rattus norvegicus gpl341 colon gds1273 chdir up","93/229",1.2040058923642e-17,7.18287275957448e-17,0,0,2.40303868117103,93.6182834454705,"GLTP;RPL4;GPI;PIGR;FCGBP;RPL30;BTG2;BTG1;TFRC;RPL31;RPLP1;RPLP0;HNRNPU;SPINT2;CALML4;YBX1;RPL9;RPL7;LGALS4;RPS4X;RPS14;MT2A;RPS16;RPS19;DMBT1;CCND1;CA2;FTH1;ARHGDIB;MLX;RPL35;IDS;RPL37;PRSS3;RPS11;RPS12;COX8A;CPA2;ACOT7;RPS7;GPX4;RPS8;RPL23;RPS5;RPS6;RPL13A;RPSA;RPS3A;UGDH;PKM;EEF1D;SUB1;TFF3;ADNP;PFN1;RPL28;CDH17;RPL12;RPL11;HIGD1A;NDRG1;SELENBP1;DNPEP;EPCAM;PRDX1;LMAN2;RPS3;RPL15;RPS2;PROM1;RPL18;RPS27A;RPL17;MCL1;MAPK3;RPL41;H3F3B;FUS;NFYC;RPL23A;TM9SF2;GLUD1;PYY;COL3A1;KRT19;RPS27;DHRS9;RPS29;RPL27A;UBA3;FAU;RPS21;RPS24",1.0752688172043,1
"118","menadione mus musculus gpl1261 gse23725 chdir down","115/314",2.20739703023117e-17,1.30573146364522e-16,0,0,2.167112652169,83.1133917385888,"IFITM3;IFITM1;GOLT1B;NAB1;HDLBP;CXCL13;CLU;ETS2;MYLK;PSMD4;MPRIP;ZMIZ1;ARHGDIA;TNS3;MAP3K4;SRRM2;PDGFRA;USP7;MAP2K1;IGFBP5;RPL23;USP3;CSNK2A2;F2R;FNDC3B;SARS;TBC1D2B;POLRMT;TM4SF1;GEM;NISCH;ARMCX3;ACLY;SOAT1;COL4A2;COL4A1;FDX1;MXRA8;PREB;S100A4;NUPR1;POM121;ISYNA1;IGSF3;CTBP1;SHMT2;STXBP1;TSHZ2;AK1;UBR4;AK4;HIGD1A;GLG1;CACNA1H;CNN3;PRKAR2B;MAN2A1;PRDX1;PGK1;CYC1;NDUFV1;FDFT1;VAT1;HSPA8;GOT1;PLK2;GREB1;INHBB;SMARCA4;BFSP1;EIF6;FASN;SDC1;UBA1;LRP10;ITM2C;AARS;RERE;CITED2;SLC2A1;CSRP1;ENC1;SUMO2;CTSH;SLC18A2;HIST1H1C;ATP6V0B;DUSP1;MMP2;UPK3B;ARID1A;ENAH;PKM;CTTN;TFDP2;SLCO4A1;TMEM45A;COLEC11;CEBPB;WDR26;NEDD9;DNPEP;CAMK2N1;UCP2;BRD4;DYNC1H1;EGLN3;GSN;RPL23A;PFKL;AXL;FABP7;RBM42;STUB1;EIF3D",2.60869565217391,3
"119","dexamethasone mus musculus gpl6105 gse44208 chdir down","164/514",2.26810809063965e-17,1.33036928341721e-16,0,0,1.8879653719522,72.3562738942015,"EIF4A2;RPL30;MTCH2;RPL34;HP;KEAP1;RPL8;RPL10A;COMT;RPL9;COX6A2;RPL7;MYLK;PSMD8;UXT;RPS15;RPS14;PSMD4;CAPNS1;RPS18;FTH1;PSMD3;BSG;RPL36;PDK4;RPL35;RPL37;RPS11;AP2M1;RAB2A;CISH;RPS8;S100A1;ADIPOQ;ECH1;CSNK1D;ATP1B1;COX6B1;MAPKAPK3;HIST1H2BF;TXNIP;HIST1H2BE;HIST1H2BH;RPL26;CYP2E1;RPL28;UBA52;EIF1B;ATF4;FKBP5;HIST1H2BC;CFD;VCP;CD151;SAR1B;DIABLO;MGST3;PIK3R1;SULT1A1;PRDX3;BLOC1S1;DDRGK1;EIF4EBP1;EIF4EBP2;MCL1;BTF3;IVNS1ABP;HSPA8;RPL41;SMAD4;JUP;EEF2;MLLT11;HIST1H4A;ALDH6A1;COPS5;RPS27;RPS29;RPL27A;LCN2;MYF6;HIST1H4H;SERINC1;RPS20;HNRNPC;RPS21;RNF187;SLC25A3;ACADVL;CITED2;TECR;CHD7;YBX1;UBL5;ACTR1A;UBL3;CHMP1A;CTSD;PSENEN;MYBPC1;GPX4;TNFRSF12A;DUSP1;TNNC1;GAA;EDF1;RPS3A;CBFA2T3;ARFGAP2;RHOB;ACTA2;EEF1G;MED25;PSMA4;TFDP2;NPC1;ASPH;MYOT;NME7;EEF1D;RPL37A;TNNT3;ATP6V1B2;NDUFS2;PFDN2;CRYAB;PFDN5;HIST1H2BN;CD63;CEBPB;HIST1H2BJ;NXN;GSTP1;RPL11;ATP1A1;COX5B;PSMB7;SLC25A28;PSMB2;PSMB1;NRAP;RPS2;FLNC;RABAC1;ABCF2;SLC12A2;EGLN3;HSPA1L;IDH3G;NR1H3;RPL23A;PSMC5;KLF6;SPCS1;DES;PSMC4;EIF3L;EIF3I;HNRNPA2B1;P4HB;EIF3F;FAU;PNPLA2;GRINA",3.65853658536585,6
"120","propranolol mus musculus gpl6885 gse42534 chdir up","158/490",3.0029732689081e-17,1.74672945141488e-16,0,0,1.90798212776235,72.5879278294548,"EIF4A1;CHIC2;CD81;SLC35B1;NDUFA10;PHB2;PSMD8;RPS15;NARS;RPS14;LSM12;GJA1;CCND2;CCND1;PLAU;FAM162A;DPYSL3;ARL6IP5;HIST1H2AG;PRKACB;PHLDA1;TMSB10;ACOT7;MBNL2;TPM4;IGFBP4;RPS5;FST;CSNK2A2;F2R;ALG5;WDR74;GTF3A;WDR77;TUFM;NISCH;TPST2;CH25H;MTAP;COL4A2;COL4A1;PSME3;MRTO4;UQCRC1;FSCN1;CCDC86;RPL29;PFN1;EIF1B;COPA;MRPL17;PDGFA;MRPL12;GLG1;ZMPSTE24;DPP3;NUP85;PRDX1;GAR1;EIF4EBP1;NDUFV2;NDUFV1;MCL1;EGR1;TMEM184B;TRAPPC4;ARHGAP29;TDRD7;MLLT11;DRAP1;BMP4;HNRNPM;RPS25;UCK2;EHD4;EIF6;LPAR6;SRPRB;CALM3;DEGS1;FERMT2;CNIH4;FKBP11;WDR1;PPP1R11;SLC2A1;TNFAIP2;MRPS10;CXCL1;TNFAIP1;ELAVL1;ESM1;TUBA1A;LBH;DHX15;ANKRD1;TIMP3;TIMP1;UPP1;CCT3;LYPLA2;SEC13;TPI1;TNFRSF12A;ANXA3;ITGA3;PRMT1;H2AFZ;ANXA5;PLAUR;EDF1;COQ10B;MLF2;RHOB;TUBB2B;SFPQ;GPRC5A;PKM;IRF3;RBMS1;MYH9;PFDN2;GART;HBEGF;ARF6;SF3B5;TIMM9;GPS1;CRIP2;ATP1A1;COX5B;SRM;PPM1G;PDLIM1;EXTL2;PDLIM2;PES1;IGF2BP2;ABCF2;MAPK6;SLC12A2;RANBP1;NAA10;TAF10;HNRNPAB;KLF2;PPP1CA;FKBP1A;KLF7;PSAT1;EIF3L;EIF3I;PSMC2;ZYX;CDK2AP1;RBM42;VIM;EIF3D",4.43037974683544,7
"121","vincristine rattus norvegicus gpl1355 gse19290 chdir up","144/432",3.25808149086e-17,1.8794552732399e-16,0,0,1.9723865877712,74.8773334486988,"RPL30;RPL3;IFITM2;SPARC;TFRC;CD81;NAB1;RPL9;ELK3;RPL7;TGM1;RPS14;GJA1;MT2A;RGS2;RPS16;LGALS1;RPS19;MPC1;BSG;RPL35;SOX4;PDGFRA;PHYH;RPS7;IGFBP5;RPS8;SERPINF1;RPS6;RPSA;ATP1B1;DGKZ;IFI27;PRKAR1A;MAP7D1;FDX1;VDAC3;SPARCL1;ADNP;RPL29;PFN1;SET;RETSAT;ANP32A;GYPC;RRAD;AK1;SLC41A3;PLA2G5;MRPL12;HSP90B1;SNX3;TSPAN8;PRDX1;SERPINH1;PGK1;PACSIN2;APOE;HSPA9;RPL41;JUP;H3F3B;PRDX6;COL1A1;CS;MARCH2;RPS26;BST2;RPS25;ALDH6A1;COL1A2;EHD4;RPS27;RPS29;RPL27A;CAPRIN1;ID1;LCN2;DYNLRB1;OGT;NOP10;EIF4G2;DAZAP2;COX7B;RPLP0;TECR;FHL2;YBX1;RPS4X;LBH;XPO1;HEY1;SUMO2;NPTN;EFHD1;IDS;UQCRFS1;CD36;IDH3A;CTSB;DSP;COX8A;TNNC1;MMP2;RPL13A;DYNLL1;DCN;APRT;TUBB2A;CSDE1;DSG2;OTUB1;KANK2;C1QA;COL15A1;RPL12;GSTP1;RAB1B;NDUFB4;CRIP2;ATP1A1;COX5B;TRAK2;CST3;RPS15A;UCP2;RPL14;RPL15;RPS2;RPL17;MAPK3;TMEM176B;FKBP1A;PDP1;TJP1;COL3A1;MARCKS;NFIB;HNRNPA2B1;PMP22;CHPT1;VIM;TPT1;LIMS1",2.08333333333333,3
"122","estradiol homo sapiens gpl6102 gse11567 chdir down","108/289",3.95973413155127e-17,2.26548723264163e-16,0,0,2.21125693577118,83.5142426897363,"GLTP;RPL30;RPL3;TFRC;RPL31;PLOD1;PARK7;CNDP2;EEF1B2;LAPTM4B;RPS16;LGALS1;BSG;RPL36;RPL35;RPL38;RPS11;B2M;MYLIP;COX6B1;RBX1;ACLY;DPM3;PRKAR1A;SCNN1A;TXNIP;S100A4;RPL26;UBA52;S100A9;CUTA;CRABP2;COPB1;MGST2;COX7A2;CORO1B;TSPAN4;CYC1;SERF2;HSPA8;DHCR24;EEF2;PRDX6;HIGD2A;RPS25;RPS27;QARS;CALM3;CD24;NOP10;RPLP0;QPRT;TRMT112;TUBA1A;GM2A;PMEPA1;EFHD1;UQCRFS1;COX8A;ATP6V0B;GPX4;DCXR;RPL13A;EDF1;RPS3A;RHOC;EEF1G;NDUFS6;TFF3;ATP6V1B2;ATP6V0C;ARF5;PDXK;CAB39;RPL12;URM1;PON2;RPL11;NDUFB2;PRCP;ATP1A1;COX5B;RPS15A;MTA1;CAMK2N1;RPS3;POLR2F;IARS2;RPL15;POLR2H;RABAC1;RPS27A;MAPK3;PPP1R14B;NDUFA2;RPL23A;TM9SF1;BOP1;GID8;CD9;FAU;GPD1L;P4HB;SSBP1;EIF3F;EIF3D;RAB3GAP1;TPT1",1.85185185185185,2
"123","amoxicillin rattus norvegicus gpl341 gse2354 chdir up","106/282",4.8086038430984e-17,2.72878494510787e-16,0,0,2.22418062025263,83.5703390579518,"IFITM3;NCKAP1;AHCYL2;IFITM1;AQP3;CLU;ACTG2;LGALS4;LGALS3;GJA1;LGALS1;CCND2;DMBT1;RPL36AL;FTH1;ARHGDIA;B2M;FNDC3B;ACTN4;ATP1B1;PCP4;IFI27;SUB1;UQCRC1;FKBP2;VCP;TMED10;RETSAT;MAX;MGST3;RPN1;TWF1;COX7A2;HIGD1A;HSP90B1;PLAC8;SNX3;CNN1;SERPINH1;CYC1;PROM1;TSPAN1;SPTBN1;CLCA4;NADK;S100A10;FDFT1;MCL1;COA3;HSPA8;SDF2L1;PRDX6;MANF;HNRNPL;SLC6A8;FASN;ITGB1;COX7B;ETFB;CSRP1;CA2;SEC61G;NPTN;MUC13;UQCRFS1;ACTR2;SEC13;HSP90AA1;TPI1;ANXA5;EMP1;FOS;DUSP6;DCN;APRT;TUBB2A;GPRC5A;MEP1A;DAD1;TMBIM6;CDH17;CD63;TAGLN;NDUFB6;GNAI3;NEDD8;GLRX;ATP1A1;HMGCR;COX5B;RPS15A;MUC2;GCNT3;MAPK6;SEC23B;SLC35A1;TMEM176A;AP3D1;SLC50A1;ATP2B1;HSPE1;SPCS1;DES;MGP;PMP22;P4HB",1.88679245283019,2
"124","estradiol mus musculus gpl75 gse280 chdir down","70/152",4.84104319136417e-17,2.72503882868725e-16,0,0,2.72500778573653,102.369867033604,"SLC25A1;CD82;RPL31;PROS1;RPLP1;RPLP0;PLAT;RPL8;RPL10A;WFDC2;RPL7;MYLK;RPS15;RPS4X;SEC61A1;RGS2;TUBA1A;RPS19;MPRIP;CSRP1;CAPZB;RPS18;FCGRT;FTH1;RPLP2;RPL37;TMSB10;TPI1;RPS8;PRMT1;RPL23;RPS5;RPSA;TAPBP;EEF1G;NSA2;SPARCL1;MYH9;ERH;RPL29;SLC29A1;RTN3;CD63;COPA;TAGLN;RPL12;RPL36A;CRIP2;UQCR10;ADD1;CNN3;CNN1;RPL13;APOE;RPS2;RPL18;EIF4B;RPL41;GSN;RPL23A;PRDX6;GNG11;PPP1CA;RPS26;KRT19;RPS29;MFAP2;EIF3H;TGFBI;FAU",1.42857142857143,1
"125","estradiol homo sapiens gpl6947 gse23500 chdir up","52/95",4.98586805358392e-17,2.78410872112126e-16,0,0,3.23886639676113,121.578426103735,"EIF4A2;TRAM1;RPL31;FHL2;SRP14;LITAF;RPL9;RPS15;RPS16;LGALS1;CSRP1;RPL36AL;SEC61G;RPL35;B2M;TMSB10;RPL21;IGFBP5;BGN;RPSA;DYNLL1;SRP9;PSMA6;NSA2;SNRPG;RPL24;MYH9;JTB;COL6A3;RPL12;RPL11;TXN;ZMPSTE24;RPS3;CCL2;RPS2;RPL18;RPL17;SEC11A;BTF3;GABRP;HSPA8;PRNP;RPL41;HSPE1;COL1A1;RPS27;LCN2;GNAS;VIM;SLIRP;LAMTOR5",0,0
"126","vitamin e mus musculus gpl1261 gse42813 chdir up","198/666",5.42566924278176e-17,3.00564851703307e-16,0,0,1.75915560530945,65.8853124244229,"RPL4;GLTP;EIF4A1;RPL30;RPL3;RPL34;HNRNPU;CALML3;RPL8;RPL9;RPL7;RPS15;RPS14;BPIFA1;RPS19;RPS18;PDK4;RPL35;RPL38;RPL37;CCNL1;RPS11;SOX4;RPS12;SRRM2;ST6GAL1;RPL21;KRT4;RPL23;KRT5;COX7A2L;SLPI;EWSR1;ZC3H11A;RPL26;CYP2E1;KDELR3;PFN1;RPL28;UBA52;SET;CRABP2;IQGAP1;PRKAR2B;S100A14;PCK1;BTF3;EGR1;RPL41;H3F3B;PRRC2C;SMARCA4;RPS26;RPS25;RPS29;RPL27A;HNRNPD;SDC1;RPS20;HNRNPC;RPS21;SPRR1A;ADA;RPS24;DAZAP2;BTG2;SYNM;BTG1;RPLP1;RPLP0;CTCF;CD3E;TRMT112;TUBA1A;DHX15;RPLP2;TMED2;PHGDH;ELOVL1;MYBPC1;APOBEC2;DUSP1;AMPD1;DYNLL1;MYOT;TNNT3;ATP6V0C;ARF6;SF3B5;SPRR3;SF3B2;RPL12;RPL11;CRCT1;SCEL;RPS15A;UCP2;NRAP;RPL14;RPS3;RPL13;HARS;RPS2;RPL18;RPS27A;LAPTM5;KRT13;GSTA4;KRT15;CCNG2;KRT14;HNRNPA2B1;FAU;MTCH2;NUCKS1;RPL10A;SRP14;ETS2;EEF1B2;CCND3;ARHGDIB;BANF1;TMSB10;TGM3;USP7;RALBP1;MREG;RPS7;RPS8;RPS5;RPS6;RPSA;DGKZ;ALDH3A1;CD8A;LY6D;SNRPE;ERH;CNN3;SLC9A3R1;TPR;MCL1;IVNS1ABP;FUS;FOXN3;EEF2;NFKBIA;NR4A1;CNOT6;CRYL1;TAB2;BLMH;SERINC3;OGT;NOP10;RNF187;EIF4G1;PTEN;HMGB1;YBX1;RPS4X;LASP1;CAPZB;NUP62;SRGN;ACTR2;H2AFZ;RPL13A;RPS3A;TRDN;EEF1G;RPL37A;MCM5;LUC7L2;SMARCD2;ROCK1;RPL36A;GLRX;SEMA3F;IL2RG;CLCN3;CBL;TNKS2;EIF4H;EIF4B;UBQLN2;CNBP;NDUFA1;RPL23A;KLF4;HNRNPAB;PNRC1;MARCKS;TSPAN13;EIF3I;PDCD4;EIF3E;EIF3F",2.52525252525253,5
"127","everolimus mus musculus gpl6885 gse37129 chdir up","92/230",5.75336193590187e-17,3.16208396162166e-16,0,0,2.36686390532544,88.5068928105236,"IFITM3;CLIC4;RPL3;BTG1;ALAS1;RPL31;RPLP1;NDUFA10;ADK;HP;PYGL;PARK7;ETFB;RPL9;TXNDC15;LITAF;RPS15;RPS4X;RPS14;LASP1;FTH1;RPL35;RPL38;RPL37;RPS11;B2M;RPS12;HTATIP2;HIST1H1C;CBR1;RSAD2;DUSP1;ARG1;RPS8;RPL23;ECH1;ANXA5;COX6B1;ALDH3A2;EEF1G;SLC25A15;TUBB2B;SLPI;PSMA2;NDUFS6;RPL37A;LY6D;HIST1H2BF;RPL24;MASP2;TMBIM6;CYP2E1;RPL28;HIST1H2BC;CRP;VCP;CEBPB;RETSAT;HIST1H2BJ;CFI;UQCR10;COX5B;SULT1A1;TSPAN8;APOE;RPS2;RPL18;NDUFV1;CBR3;HSPA8;RPL41;NDUFA7;NDUFA6;GCH1;EPHX1;NDUFA2;NDUFA1;RPL23A;SOD2;CP;HNRNPAB;ATOX1;RPS26;PSMC2;APOC1;RPS20;FAU;P4HB;EIF3F;RPS21;RPS24;GRINA",0,0
"128","imatinib homo sapiens gpl201 gds838 chdir up","104/275",5.80354864834396e-17,3.16474762230007e-16,0,0,2.23776223776224,83.6598087038217,"SERPINE2;TFRC;NDUFA10;LY75;PARK7;AHR;MPO;LGALS1;DPYSL2;RPL35;RPL38;CCNL1;PRSS3;RPS11;SOX4;IER2;AP2M1;SRRM2;CYBA;DICER1;TMEM258;PSME2;S100A4;MXRA7;RPL29;S100A8;CUTA;ANP32A;GLT8D1;IQGAP1;FOXO1;TGOLN2;CLCA2;S100A12;NDUFV1;SRPK2;EGR1;JUN;CPSF1;SMURF2;EEF2;SMARCA2;HNRNPL;EXT2;GLUD1;MFHAS1;STT3A;CDK13;RGL2;ADA;ITM2C;LGALS3BP;DAZAP2;CTSW;HBD;YBX3;LMNB1;TUBA1A;IMPA2;DSE;FLOT1;NPTN;RPLP2;CTSG;TNPO1;GUSB;CAMP;BRD2;ACTR2;ATP6V0B;DUSP1;PRMT1;PABPC4;EMP1;NUTF2;MLF2;DDB1;PKM;RASA4;EEF1D;NDUFS6;DAD1;IRF7;MCM5;CD47;TOP1;PFDN5;PPP1R15A;PRIM1;IL2RG;PSMB7;RPL13;DNAJB9;HARS;GABBR2;AP3D1;AKR1C3;KLF4;PNRC1;KLF6;DLC1;ZNF217;SPRY2;PLP2",4.80769230769231,5
"129","isoproterenol hydrochloride rattus norvegicus gpl1355 gse7999 chdir down","187/618",5.82427594146783e-17,3.15142992801903e-16,0,0,1.79046743647192,66.9310959540179,"EIF4A2;MTCH2;SPARC;ACAA2;TFRC;KDELR1;ECI2;NDUFA10;CISD1;ZBTB20;PARK7;EPRS;RPL8;SRP14;NR3C1;PHB2;RPL9;COX6A2;ELK3;RPL7;RPS14;GJA1;RPS16;CCND2;CDH2;RPS19;MPC1;BSG;AP1S2;SOX4;PDK1;MEF2A;RAB2A;PDGFRA;RNF44;IGFBP5;RSAD2;SERPINF1;ECH1;ACOT13;SDHC;SYPL1;SUB1;UQCRC1;VDAC3;RPL24;COL4A5;MASP1;IL6ST;RPL28;FKBP3;RIN2;TRIB2;MMADHC;VCL;SET;RETSAT;ANP32A;GYPC;MGST3;COX7A2;MRPL12;SULT1A1;SNX3;SDCBP;BTBD1;SERPINH1;PACSIN2;NDUFV2;NDUFV1;SERF2;SPTBN1;BTF3;IVNS1ABP;HSPA9;JUN;H3F3B;GOT1;GADD45A;TMA7;PUM1;GNG11;PRRC2B;MRPL22;HIGD2A;CS;NET1;COPS6;ALDH6A1;COL1A2;HRC;GNAS;UBA3;SERINC1;AMOTL2;OGT;RPS21;LSM14A;EIF4G2;ITGB1;DAZAP2;COX7B;ACADVL;MRPS14;HSPB8;TECR;ADK;FHL2;HMGB1;YBX1;PCMTD2;UBL3;RNPEP;ANKRD1;NPTN;UQCRFS1;CD36;DLAT;CTSD;NCK1;SRGN;GPX4;TNNC1;RPL13A;NDUFC2;WIPI1;NDUFC1;KLF15;DCN;CSDE1;CAT;FAM20B;RAPGEF2;PLIN3;NDUFS2;DLD;SLC25A4;OTUB1;PTGER4;CD63;ASAH1;COL15A1;NDUFB6;RPL12;GSTP1;NDUFB4;TM9SF3;AKAP1;TRAK2;CST3;RPS15A;RPS3;HES1;RPS2;RPL18;RPS27A;SLC12A2;TIMM8B;CYB5A;YTHDF2;NDUFA6;NDUFA5;IDH3G;CNBP;PTPN11;SYNJ2BP;TPD52L1;HSPE1;SOD2;OXR1;KLHL9;PDP1;TJP1;PSMC5;COL3A1;MARCKS;SUCLA2;NFIB;HNRNPA2B1;PDCD4;PMP22;RANGRF;CHPT1;GPD1L;LAMTOR3;TPT1;LAMTOR5",2.67379679144385,5
"130","ethinyl estradiol mus musculus gpl75 gds285 chdir down","70/153",7.46280697418036e-17,4.00695328305992e-16,0,0,2.70719727733302,100.529104216345,"SLC25A1;CD82;RPL31;PROS1;RPLP1;RPLP0;PLAT;RPL8;RPL10A;WFDC2;RPL7;MYLK;RPS4X;SEC61A1;RGS2;TUBA1A;RPS19;MPRIP;CSRP1;CAPZB;RPS18;FCGRT;FTH1;RPLP2;RPL37;TMSB10;TPI1;RPS8;PRMT1;RPL23;RPS5;RPSA;TAPBP;EEF1G;NSA2;SPARCL1;MYH9;ERH;RPL29;SLC29A1;RTN3;CD63;COPA;TAGLN;RPL12;RPL36A;CRIP2;UQCR10;ADD1;CNN3;CNN1;RPL13;APOE;RPS2;RPL18;EIF4B;RPL41;GSN;RPL23A;PRDX6;GNG11;PPP1CA;RPS26;KRT19;EIF3K;RPS29;MFAP2;EIF3H;TGFBI;FAU",1.42857142857143,1
"131","bleomycin mus musculus gpl339 gds1492 chdir down","125/360",1.1788720739268e-16,6.28131837863288e-16,0,0,2.05456936226167,75.355036522262,"RPL4;EIF4A2;EIF4A1;RPL3;RPL31;RPL34;HNRNPU;SPINT2;RPL9;RPL7;MYLK;RPS14;BPIFA1;ALCAM;FTH1;RPL38;B2M;RPS12;SLC34A2;BNIP3L;RPL21;KRT4;RPS7;IGFBP5;LIMCH1;RPS8;RPL23;RPS5;ADIPOQ;RNASE4;ATP1B1;TM4SF1;ACLY;POR;VDAC3;TXNIP;RPL26;CFD;CD151;ANP32A;IQGAP1;AGER;HSD11B1;SOCS2;CNN2;IGFBP6;PLTP;SPTBN1;JUN;CADM1;H3F3B;FUS;TMEM50B;PPBP;PRDX6;GNG11;HOPX;RPS25;NR4A1;GCLC;EHD4;RPS29;RPL27A;FASN;AMOTL2;RPS21;FERMT2;RPS24;CLIC4;RPLP1;LPCAT1;HMGB1;YBX1;WFDC2;PTPRF;TMEM100;RPS4X;CSRP1;SUMO2;TIMP3;TMEM109;CD36;SPTAN1;APPL2;HSP90AA1;ARHGEF12;GPX4;DUSP1;ANXA5;SFTPD;RPL13A;EMP2;DCN;CSDE1;RPL37A;CAT;MYH9;TMBIM6;CD47;CRIP2;ATP1A1;HSD17B11;SELENBP1;PGRMC1;RPS15A;DRAM1;SPOCK2;RPL13;RABAC1;SLC12A2;GSN;CNBP;FMO2;RPL23A;HSPE1;SORL1;KLF2;MYO1B;TSPAN13;NFIB;GSTA3;PMP22;CD9;TPT1;PF4",2.4,3
"132","cisplatin homo sapiens gpl6883 gse47980 chdir down","110/301",1.31417553029076e-16,6.94920091017386e-16,0,0,2.16241718925082,79.075600446784,"IFITM3;EIF4A1;NCKAP1;SCARB1;IFITM2;RPL3;TRAF3IP2;PLOD3;EEF1B2;LAPTM4B;MT2A;ZMIZ1;RPS6KA2;CREB3L2;RPL38;DENND5A;RPS11;RPL39;TNS3;FBXO7;PHLDA1;RPS12;ACOT7;RPL21;ACSL3;SND1;CDC25B;UQCRC1;RPL24;RPL26;PFN1;ALDH7A1;TRIB2;RAI14;CD151;IGSF3;PRPF8;ABR;PACSIN2;AMZ2;CYC1;SPTBN1;EGR1;RPL41;XRCC6;CADM1;M6PR;PRRC2C;PUM1;PTK2;IGF2R;HNRNPM;RPS27;CDK6;STK24;FASN;UBA3;GNAS;TPP1;EIF4G2;AARS;ITGB1;RERE;GPI;GSK3B;TECR;ETFB;ATRAID;HK1;SUMO2;TIMP3;COX8A;CCT3;SUN2;ANXA2;ANXA5;NBPF10;GAB2;NAV2;SLC7A5;PKM;NPC2;AGPS;PCCB;ATP6V1B2;MYH9;RBMS1;RALB;STAU1;RPL12;ATP1A1;THBS2;ADD1;GNAI2;PSMB7;ERBB3;RPS3;CCT8;IGF2BP2;RPS27A;SH2B3;ATP9A;EIF4B;ATP2B4;FKBP1A;KLF6;SPCS1;PMP22;NUCB1;VIM",5.45454545454545,6
"133","rosiglitazone homo sapiens gpl96 gds2705 chdir up","68/148",1.56902891064968e-16,8.23445247844722e-16,0,0,2.71869502638733,98.9357713095683,"TRAM1;SLC25A3;SERPINE1;RPLP0;HMGB1;YBX1;RPL7;RPS4X;TRMT112;RPS16;RPS19;PLAU;RPS18;RPLP2;RPL38;RPS11;B2M;RPL39;HSP90AA1;RPL21;RPS7;ANXA2;RPS5;RPS6;ECH1;ANXA5;KRT7;RPL13A;RPSA;RPS3A;DYNLL1;TNFRSF1A;SLC25A16;ACLY;PKM;SYPL1;PSMA2;PSME3;CAT;RPL26;PFN1;CEBPB;MGST3;RPL12;UQCR10;PRDX3;PRDX1;PGK1;RPS3;RPS2;SPTBN1;BTF3;CA12;HSPA8;AKR1C1;AKR1C3;RPL23A;RPS27;FABP5;RPS29;CAPRIN1;RPL27A;DLC1;DYNLRB1;VIM;RPS21;RPS24;TPT1",0,0
"134","estradiol homo sapiens gpl570 gse16683 chdir down","188/629",1.90445393202648e-16,9.92021525786925e-16,0,0,1.76856285453571,64.016963528201,"RPL4;EIF4A2;CHIC2;SPARC;DCLRE1C;TFRC;RPL34;NUCKS1;PARK7;THUMPD1;SRP14;RPL9;SAT1;ELK3;RPL7;EEF1B2;NARS;RPS6KA3;GJA1;RPS16;RPS19;RPL36AL;FTH1;NAMPT;AP1S2;PIP4K2A;PLS3;RPL38;RPL37;RPL39;B2M;TMEM14B;RPS12;SLC38A1;TSPYL1;MBNL2;ATP6V0E1;RPS7;RPL23;FNDC3B;UBE2E1;RPSA;DICER1;ATP1B1;TM4SF1;ARMCX3;EWSR1;PRKAR1A;COL4A1;MAP1B;SUB1;UNC50;VDAC3;RPL24;HOXB2;RPL28;RIN2;EIF1B;CDC42SE1;SET;TXNDC9;CTBP1;COPB1;MRPL17;PDGFA;COX7A2;BCL10;GATA3;HIGD1A;LARP1;PRKAR2A;EIF4EBP2;RSU1;SNX5;SPTBN1;BTF3;ANKRD28;EGR1;SMAD1;HSPA8;RPL41;YES1;CBX5;TNFSF15;GADD45A;TMEM50B;TMA7;ASNS;INHBA;PUM1;PRDX6;GNG11;HNRNPL;EFNA1;HNRNPM;RPS25;EHD4;CDK6;STAG2;RHEB;RPS29;RPL27A;UBE2N;RPS20;RSL24D1;RPS21;EIF4G2;ITGB1;RERE;TRAM1;CLIC4;DOCK4;BTG1;MCTP1;USP34;SUMO4;HMGB3;SLC7A11;HMGB1;RND3;AKAP12;RPS4X;ESM1;TUBA1A;CRTAC1;TCTN2;SUMO2;NPTN;RPLP2;ANXA7;TMED2;TNPO1;EDIL3;RBM6;SRGN;EIF5B;ACTR2;HSP90AA1;ANXA2;NBPF10;LRRC40;RPL13A;NDUFC2;C6ORF62;SERPINB9;RPS3A;PSMA4;CTTN;TMSB15A;PSMA2;NME7;WAC;RBMS1;ERGIC2;ARF6;SF3B5;RAB1A;ASAH1;ROCK1;RPL12;TIMM9;DDX21;CYP3A4;TM9SF3;RPS15A;PSMB1;RPL14;CCL2;HES1;RPL15;CEPT1;RPS2;SEC11A;SLC12A2;PLEKHA5;RPL23A;TJP1;MARCKS;NFIB;PSAT1;PSMC2;HNRNPA2B1;EIF3H;CDK2AP1;EIF3E;ZNF611;C11ORF58;PNPLA2",4.78723404255319,9
"135","tretinoin homo sapiens gpl96 gds3089 chdir up","57/113",2.28904782783931e-16,1.1835225065421e-15,0,0,2.98476200450333,107.490907288737,"RPL4;ORM1;RPL3;RPL34;RPLP0;TMEM97;HMGB1;EPRS;RPL8;RPL10A;MPO;YBX3;RPL7;RPS4X;RPS16;MYC;RPL35;RPLP2;PHGDH;RPL21;RPS7;H2AFZ;RPL23;RPS5;RPS6;HLA-B;HLA-C;RPL13A;RPS3A;CCNB1IP1;EEF1G;RPL29;ATF4;SET;SHMT2;TYMS;RPS15A;EIF4EBP1;PGK1;RPL14;RPL13;RPS2;CCT8;RPL17;BTF3;DARS;HNRNPAB;FABP5;RPS29;HNRNPA2B1;RPS20;S100P;EIF3E;P4HB;RPS21;RPS24;TPT1",1.75438596491228,1
"136","letrozole homo sapiens gpl96 gse5462 chdir up","50/92",2.94766380866153e-16,1.51284510179835e-15,0,0,3.21584769745305,114.999834578601,"COX7B;SPARC;RPL34;AQP3;SAT1;LIPA;HEBP1;ALCAM;RPS18;CTSK;TNFSF10;CD36;B2M;TMSB10;CTSB;SERPINF1;RPS3A;TM4SF1;DCN;SFRP4;NPC2;ARMCX6;SPARCL1;TXNIP;CFD;CD63;TACSTD2;UGT2B28;PDLIM1;SDCBP;MUC1;GPNMB;UCP2;RPL13;CYB5A;GSN;AKR1C1;NDUFA1;RPL23A;COL1A1;COL3A1;COL1A2;FABP5;PIP;MGP;APOC1;S100P;VIM;CD24;TPT1",2,1
"137","estradiol homo sapiens gpl570 gse29881 chdir up","113/316",3.13375287399637e-16,1.59661277813829e-15,0,0,2.11594637105835,75.5374449972724,"NCKAP1;IFITM1;RPL30;SPARC;SERPINE1;NUCKS1;RPL10A;LIPA;SAT1;UXT;LGALS3;LAPTM4B;GJA1;RPS18;TNFSF10;RPS11;B2M;TMEM14B;CARD10;CPT1A;ATP6V0E1;RPS7;RPL23;RPS6;FNDC3B;GTF3A;TM4SF1;ARMCX3;COL4A1;FSCN1;JTB;TXNIP;TRIB3;MXRA7;KCTD12;EIF1B;UBA52;SET;TMED10;HSP90B1;CNN3;CYB5R3;ANKRD10;PLXNA1;CYC1;SNX5;MCL1;BTF3;PRNP;HSPA8;YES1;SMURF2;TMA7;MICAL2;EEF2;RPS25;STK24;RPL27A;CAPRIN1;GNAS;RPS20;LRP10;CNIH4;ITGB1;CLIC4;DOCK4;WDR1;PTEN;YBX1;MRC2;CSRP1;SUMO2;ANKRD1;RAC2;TMED2;ANXA7;CTSB;TMED9;ANXA3;SSR3;EMP1;NUTF2;NDUFC1;GLRX2;SRP9;DUSP6;RHOB;CLDN11;BACE2;CTTN;NPC2;TMBIM6;CD47;ASAH1;GRN;RAB1B;NDUFB2;SEMA3F;TANK;SULT1E1;CCL2;RPL15;RPL18;EIF4B;BRD4;AP3D1;SULF1;TJP1;MARCKS;MGAT4B;CDK2AP1;RPL26L1;TPT1",4.42477876106195,5
"138","niacin mus musculus gpl1261 gds2605 chdir up","84/206",3.36717158782836e-16,1.70310562920594e-15,0,0,2.41282242775895,85.9623204613264,"OXTR;CLIC4;LPGAT1;SPARC;RPL3;RPLP1;SERPINE1;HEXA;HP;F13A1;RPL9;LIPA;RPL7;EEF1B2;RPS4X;LGALS3;GJA1;CHCHD2;LASP1;LGALS1;TUBA1A;PPP2R1A;RPL36AL;RPS18;TMED2;RPL38;LBP;B2M;CTSB;TPI1;ANXA5;RPSA;DCN;TRDN;COL4A2;COL4A1;NPC2;COL6A2;TNNT3;RPL37A;CAT;COL6A3;MYH9;ATP6V0C;S100A8;LUC7L2;ARF6;C1QB;PRPS1;GRN;INSIG1;VPS4B;NEDD9;SLC38A10;IQGAP1;RPS15A;GPNMB;OXCT1;PRDX1;RPL14;RPS2;SASH1;MCL1;PRNP;GSN;H3F3B;YIPF5;TMA7;LHFPL2;SOD2;COL1A1;QDPR;COL3A1;MARCKS;COL1A2;FASN;HNRNPA2B1;RPS20;DEGS1;P4HB;EIF3F;EIF4G2;TPT1;GRINA",2.38095238095238,2
"139","rosiglitazone homo sapiens gpl96 gse7035 chdir up","72/164",4.18477521178023e-16,2.1014194948364e-15,0,0,2.59777745706451,91.9870620534505,"RPL4;EIF4A1;TRAM1;RPL3;RPL34;MT1X;PARK7;HMGB1;RPL8;RPL10A;RPL9;RPL7;RPS4X;LAPTM4B;CCND3;LASP1;RPS16;ALCAM;BASP1;UQCRFS1;TIMP1;TNPO1;TNS3;RPS12;CTSB;SRRM2;G6PD;HSP90AA1;TPI1;ANXA2;RPS8;RPL23;RPL13A;RPS3A;ATP1B1;EEF1G;SLC7A5;SFPQ;EEF1D;MRTO4;RPL37A;MT1G;JTB;MT1H;KDELR3;RPL29;RPL28;CD44;CUTA;RAB5C;PSMD14;RPL12;HSP90B1;RPS15A;RPL14;RPL13;RPL15;RPS2;SEC11A;NDUFA1;EEF2;PSMC5;MLPH;QARS;EIF3K;AXL;EIF3I;GNAS;TCEA1;P4HB;CD24;TPT1",2.77777777777778,2
"140","propofol homo sapiens gpl570 gds2772 chdir up","81/196",4.52579938662951e-16,2.25643426561957e-15,0,0,2.44535684096124,86.3982897165942,"EIF4A2;RPL30;RPLP1;HP;PARK7;RPL10A;SAT1;MYLK;CLGN;RPS15;LGALS3;RPS14;LAPTM4B;RPS16;RPL36AL;RPS18;ARL6IP5;NPTN;PTGDS;TMEM14B;SLC38A1;HSP90AA1;CXADR;RPL21;ANXA2;H2AFZ;TNNC1;GTF3A;RPL13A;RPSA;NDUFC1;RPS3A;DYNLL1;SRP9;TGFBR2;SLPI;EEF1D;UQCRC1;MXRA7;AIDA;CFB;PCYOX1;FKBP5;PPIC;BEX4;TAGLN;SEMA3C;RRAD;ADH1B;RPL12;AK1;GATA6;NDUFB2;NREP;PRDX1;NRAP;RPL14;RPL13;RDH14;RPL15;RPS2;RPS27A;S100A10;PRNP;RABGAP1L;NDUFA5;ST13;TMEM176B;CNBP;RPL23A;NR2F2;SYT13;SULF1;PRDX6;CS;KRT19;EIF3K;GNAS;RPS20;PKIG;PAM",0,0
"141","rosiglitazone homo sapiens gpl570 gds2453 chdir up","125/366",5.0573678985792e-16,2.50357644908389e-15,0,0,2.02088789730656,71.1767131432311,"RPL4;EIF4A2;RPL3;CD83;CD81;RPL34;FHOD1;AHR;RPS15;LGALS1;ALCAM;BASP1;DPYSL2;FTH1;ARL6IP5;AP1S2;IGFLR1;CYP1B1;ACOT7;IL1R1;RPS6;UBE2E1;ACSL3;GOLGA8B;RAB31;MAPKAPK3;SUB1;NAAA;VDAC3;FSCN1;S100A4;SLC27A3;VCL;SET;INSIG1;TACSTD2;CD1E;NMD3;CREBL2;TXN;CD1C;TMEM123;SGPL1;NDUFV2;FDFT1;IVNS1ABP;HSPA8;JUP;DHCR24;FOXN3;LYZ;EEF2;RPS26;CS;NFKBIA;MOB1A;BCL6;HYOU1;HNRNPC;TGFBI;DAZAP2;BTG2;CLIC4;COX7B;SLC25A3;SERPINA1;QPRT;SLC7A11;KIAA0100;UBL3;GM2A;PSTPIP2;FCER1A;UQCRFS1;SPTAN1;TAPT1;ACTR2;HSP90AA1;TPI1;EMP1;RPL13A;C6ORF62;MMP9;DDB1;ARL4C;RNF167;CSDE1;RPL37A;CHI3L1;CD44;HLA-DQB1;RAB7A;ARF6;BIRC3;PTGER4;PRPS1;SLC20A1;RPL12;PON2;HIST1H2BK;GLRX;ASAP1;COX5B;CST3;HLA-DMB;RXRA;TBL1X;CCL18;DYNC1H1;EGLN3;GSN;PLEKHA5;NDUFA1;ATP2B1;PNRC1;MARCKS;CCNG2;ZNF217;CDK2AP1;VIM;GPD1L;YPEL5;CKLF;PFKP;LIMS1",5.6,7
"142","imatinib homo sapiens gpl570 gds4177 chdir down","88/222",5.25738597595387e-16,2.58426437409563e-15,0,0,2.34554080707927,82.5201776260382,"EIF4A2;ITGB1;SLC25A3;RPL3;ARL6IP1;TFRC;RPL31;RPLP0;NUCKS1;BMI1;SRP14;RPL9;SAT1;RPS4X;LGALS3;RPS14;RPS16;LGALS1;TUBA1A;ARL6IP5;PIP4K2A;CYP1B1;RPLP2;RPL37;B2M;FBXO7;SOX4;TMEM14B;CTSB;BNIP3L;ANXA2;RPS7;IGFBP5;RPS8;RPL23;RPS6;RPL13A;C6ORF62;RPS3A;TUBB2B;TUBB2A;EEF1D;CSDE1;RPL37A;CAT;WAC;RAPGEF2;BLVRB;RPL29;TRIB2;PFDN5;LXN;NDUFB4;RPL36A;NREP;FOXO3;RPS15A;PRKAR2B;RPL14;RPL13;RPL15;RPS2;RPL17;RNF130;SEC11A;EIF4B;BTF3;MBD4;RPL41;ST13;AKR1C1;AKR1C3;GNG11;RPS27;CLEC2B;RPS29;EIF3L;CCNG2;APOC1;GNAS;PDCD4;EIF3H;RPS20;RHAG;VIM;EIF3F;RPS21;RPS24",3.40909090909091,3
"143","ranolazine mus musculus gpl1261 gse25767 chdir down","222/788",5.41779587738254e-16,2.644490575114e-15,0,0,1.66701709067972,58.5984386898704,"IFITM3;EIF4A1;IFITM2;PITPNB;CISD1;ABAT;RPL7;NFU1;LGALS3;GJA1;LGALS1;RNF114;PSMD4;FTH1;BSG;NAMPT;AP1S2;ARL6IP5;RPL35;SNRPD3;RPL37;PTGDS;B2M;SOX4;PDK1;MEF2A;TSPYL1;MBNL2;RPL23;RNASE4;CSNK1D;TM4SF1;PRKAR1A;SUB1;NINJ1;VDAC3;RPL24;MMADHC;ASF1A;TSPYL4;MAOB;SAR1B;RRAD;MGST3;WDR61;HSD11B1;PRDX3;HIST1H3A;PRDX1;RDH14;SNX5;SERF2;ABCA1;BTF3;H3F3B;PRG4;FAM136A;CP;PRDX6;HNRNPF;RPS24;BTG1;PIGP;TECR;CTSZ;ADK;BMI1;CLINT1;UBL3;AIFM1;DHX15;ANKRD1;IDS;TMED2;CD36;DLAT;TMED7;CTSB;HTATIP2;APOBEC2;TNFRSF12A;ANXA5;BGN;RRAS2;UCHL3;ENAH;NSA2;PSMA4;MDFIC;MYOT;CSDE1;UFC1;GAS1;CD47;CRYAB;DLD;ARF6;C1QB;C1QA;RPL12;RPL11;COX5B;TM9SF3;CST3;PSMB7;GPNMB;PSMB1;RPS2;EGLN1;PEX19;SORBS2;FKBP1A;TM9SF2;GSTA4;PF4;MTCH2;ACAA2;NDUFA10;BCCIP;ZBTB20;PARK7;SRP14;COMT;COX6A2;CLU;CNDP2;NARS;CHCHD2;MPC1;RAB2A;MYLIP;BNIP3L;RPS7;S100A1;F2R;ACOT13;ATP1B1;DPM1;MAL;FKBP3;HIST1H2BC;TMED10;COX7A2;HSP90B1;SDCBP;EIF4EBP1;PACSIN2;CYC1;NDUFV2;MCL1;IVNS1ABP;PRNP;DARS;GOT1;EPHX1;UBE2A;COPS5;RHEB;GNAS;UBA3;CPE;SERINC1;DYNLRB1;SERINC3;ITGB1;MCFD2;SLC25A3;RNF13;HSPB8;AMD1;HMGB1;PKD2;CAPZB;SUMO2;NPTN;EFHD2;UQCRFS1;HIBCH;IDH3A;HIST1H1C;DSP;SRGN;HSP90AA1;GPX4;H2AFZ;NDUFC2;PPP2R5C;ASPN;DCN;TRDN;ACOX1;DAD1;CAT;PFDN2;SLC25A4;SMPDL3A;NDUFB6;DNPEP;OXCT1;DNAJB4;POLR2E;BNIP2;DNAJB9;EIF4E;EIF4B;SPAG9;IGBP1;NDUFA6;IDH3G;CNBP;PTPN11;SOD2;HNRNPAB;PNRC1;MARCKS;MGP;EIF3H;CD9;EIF3E;CHPT1;VIM;SSBP1",2.7027027027027,6
"144","mifepristone mus musculus gpl6887 gse39270 chdir down","80/193",5.58987606996079e-16,2.70953715057822e-15,0,0,2.45270871018181,86.1401217057039,"IFITM3;EIF4A2;SPARC;WDR1;PRKCSH;NDUFA10;ADK;SLC2A1;RPL10A;SAT1;RPS4X;LGALS3;GJA1;CCND1;CAPZB;DPYSL2;NPTN;RPL37;SOX9;ATP6V1E1;RPS11;B2M;HIST1H1C;LYPLA2;TPI1;TNFRSF12A;IGFBP5;GPX4;ANXA3;PRMT1;RPS8;RPL23;SERPINF1;ECH1;F2R;MLF2;BSCL2;ACTA2;EEF1G;TUBB2B;NPC1;ERH;TMBIM6;ADNP;AURKAIP1;PFDN5;PPIC;LRPAP1;DYNC1I2;ASAH1;TMED10;WBP2;PON2;SLC1A3;SDCBP;NRAS;PRDX4;APOE;RPS2;POLR2L;BTF3;PRNP;NFYC;MT3;MEIS2;HIGD2A;RPS26;DRAP1;SPCS1;EIF3I;PSMC2;CPE;CDK2AP1;SFXN1;RPS20;SERINC1;HNRNPC;RPS24;CNIH4;GRINA",0,0
"145","chlorambucil homo sapiens gpl570 gds2970 chdir up","109/304",8.49001015479193e-16,4.08691523313432e-15,0,0,2.12161320460916,73.625221324603,"RPL4;IFITM1;RPL30;ARL6IP1;TFRC;NDUFA10;EPRS;RPL8;RPL10A;EEF1B2;CCND3;PSMD4;FAM162A;MYC;TRIM24;RPL38;SNRPD3;B2M;RPL39;TMEM14B;RPS12;RPL21;UBE2E1;ANK1;COX6B1;ACLY;PSME2;ERH;TMEM126B;RPL29;VCL;FKBP5;KHDRBS1;IDI1;GYPA;PSMD14;GYPB;INSIG1;COPB1;UAP1;ADH5;HSP90B1;SNX3;PRDX1;NDUFV2;NDUFV1;FDFT1;HSPA8;SDF2L1;ST13;TMEM50B;TRAPPC4;TMA7;MARCH6;PRDX6;DHFR;MLLT11;BST2;SCCPDH;CDK6;RPL27A;UBE2N;RPS21;EIF4G2;MRPL35;HK1;TRMT112;UBL5;CAPZB;SEC61G;RARS;DHX15;RAC2;UQCRFS1;CCT3;SRGN;EIF5B;HSP90AA1;PRMT1;SSR3;GLRX2;RHOC;REXO2;MRPL52;PSMA4;RER1;TMBIM6;PFDN2;EEF1E1;PFDN5;DYNC1I2;MYCBP;RPL12;GNAI3;NDUFB2;COX5B;HSD17B10;PSMB2;CBS;PSMB1;RPL13;RPS27A;SPCS1;EIF3K;EIF3H;RHAG;FAU;SLIRP;C11ORF58",1.8348623853211,2
"146","dipyridamole mus musculus gpl6246 gse43833 chdir down","84/209",9.2932761125371e-16,4.44294981270609e-15,0,0,2.37818861300643,82.3140315739223,"IFITM3;LGALS3BP;CNTFR;EIF4A1;CPM;SPARC;BTG1;WDR1;IRS1;RPLP1;RPLP0;IFIT3;LGALS3;LSM12;LGALS1;SUMO2;TIMP3;PMEPA1;RPL38;SOX9;TMED7;B2M;CTSD;RPL21;MME;TPM4;IGFBP5;ANXA3;DDX58;RPL23;EMP1;RPL13A;ACTN4;KRT5;RHOC;DYNLL1;ATP1B1;TM4SF1;DUSP6;SERPINB5;SLC7A5;TUBB2B;VCAN;PKM;PRKAR1A;OAS2;RBP1;IRF7;SPARCL1;UBA52;LTF;SMARCD2;RAB5C;WBP2;RPL12;THBS2;USP18;CST3;CNN2;SLC9A3R1;HIST1H3A;RRAS;FLRT3;NUP85;OLFML3;APOE;HIST1H3I;EGR1;GABRP;RPL41;JUN;ACE;JUP;H3F3B;SMURF2;IFI44;WWP2;ATP2B1;RPS26;KRT19;KRT17;KRT14;PMP22;VIM",3.57142857142857,3
"147","estradiol homo sapiens gpl91 eralpha gds884 chdir up","99/266",1.10833617924534e-15,5.26271192594046e-15,0,0,2.20225119010544,75.8365379661805,"EIF4A2;RPL30;RPL3;SERPINE2;TFRC;LAPTM4B;EFR3A;CCND2;CCND1;ZMIZ1;B2M;BNIP3L;ALG8;USP7;MAP2K1;IGFBP5;RPL23;FST;RPS6;PRKAR1A;ZC3H11A;CDC37;VDAC3;PSME2;S100A4;MT1E;ATF4;COPA;TMED10;RHOBTB3;ZNF22;PRPF8;HSP90B1;SLC9A3R1;ZNHIT3;PODXL;PRDX1;ZSCAN12;NDN;MCL1;HSPA8;XRCC5;GADD45A;GREB1;CBX1;MANF;MLLT11;RPS25;COPS5;FAT1;UBE2N;CALM3;HNRNPC;RPS24;EIF4G1;ITGB1;MCFD2;SERPINA1;WDR1;YBX1;BMI1;RARS;RAC2;TMED2;QSOX1;PHGDH;TIMP1;HSP90AA1;ATP6AP1;NBPF10;VEZF1;CTPS1;RPS3A;SLC39A14;PSMA4;TFDP1;CTTN;NUP50;DYNC1I2;SEC23A;STX16;SEMA3A;RPL11;DDX21;SEMA3F;TYMS;SLC7A1;PSMB1;LRIG1;SHOC2;CCT8;MAPK6;SEC11A;CA12;AP3D1;KRT19;GLB1;TCEA1;EIF3D",5.05050505050505,5
"148","mifepristone mus musculus gpl6887 gse39270 chdir up","78/188",1.21395968529631e-15,5.72529635362717e-15,0,0,2.45499181669394,84.3164212217251,"WDR1;CD81;RPLP1;TNC;ZBTB20;YBX1;RPL8;CLU;AKAP12;RPS14;LASP1;CCND2;LGALS1;TUBA1A;RPS19;MPRIP;RPS18;FTH1;RPL38;RPL39;TMSB10;COX8A;BRD2;SEC13;RPS7;IGFBP5;HIST1H2AI;H2AFZ;RPL23;IGFBP3;HIST1H2AK;EDF1;NDUFC1;ATP1B1;NISCH;ACTA2;BACE2;NME7;DAD1;RPL37A;FSCN1;VDAC3;HIST1H2BF;HIST1H2BE;HIST1H2BH;RPL29;RPL28;UBA52;VCL;VCP;TAGLN;HIST1H2BJ;RPL11;ATP1A1;GLG1;HSP90B1;GNAI2;OXCT1;PRDX1;EIF4H;NDN;SERF2;CTSA;HSPA8;H3F3B;HNRNPAB;ATOX1;EXT2;CNOT6;RPS27;CDK6;RPS29;NFIB;RPL27A;PMP22;UBA1;P4HB;RPS21",3.84615384615385,3
"149","ethanol rattus norvegicus gpl341 gse1996 chdir down","85/214",1.43580901108276e-15,6.72613885728701e-15,0,0,2.35027373776475,80.3254181930638,"NCKAP1;RPL30;RNF13;RPL31;CD81;SRP14;RPL9;RPS15;RPS14;GJA1;CA2;FTH1;TRIM2;SEC61G;SUMO2;ARL6IP5;NPTN;IDS;RPL38;RPL37;PTGDS;RPS11;B2M;HSP90AA1;RPS7;H2AFZ;RPS3A;ATP1B1;ITFG1;F5;CLDN11;TUBB2A;SYPL1;SUB1;SPARCL1;MAL;RPL26;RPL28;UBA52;ATP6V1A;GPM6A;CD63;RPL12;STK39;HTRA1;ITPR1;SLC1A3;UQCR11;COX7A2;PTN;TRAK2;TGOLN2;SDCBP;RPS15A;RPL14;PGK1;EPS15;SPTBN1;SERF2;TIMM8B;HSPA8;RPL41;H3F3B;TMA7;AP3D1;RPL23A;MT3;RPS26;FKBP1A;TF;STAG2;SPCS1;RPS29;GSTA3;PSAT1;RPL27A;CPE;SERINC1;FAU;DYNLRB1;FGF13;RPS21;RPS24;NOP10;EIF4G2",3.52941176470588,3
"150","vitamin e mus musculus gpl1261 gse42813 chdir down","167/550",2.00473465363886e-15,9.32869858826615e-15,0,0,1.79666487358795,60.8050048675012,"IFITM3;IFITM1;IFITM2;SPARC;ACAA2;CD81;NDUFA10;HP;CISD1;COMT;PHB2;CLU;COX6A2;PSMD8;LAPTM4B;GJA1;LGALS1;TMEM147;CCND2;TFG;CAPNS1;CCND1;MPC1;FTH1;ARHGDIA;BSG;DENND5A;B2M;IFNAR2;PHYH;IGFBP5;S100A1;IGFBP4;RPS6;F2R;ADIPOQ;ECH1;ACSL5;SDHC;TM4SF1;TUFM;BSCL2;ACLY;POR;COL4A1;UQCRC1;MXRA8;SUCLG1;FKBP9;LETMD1;HIST1H2BC;LRPAP1;POM121;CD151;INSIG1;HTRA1;SLC38A10;COX7A2;MRPL12;PRDX3;SNX3;HIST1H3A;RRAS;SERPINH1;PGK1;CYC1;NDUFV2;NDUFV1;HSPA8;CIDEA;PRDX6;CP;COL1A1;DAP;COL1A2;QARS;RHEB;GNAS;SLC25A1;LGALS3BP;PYGB;SLC25A3;CLIC4;ORM1;ACADVL;ALAS1;TECR;ADK;FHL2;PIK3CD;PYGL;WFDC2;MRPL4;CSRP2;ANKRD1;UQCRFS1;DLAT;CTSD;IDH3A;CTSB;HIST1H1C;COX8A;TPI1;ARHGEF12;GPX4;TNNC1;BGN;EMP1;EDF1;NDUFC1;REXO2;UPK3B;DCN;MLF2;RHOB;TRDN;ACTA2;PKM;NPC2;COL6A2;PCCB;CAT;MYH9;NDUFS2;CRYAB;DLD;SLC25A4;LTF;SF3B4;C1QB;TAGLN;NDUFB6;NDUFB2;HSD17B4;UQCR11;CRIP2;RRBP1;HSD17B12;UQCR10;RETN;COX5B;AGPAT2;SELENBP1;CST3;OXCT1;STOM;RABAC1;POLR2L;NDUFA7;GSN;NDUFA6;NDUFA5;IDH3G;TAF10;SOD2;SORL1;ATOX1;TMCO1;COL3A1;DHRS7;PFKL;PSMC4;MGP;PMP22;CHPT1;VIM;PNPLA2",2.9940119760479,5
"151","metoprolol homo sapiens gpl96 gds2021 chdir up","46/84",3.08183710130658e-15,1.42458430245827e-14,0,0,3.24034939419555,108.270606062033,"EIF4A1;CD63;SLC25A3;RPL30;RPL3;RPL31;RPL12;RPLP0;RPL36A;MT1X;YBX1;RPL10A;RPL8;RPL7;RPS15;MT2A;RPS16;RPS15A;RPS19;FTH1;PRDX1;RPS3;RPL35;RPLP2;CCL2;RPL38;RPL15;RPS2;RPS11;RPL17;HSPA8;RPL41;ANXA2;RPS7;RPS6;RPL13A;RPS3A;EEF1G;COL1A1;PKM;RPS29;RPL27A;RPL24;PFN1;UBA52;MT1E",0,0
"152","chlorambucil homo sapiens gpl570 gds2970 chdir down","113/325",3.11405523395277e-15,1.43000694295989e-14,0,0,2.05735093309058,68.72138581761,"EIF4A1;RPL3;RPL34;GPATCH4;NUCKS1;RPL7;RPS15;RPS14;RPS16;RPS19;RPS18;KHSRP;RPL36;RPL35;RPL37;RPS11;HIST1H2AC;SRRM2;USP7;RPS7;RPS5;RPS6;WDR74;DYRK1A;DPM1;HNRNPUL1;VDAC3;SNRPG;RPL24;JTB;SNRPE;HIST1H2BH;RPL26;EIF1B;HIST1H2BD;ATF4;FKBP2;SET;SHMT2;RHOBTB3;HIGD1A;PRDX4;LARP1;TPR;HIST1H3H;SPTBN1;BTF3;DARS;H3F3B;FUS;ARPC4;H2BFS;EEF2;LSM5;HNRNPL;RPS26;NET1;RPS25;RPS27;RHEB;CAPRIN1;HNRNPD;RPS20;HNRNPC;RSL24D1;RPS24;NOP10;RPLP1;RPLP0;WDR4;HMGB3;HMGB1;YBX1;YBX3;MRPL41;RPS4X;XPO1;SUMO2;RPLP2;TNPO1;HIST1H1C;COX8A;MRPS27;ANXA2;H2AFZ;CAD;RPL13A;NDUFC1;RPS3A;BAZ1A;DYNLL1;ARID1A;SRP9;EEF1G;RPL37A;WAC;RAB1A;HIST1H2BK;DDX21;TYMS;SLC7A1;BCLAF1;RPS15A;RPL14;RPS3;RPL15;RPS2;SEC23B;BRD4;CDKN2C;YTHDF2;RPL23A;TPT1",5.30973451327434,6
"153","sirolimus homo sapiens gpl2895 gse16944 chdir up","717/3308",3.376706769637e-15,1.54048452627884e-14,0,0,1.28252828001689,42.7362476577056,"RPL3;TFRC;ZFYVE9;MAML1;SERPINE1;HNRNPU;SMC3;RBPJ;RPL8;PHB2;TPGS2;RPL7;CAPNS1;MPRIP;ZMIZ1;DPYSL3;LRAT;RPL38;RPL37;RPL39;CDK5RAP3;TMEM8A;ACOT7;TSPYL1;CSNK2A2;FNDC3B;DNTTIP2;LDOC1;WDR73;GTPBP1;SND1;SCAMP3;CD2AP;RUFY1;DYNC1LI1;MTAP;MAP1B;PSME1;TXNIP;RPL24;RBCK1;RPL26;TMEM126B;RPL29;TSPYL4;LRPAP1;NUP205;LXN;RETSAT;MEPCE;RPN1;GATA6;NEDD4L;WDR61;ATXN7L3B;BCL10;BAZ2B;IQGAP1;ADH7;MRPL12;GLG1;MRPL20;CYB5R3;KCNMB2;GAR1;PNPO;CHST15;AMZ2;ZBTB7B;ST3GAL1;SERF2;NGFR;CREBBP;RPL41;TIPARP;ST13;SETD1B;TMA7;PBX2;TRIP4;MAGOHB;PRDX6;PBX1;PRRC2B;HNRNPL;EIF6;FXYD3;TRIP6;SNAI1;HNRNPC;PSMG2;PKIG;FARSA;GPR18;ADA;BTG2;TCF25;MTMR14;HEXA;PIGP;PRKAG2;WDR45;SLC6A1;LITAF;BBC3;C12ORF43;MRC2;UBL5;UBL3;TMEM43;IMPA2;NKRF;CTLA4;BRD3;DUSP5;SERPINB2;PLLP;RIPK2;ACTL6A;ANXA5;ITPK1;MRPL49;EMP2;AEN;DYNLL1;DUSP6;COPZ1;HIST2H2BE;MED28;PSMA6;BACE2;PLSCR1;NSA2;MTF1;PIGK;RAPGEF2;GART;HLA-DQB1;KANK2;SF3B4;SF3B5;GRN;GSTP1;TIMM9;COL11A1;RPL11;LRRC17;PTGS2;TANK;TMEM164;PSMB7;HLA-DMA;RPS15A;GPNMB;PSMB2;LMAN2;UCP2;MICALL1;PSMB1;C11ORF49;GCNT3;SC5D;STAT6;GCNT4;RPL15;FLNC;BID;SLC17A1;CYP2F1;RABAC1;RPL17;RNF130;BRD4;CRBN;YTHDF3;MGMT;SMAGP;MBD1;SULF1;WDR13;TARBP2;DHRS3;ARCN1;LRRC20;BYSL;LYRM1;CIAPIN1;YPEL5;C11ORF58;ZNF331;CSF3;CASC3;FBXO21;ZFP36;SLK;MAEA;FGF9;APMAP;PLS3;PMPCB;CIR1;SLC16A3;PHLDA1;SYBU;IFNAR2;RAB2A;MAP2K1;RNF44;CISH;S100A1;IGFBP4;GTF3A;DYRK1A;AIP;SARS;POLRMT;CDC25B;TPST2;RAB31;NAAA;MRTO4;ERP29;PHIP;IL6ST;SLC27A3;FKBP3;CSNK1G2;KHDRBS1;FKBP2;CD151;TXNDC9;MAZ;GLT8D1;RHOBTB3;NREP;FOXO1;CORO1B;ATXN1;TPR;MED31;ANKRD10;EIF4EBP2;PLXNA1;NAE1;IGFBP6;PLTP;ZKSCAN1;ANKRD28;AKIRIN1;TIA1;TRAPPC4;HTR1D;FOXN3;EEF2;NFKB1;COPS6;SCCPDH;RHEB;TPP1;ACO1;SERINC1;CNOT8;SERINC3;OGT;RSL24D1;CNIH4;BCL2L1;ITGB1;MCFD2;RNF13;FHL2;NENF;PIK3CB;ATRAID;MRPL4;SGCE;LBH;GM2A;SNRNP70;RNPEP;MRPL9;PGLS;UPP1;TNPO1;IDH3A;TRPC6;DST;ITGA2;HAUS4;RPL13A;WIPI1;VEZF1;ARFGAP3;PTBP2;ARFGAP2;CYP2A7;SLC25A17;DALRD3;CTDSP1;PCCB;RPL37A;BPI;LCP1;SMPDL3A;PPP1R15A;GTF2A1;SLC47A1;CEBPD;EI24;NDUFB4;NDUFB2;CXXC1;IL2RG;HDAC9;MALT1;HDAC6;PPM1G;GANAB;P2RY4;KATNA1;ZNF747;SLITRK5;SH3BP4;IGF2BP3;FYN;E2F4;WASF2;EIF4B;POLR2L;SPAG9;CYB5A;NDUFA6;CNBP;ERAP1;NDUFA2;SEMA4C;HNRNPAB;TPD52L2;PNRC1;KLF7;SNRNP40;KLF6;CLEC2B;EIF3L;PSAT1;IMPDH1;EIF3I;MFAP2;PDCD4;EIF3H;EIF3F;SEC24C;SMAP1;TPT1;SPG21;BET1;EIF4A2;GLTP;EIF4A1;IFITM1;LPGAT1;SMARCB1;SPARC;CERK;FAM89B;TRAF3IP2;MT1X;HSF2BP;AQP2;TXNDC15;KIAA0930;UXT;HERC5;RPS14;EFR3A;MT2A;C1GALT1C1;RPS16;RPS19;PPP2R1A;RPS6KA2;FTH1;ARL6IP5;CPNE1;RCC1;IL12B;SNRPD3;ATP6V1E1;SEC62;PTGDS;SKP2;B2M;TNS3;RPS12;SRRM2;IL1R1;SFMBT1;FOXH1;TM4SF1;CARHSP1;SOAT1;RRAGC;CDC37;NINJ1;HECA;KCTD12;KDELR3;NEIL1;ALPK1;TP53;MXRA5;EIF1B;TRIB2;NBL1;EPHA2;BEX4;CUTA;TMEM87A;STXBP3;IGSF1;SUPT4H1;TEX261;NMD3;TXN;PIK3R1;SCFD1;PPCS;TSPAN4;HIST1H3G;SNX7;HIST1H3C;TRPM6;SPTBN1;BANP;WWTR1;SURF1;XRCC6;LIF;PPBP;PUM1;EXT1;ALDH6A1;STAG2;GOLGB1;RPL27A;ID1;PDE3A;MPHOSPH10;HIST1H4H;ECHDC2;PAF1;MAGED2;CALM3;RPS21;RPS24;ITM2C;CD320;FKBP11;DIRAS3;DAZAP2;TRAM1;MRPS16;C2CD2;CITED2;GPAA1;CTSZ;MRPS10;DOC2B;MAGT1;PTPRK;PTPRF;AKAP12;EPM2AIP1;UCHL1;ACTR1B;SEC61G;SLC22A18;CTSK;TMED2;CTSH;QSOX1;UBXN4;UTP14A;SPTAN1;CTSD;CAMP;CTSB;PSD;MRPS27;MME;PRMT1;PABPC4;SFTPD;RHOG;NME4;ITFG1;APRT;CLDN11;CSDE1;FAM20B;WAC;MZB1;TFF2;CD47;CRELD2;EEF1E1;DBN1;CD44;C1QB;TAGLN;MYCBP;STX16;SSNA1;AMIGO2;DERL2;NEDD8;UQCR11;RELA;GNAI2;CST4;STX10;LIMA1;CST2;NT5E;EXOSC5;C10ORF95;CAMK2N1;ORMDL2;TWISTNB;TBL1X;FILIP1L;GABBR2;PEX19;SLC31A2;YIPF3;YIPF5;C1GALT1;PLEKHA5;AKR1C4;PPP1CA;TJP1;BOP1;RIT1;SPCS1;GSTA4;AXL;CCNG2;HNRNPA2B1;TCEA1;F2RL2;PNPLA2;AMHR2;MPG;PRDM5;NUCKS1;IFI44L;CCDC28A;NARS;CCND3;CHCHD2;TMEM147;RBMX2;BASP1;ARHGDIA;WWC3;HIST1H2AG;BANF1;NSF;CARD10;MORC3;TRAPPC2L;WNT5A;ARID5B;SDHC;LIG3;KCTD3;CCNB1IP1;TMEM134;TMX2;COL4A2;HGS;GEMIN6;MASP2;DPEP3;SIDT2;RTN3;CHRNA3;DIABLO;SLC41A3;HTRA2;PSEN1;DDX60;CACNA1H;CNN2;TMEM123;PODXL;CYC1;NDUFV2;KLHDC3;PRNP;SMAD1;CRTAP;SMAD4;ZFHX2;EPHX1;UBE2A;INHBA;QDPR;NR4A2;IL6;DNMBP;TRPV4;CAPRIN1;MKRN1;PXMP2;UBE2N;CHMP2A;CRYL1;AMOTL2;DEGS1;MAN2B1;TGFBI;CLASRP;LRP10;SLC35E2B;ACADVL;CRISP3;TNFAIP3;CXCL3;HK1;CASP7;GRM7;UBE2Q1;CASP6;C9ORF16;FLOT1;IFT57;MYBL1;CNPPD1;SRGN;SUN2;DESI2;MMP2;SPATS2;PLAUR;ARID1A;KLF15;TGFBR2;EEF1G;RCN1;VCAN;MYH3;RER1;EEF1D;NDUFS6;COL6A2;OAS3;IRF1;PPDPF;CAT;PEX5;RBMS1;SCN4A;DNASE1;EAPP;MS4A1;ATP6V1B1;LTK;PDXK;NXN;MVP;USP11;LAMA3;RAP1GDS1;DDX21;RRBP1;ASAP1;ATP1A1;TM2D3;PPOX;AGPAT2;PSMB10;ADD1;PTHLH;PDLIM1;RMND5B;IL1RL1;POLD4;HMGCL;CAND1;OXCT1;TDG;LEPROTL1;SPOCK3;MAPK6;ABCF2;TIMM8B;GALNT7;IGBP1;KDM4B;NAA10;TAF10;PRAF2;MX1;TTC19;TTC17;FAM155B;RPIA;REST;WEE1;CYP24A1;TNIP2;ERCC1;PTX3;CHPT1;CKLF;RPL26L1",3.62622036262204,26
"154","rosiglitazone mus musculus gpl8321 gds4021 chdir up","283/1092",6.48129994857867e-15,2.93762815851163e-14,0,0,1.53347638554739,50.0984516146195,"LPGAT1;TFRC;ARL6IP1;PITPNB;ECI2;CISD1;ZDHHC7;PWP2;LIPA;PHB2;LGALS3;RPS6KA3;EFR3A;PSMD4;TFG;CLP1;FLAD1;BSG;PDK4;ARL6IP5;ATP6V1E1;PDK1;ACOT7;RSAD2;ECH1;IFRD1;CSNK1D;COX7A2L;POR;FDX1;UQCRC1;PSME2;TXNIP;SUCLG1;LETMD1;MMADHC;PTGES;RETSAT;ANP32A;MGST3;NEDD4L;MGST2;NMD3;IQGAP1;MRPL12;MRPL11;TGOLN2;PRDX3;MRPL20;PPCS;ZNHIT3;PRDX1;S100A13;PCK1;ATP6V1C1;WWTR1;CHKB;GADD45B;TIPARP;ST13;CIDEA;IFI44;RMDN3;FAM136A;PRDX6;CIDEC;MRPL22;CS;MSRA;SFXN1;SPRR1A;MRPS16;FASTKD1;CITED1;TCF25;MRPS11;SNX10;MRPL34;MRPL35;GYS2;FAM102A;CRTAC1;IMPA2;OLR1;QSOX1;CD36;DLAT;COX8A;CBR1;ATP6V0B;TPI1;ANXA2;RIPK2;ANXA5;ITPK1;MRPS2;SERPINB9;AMPD3;MLF2;MRPL52;PSMA6;UGDH;GPRC5B;MTF1;KRT36;CHST1;DLD;HBEGF;PCYOX1;MYCBP;TOMM40;TIMM9;HSD17B4;UQCR11;UQCR10;COX5B;AKAP1;PSMB7;EXOSC10;ERMP1;LMAN2;SC5D;EMC9;EGLN1;PEX16;EGLN3;PEX19;YTHDF2;MGMT;NFYC;FAH;MPP6;DHRS3;BYSL;LETM1;FABP5;CCNG2;DLC1;UBAP1;CIAPIN1;PNPLA2;SCARB1;MTCH2;ACAA2;NDUFA10;COMT;TOMM22;FADS3;NARS;TMEM147;APMAP;MPC1;FAM162A;PMPCB;BANF1;IL13RA2;BNIP3L;TLE1;S100A1;PAM16;ACOT13;ATP11B;SDHC;COX6B1;TMX2;S100A4;RTN3;RAB5C;UBA5;SLC41A3;AK4;COX7A2;SLC1A5;HIGD1A;NDRG1;ACAT2;FOXO1;RAP1GAP;CNN3;EIF4EBP1;PGK1;ISOC1;CYC1;NDUFV2;NDUFV1;PLTP;NADK;MPDU1;MCL1;IVNS1ABP;OSBPL9;HSPA9;COA3;GOT1;ISG15;QDPR;RGCC;COPS5;UBA3;ACO1;AMOTL2;DHCR7;CNIH4;BCAR3;PLEKHF2;ACADVL;ALAS1;DDX47;HSPB8;HMGB3;ETFB;ELAVL1;YBX3;MRPL4;DUSP11;UQCRFS1;MRPL9;HIBCH;IDH3A;HSP90AA1;ARHGEF12;BUD31;NDUFC2;NDUFC1;GLRX2;NIPSNAP1;ZAP70;PKM;ACOX1;NDUFS6;PPDPF;PEX5;CAT;IRF7;BLVRB;NDUFS2;SLC25A4;CEBPB;KDM3A;NDUFB6;SEMA3C;RAB1B;NDUFB2;RRBP1;SLC3A2;SEMA3E;HSD17B12;HSD17B11;USP18;SELENBP1;ABLIM1;LRIG1;DNAJB9;STOM;IARS2;SH2B2;ABCF1;TIMM8B;USP24;IGBP1;NDUFA7;NDUFA6;NDUFA5;NAA10;IDH3G;CNBP;NDUFA2;SGTA;DDHD2;PTPN11;SOD2;HSPE1;ATOX1;TSHR;RPIA;PFKL;WEE1;SUCLA2;CHPT1;SLIRP;ATP13A3;SPG21;PFKP",5.30035335689046,15
"155","vincristine homo sapiens gpl570 gse7556 chdir down","159/522",7.07375450484607e-15,3.18547138347262e-14,0,0,1.8023532612392,58.7249678791951,"RPL4;EIF4A1;PITPNB;SERPINE1;BCCIP;HNRNPU;GPATCH4;EPRS;SMC3;RPL10A;NARS;RPS14;TFG;FAM162A;MYC;PEG10;PSMD3;PLS3;DENR;PRSS3;TMEM14B;RPS12;SLC38A1;S100A2;RPS7;IGFBP3;IFRD1;GTF3A;SARS;PDZK1;ACSL3;TUFM;PSG9;PRKAR1A;PSME3;SUB1;SNRPG;YME1L1;JTB;S100A4;SNRPE;TRIB3;NUPR1;PFN1;ATF4;SET;PSMD14;TWF1;SLC1A5;PRPF8;PRDX3;SNX3;EPB41L2;PRDX1;TPR;NDUFV2;TSPAN1;SNX5;SPTBN1;S100A10;MCL1;YARS;HSPA9;XRCC6;YES1;H3F3B;FUS;GADD45A;TRAPPC4;CBX1;ASNS;PRDX6;GULP1;HNRNPM;GCLC;STAG2;RHEB;PIR;GNAS;RPS20;HNRNPC;ZNF410;AARS;ARF3;BTG3;DAZAP2;PIGP;QPRT;MRPS10;ITGAE;SLC7A11;HMGB1;YBX1;NXT2;LITAF;TRMT112;IMPA2;RARS;DHX15;UQCRFS1;TNPO1;CCT3;EIF5B;HSP90AA1;TNFRSF12A;DYNLT1;PRMT1;H2AFZ;NBPF10;RPL13A;C6ORF62;NDUFC1;RPS3A;SLC7A5;UGDH;ASPH;CSDE1;TMBIM6;PFDN2;EEF1E1;DLD;ARF6;CLDND1;ROCK1;TUFT1;NDUFB4;PON2;NDUFB2;GNAI3;DDX21;SLC3A2;TYMS;HSD17B10;LIMA1;BCLAF1;RPS15A;PSMB2;PSMB1;EIF4H;SHOC2;RPS2;MAPK6;CYB5A;RANBP1;NQO2;CNBP;AKR1C1;AKR1C3;RPL23A;TPD52L1;PSMC5;PSAT1;MARS;PSMC2;HNRNPA2B1;TCEA1;C11ORF58;TPT1;LAMTOR5",3.77358490566038,6
"156","dactinomycin mus musculus gpl1261 wild type gds2456 chdir up","238/884",1.28525863324557e-14,5.75070850003468e-14,0,0,1.59308147473828,50.9550795015236,"LPGAT1;KDELR1;IFI35;LIPA;PHB2;TPGS2;ELK3;PSMD8;LSM12;PSMD4;MPRIP;ZMIZ1;CREB3L1;DPYSL3;CREB3L2;AP1S2;AKT1;PIP4K2A;DPF3;EIF2D;DENR;SOX4;SEC63;ACOT7;MBNL2;CSNK2A2;ECH1;SLC11A2;SCAMP2;GNPAT;SOAT1;PSME3;CDC37;MAP1B;MXRA8;JTB;PSME2;CCDC86;KDELR3;AURKAIP1;CDC42SE1;RETSAT;PDXDC1;ANP32A;CTBP1;STXBP1;MGST3;CFI;RPN1;PDGFA;IQGAP1;ADAMTS12;ZMPSTE24;APH1A;SCFD1;CYB5R3;ZNHIT1;HIST1H3A;ST3GAL4;AMZ2;SNX6;NAA50;VAT1;SIVA1;MICAL2;PRRC2C;NFATC1;PPBP;CP;PRDX6;DERA;COL1A1;EXT2;GLUD1;UCK2;SLC6A8;EIF6;SFXN1;CALM3;GRB2;HNRNPC;FKBP11;ECM1;PPP1R11;GDI1;TCF25;PRKAG2;MRPS10;MAGT1;WDR43;ACTR1A;TRIM2;CHMP1A;ARIH2;TMED3;IDS;TMED2;PHGDH;NANS;UBXN4;JAK3;SERPINB2;EMP2;GNL2;RHOC;MLF2;SLC7A5;KIF2A;AIDA;SLC29A1;ARF5;CD44;MATN2;MYCBP;CAPG;PTGS1;NRAS;SRPX2;FLNB;TBL1X;RABAC1;BRD4;NPDC1;CGREF1;NQO2;GCH1;TMEM176A;SYNJ2BP;FAH;MPP6;SPCS3;PSMC5;PLP2;CRLF1;NUCB2;GRINA;LAMTOR5;DPAGT1;SCARB1;ACAA2;GOLT1B;HDLBP;PLOD2;COMT;IPO4;CNDP2;TOMM22;FADS3;TMEM147;BASP1;ARHGDIA;OSTF1;AP2M1;IFNAR2;BNIP3L;IGFBP4;FST;GTF3A;PDIA4;MAPKAPK2;FSCN1;IL6ST;FKBP3;CSNK1G2;RAI14;AK1;TNFRSF11B;PSEN1;EIF4EBP1;ISOC1;CD99;TGFB1;HMGA2;ASNS;INHBA;LSM5;TMEM230;DRAP1;COPS6;CDK6;P4HA1;DNAJC10;LCN2;PIR;CHMP2A;SERINC3;OGT;CNIH4;UBE2M;PSCA;WDR4;PTEN;ELAVL1;YBX3;BICD2;LASP1;EFHD2;PMEPA1;DCXR;MSL3;PPP2R5C;UTP18;DNAJC2;TFDP2;CTDSP1;TMBIM1;CAT;TMBIM6;PFDN5;LUC7L2;RALB;SEMA3C;MVP;RAB1B;EI24;RRBP1;HSD17B11;THBS2;IL1RL1;NT5DC2;POLD2;STOM;MAPK1;EIF4E;WASF2;TIMM8B;PRAF2;ATP2B1;TTC19;ASS1;RPIA;ABHD17A;ERCC1;RANGRF;CHPT1;SLIRP;GPD1L;ATP13A3",5.46218487394958,13
"157","imatinib homo sapiens gpl201 gds838 chdir down","66/154",2.89137504122639e-14,1.28546482724587e-13,0,0,2.53592561284869,79.056109349452,"IFITM3;CSF3;IFITM1;IFITM2;RNF13;CD81;RPL31;F13A1;TNFAIP3;TM7SF3;CLU;SAT1;CXCL2;LITAF;VPREB3;AKAP12;LGALS3;MT2A;RGS2;UBL3;BASP1;FTH1;TNFSF10;TMED2;B2M;HOXA6;HOXA5;SERPINB2;DYNLT1;ANXA5;HLA-B;NDUFC1;HIST2H2BE;CLDN10;ZNF91;IFI27;NPC2;SIK1;HLA-DQB1;C1QB;CEBPB;CREBL2;CRYZ;SOCS2;SDCBP;SNN;GPNMB;PGK1;CD14;NDUFV2;PLTP;SNX5;MCL1;NPDC1;H3F3B;GADD45A;PPBP;HS3ST2;PSMB9;NR4A2;MARCKS;MAFB;NAGK;FABP5;PIR;EIF3D",1.51515151515152,1
"158","amphetamine rattus norvegicus gpl6101 gse31081 chdir up","168/570",3.15287562044551e-14,1.39285264751327e-13,0,0,1.74400498287138,54.2174112964051,"RPL4;DPAGT1;RPL30;SPARC;HNRNPU;KEAP1;ABAT;PPP2R2A;SPINT2;PARK7;THUMPD1;SMC3;APEH;PHB2;CLU;NARS;GJA1;ALCAM;TMEM147;FTH1;AP1S2;ARL6IP5;PTGDS;RPS11;B2M;SYBU;NSF;WDR83OS;BNIP3L;MAP2K1;MAP2K2;SDHC;ATP1B1;FBXO11;ASRGL1;DHDDS;ACLY;PRPF4;PCP4;IFI27;AKAP9;PSME1;TXNIP;MAL;SUCLG1;RPL26;FKBP9;ATP6V0D1;FKBP3;KHDRBS1;GPM6A;RETSAT;MAOB;IGSF1;UBA5;RPN1;RAP1GAP;PCDH17;HSP90B1;PRDX3;NUP85;PRKAR2B;PPCS;PODXL;PRDX1;PGK1;NDN;RDH14;APOE;ATP6V1C1;PRNP;CBX7;RPL41;JUP;H3F3B;WFS1;FUS;TRAPPC4;FIBP;NSFL1C;RPS25;COL1A2;COPS5;SERINC1;TAB2;CNOT8;EZH1;ITM2C;PYGB;SNAP25;COX7B;THRB;GDI1;ADK;SNX10;HS2ST1;MRPL4;PPP3CB;UCHL1;CSRP2;TUBA1A;CALB1;UIMC1;TMED2;SLC37A4;PSENEN;CBR1;SLC13A3;ATP6AP1;SSR3;LANCL1;RHOG;SIRT5;SERPINB9;AMPD2;ITFG1;CLDN11;RBL2;PSMA6;RNF167;GPRC5B;AFTPH;MED25;RCN1;VSNL1;PSMA2;DAD1;ZMYND10;RAB7A;DYNC1I2;C1R;GSTP1;USP11;AMIGO2;NEDD8;TM2D3;RASIP1;CST3;BCLAF1;PGRMC1;NCLN;DNPEP;TDG;PSMB1;EIF4H;PCGF1;SLITRK5;RPL18;ATP6V0E2;DCPS;UBQLN2;RANBP1;LRRC23;GSN;SLC12A5;KIDINS220;GAD1;AP3D1;RPL23A;MPP6;GTF2H5;TJP1;PIK3IP1;MGAT4B;VIM;YPEL5;KCNK2;RECK",5.95238095238095,10
"159","methylprednisolone rattus norvegicus gpl85 gds965 chdir up","78/198",3.54327661019792e-14,1.55547614711833e-13,0,0,2.33100233100233,72.1937981509785,"IFITM3;ITGB1;BTG2;SPARC;BTG1;CITED2;RPLP0;AMD1;CXCL1;LITAF;CLU;AKAP12;ZFP36;CSRP2;AKR7A3;CAPNS1;RPLP2;UQCRFS1;COX8A;GSTK1;HSP90AA1;MAP2K2;GPX4;DUSP1;RPS8;PABPC4;RHOC;F3;RHOB;TUFM;UGDH;RBP4;POR;ACOX1;CTDSP1;IRF1;PSME1;TXNIP;CYP2E1;CDH16;RPL28;CRYAB;ATP6V0C;CEBPB;CEBPD;CTBP1;ATP1A1;GNAI2;SULT1A1;SDCBP;PSMB2;UCP2;ASL;EGR1;HSPA8;CYB5A;JUN;GOT1;GADD45A;CCL20;TAF10;EEF2;SOD2;PRDX6;NFKB1;PNRC1;HIGD2A;NFKBIA;CXCL10;KLF6;RGCC;MGP;LCN2;GNAS;NUCB1;VIM;CD24;GRINA",3.84615384615385,3
"160","progesterone mus musculus gpl4277 gse5783 chdir down","58/127",3.61592861127232e-14,1.57744885666755e-13,0,0,2.70232493127708,83.6392336075241,"FKBP11;RPL8;RPL10A;SAT1;RPL7;EEF1B2;RPS4X;RPL36AL;SEC61G;TMED3;RPL35;UQCRFS1;RPLP2;RPL37;PHYH;TRAPPC2L;ANKRD49;RPS8;RPS5;RPS6;RPL13A;RPSA;RPS3A;SRP9;PSMA2;FDX1;RPL37A;NUPR1;RPL26;RPL29;RPL28;UBA52;FKBP2;RPL12;RPL11;RPL36A;PSMB7;PRDX1;PSMB1;RPL14;RPS3;RPL13;RPL15;RPS2;RABAC1;RPL18;NDUFA6;NDUFA1;HSPE1;RPS26;RPS29;STT3A;FAU;P4HB;YPEL5;NES;TPT1;SIGLEC5",0,0
"161","diethylstilbestrol mus musculus gpl6887 gse37969 chdir up","789/3733",4.22057379655367e-14,1.82978913664252e-13,0,0,1.25063998212013,38.5149842957592,"CHIC2;TFRC;ZFYVE9;TMEM97;PSMD8;LSM12;TBK1;MPRIP;PSMD4;DPYSL2;DPYSL3;PRKACB;GSTK1;RBFOX2;CSNK2A2;RFX2;RNASE4;DICER1;RFX1;SCAMP2;EML4;SLC5A6;RUFY1;PRKAR1A;ETHE1;RBP1;PSME1;PSME2;RABL6;SET;LXN;RETSAT;CRABP2;BAZ2B;IQGAP1;SULT1A1;LARP1;CYB5R3;PRKAR2B;AMZ2;NGFR;JUN;CADM1;PBX2;NR2F2;PBX1;MRPL22;MLLT11;COL1A1;CS;UCK2;TBL2;QARS;EIF6;SFXN1;PSMG2;PIGT;RPLP0;PIGP;CTCF;BBC3;OSBPL10;TRMT112;DUSP1;ACTL6A;BGN;EMP1;LRRC40;HIST2H2BE;SRP9;SLC7A5;PLSCR1;GPRC5A;MED24;PSMA4;PSMA2;PTRH2;CDC42EP4;PIGK;RAPGEF2;STAU1;GSTP1;URM1;GGA1;PSMB7;NRAS;EXTL2;EXOSC10;RPS27A;MBD4;EGLN3;EGLN2;SMAGP;MBD1;PSMB9;LETM1;LYRM2;WT1;FABP6;PSMC4;AGRN;RASL11B;CASC3;FBXO21;APEH;SLK;CIR1;IK;CISH;POLRMT;RBX1;CDC25B;ACLY;MAPKAPK3;MRTO4;MAPKAPK2;FSCN1;SNRNP200;KHDRBS1;TUBGCP2;MAX;SHC1;ARL3;TACSTD2;GSTT2;FOXO1;ACAT2;SNN;NAE1;ZKSCAN1;TIA1;FBXO34;FOXN3;EEF2;NFKB1;MFHAS1;G6PC2;STK24;LCN2;OGT;AKAP8L;MSLN;BICD2;ALAD;MRPL2;PPP6R1;SUMO2;PPP6R3;NCK2;ACP2;PELP1;PPP1R12A;PEG3;VEZF1;ARL4C;SLC25A15;DSG2;TOP1;LCP1;GTF3C5;CXXC1;MLLT1;BARX2;GANAB;SLC25A28;FCHO1;U2AF2;KATNA1;EIF4H;IGF2BP3;IARS2;E2F4;UBQLN4;ATP9B;EIF4B;MYO10;NDUFA5;NDUFA2;SORL1;HNRNPAB;ATOX1;SLC25A38;EIF3K;EIF3L;EIF3I;PDCD4;PDCD2;STUB1;EIF3F;EIF3D;SEC24C;SPG21;EPHB6;EIF4A1;LPGAT1;SMARCB1;UBE2L6;THUMPD1;IFI30;RCBTB2;LGALS3;LGALS1;EIF2D;SNRPD3;TRIM21;ST6GAL1;CSNK1D;ACTN4;GNPAT;CFDP1;SUB1;MXRA8;RIN2;MMADHC;EPHA2;TMEM87A;PEX11B;SUPT4H1;PIK3R3;PIK3R1;DHX30;PPCS;MIER2;RCE1;CTSA;EGR1;XRCC6;SMARCA2;PTK2;SMARCA4;EXT1;EXT2;RPL27A;MYO5C;CDC16;ID1;ECHDC2;CALM3;DHX29;RGL2;AARS;MRPS16;TECR;OTUD7B;PTPRF;ACTR1A;PPP3CB;ACTR1B;NMRK1;ENC1;DHX15;PHGDH;NANS;CCT3;PABPC4;APRT;GAK;KIF2A;CSDE1;CD47;FJX1;CD44;DYNC1I2;CD63;SSNA1;MRPS31;HSD17B4;CRIP2;NEDD8;CAPG;RELA;CAMK2N1;GPC3;CCT8;DYNC1I1;PAK4;PEX16;DYNC1H1;PEX19;PPP1CA;BOP1;SGSM2;HNRNPA2B1;GRINA;FHOD1;BCCIP;PLAT;SRP14;EEF1B2;CCND1;PLAU;KHSRP;BANF1;PAMR1;SH3GL1;CARD10;CASK;COX6B1;ERN2;TMX4;SCNN1A;GEMIN6;CARS2;VCL;PPIC;VCP;TMED10;DIABLO;SEL1L;TAF5L;CNN3;PACSIN2;NDUFV1;PRNP;CRTAP;ZFHX2;AUTS2;CLK3;CLK2;QDPR;COL5A1;GNAQ;UBA1;TAB2;TCF3;GSK3B;DDX47;TNFAIP2;DDX41;MEA1;LMNB1;LASP1;MYBL2;TGIF1;MMP2;BUD31;CAD;PJA1;EEF1G;SFPQ;EEF1D;NDUFS6;IRF1;PPDPF;PEX5;IRF9;RRBP1;ASAP1;RNF6;PSMB10;ADD1;PDLIM1;CAND1;PDLIM2;TNKS2;TDG;POLD2;DROSHA;BNIP2;NUP43;MTA2;MBTPS1;LAMB3;TAF11;CHFR;RANGRF;RBM42;KRAS;RPL30;RPL3;SERPINE2;RPL31;RPL34;FNBP1L;EPRS;RPL8;PHB2;RPL9;RPL7;ZMIZ2;RPL36;RPL35;RPL38;RPL37;RPL39;MBNL2;RPL21;DNAAF1;RPL23;GTPBP1;HCFC1;WDR77;NUP93;NISCH;MTAP;PRKD3;RPL24;HOXB2;RPL26;RPL29;RPL28;PRR14;GNE;CDC42SE1;NUP205;NEDD4L;GLG1;FAM171A1;PRDX4;BLOC1S1;NUP85;FLRT3;GAR1;SERPINH1;ZSCAN12;S100A14;SERF2;S100A10;BTF3;RPL41;PHC2;ACD;CHKB;SIVA1;H3F3B;SETD1B;SETD1A;PRRC2C;NFATC1;MEX3C;PRRC2B;HNRNPL;FIBP;HNRNPM;TRIP6;PLCH2;HNRNPC;CDK13;PAM;DENND1C;PYGB;BTG1;TCF25;ADK;PFAS;UBL5;FAM102A;CSRP1;IMPA2;TCTN3;TCTN2;TRIM2;TIMP1;LDLRAP1;BRD3;BRD2;PLLP;ANXA5;NUTF2;GNL2;ITPKB;AFTPH;NSA2;TUBB2B;EXOC3;GART;SF3B4;SF3B5;SF3B2;RPL12;GCNT1;RPL11;SCAF8;BCLAF1;RPS15A;ERMP1;PPP1R8;RPS3;PCGF1;RPL13;GCNT3;RPS2;RPL18;RNF130;BRD4;FARP1;YTHDF1;SF3A1;KIDINS220;MOCOS;LAPTM5;WWP2;SULF1;DHRS1;DHRS3;OSTM1;TMEM159;DHRS9;NFIB;ZYX;PLP2;FAM49B;PARK7;ABHD11;FCGRT;CSNK1G3;USP7;TPM4;RPS7;IGFBP4;USP3;RPS5;F2R;RPS6;GTF3A;VRK1;DGKZ;RAB31;SNRPG;ERH;FKBP9;ADNP;CSNK1G2;NOTCH3;UBR4;GLT8D1;RHOBTB3;ITPR1;AEBP1;RLF;RHOBTB2;BTBD1;TPR;NDN;ANKRD10;MCL1;OSBPL9;DHCR24;LSM5;CHERP;LSM2;MOB1A;NSFL1C;COPS6;CNOT6;COPS5;CDK6;SCCPDH;CPE;PLXNB2;RSL24D1;EIF4G2;EIF4G1;PLEKHF2;GM2A;VPS72;SNRNP70;RNPEP;LANCL1;RPL13A;NIPSNAP1;DUSP22;DNAJC2;TFDP1;DALRD3;TFDP2;CTDSP1;ESRP1;MCM5;SMARCD2;CEBPD;EI24;SEMA3A;RPL36A;SEMA3F;DNAJB1;POLR2H;WASF2;IDH3G;SPAG4;PTPN11;KLF4;ASS1;KLF7;MARCKS;VAPB;SPARC;ARL6IP1;FAM89B;HDAC11;CALML4;PWP2;RPS15;RPS6KA3;RPS14;RPS16;RPS19;PPP2R1A;RPL36AL;LONP1;ARFIP2;RPS11;SOX4;RPS12;AGFG1;TBC1D10B;SRRM2;TIPIN;METTL1;KRT7;KRT5;CARHSP1;COX7A2L;POR;AKAP9;MALL;HECA;TTLL12;PFN1;BEX4;CUTA;IGSF3;ANP32A;LMAN2L;MAGED1;MGST3;TWF1;TEX261;KLK8;GNG10;SGPL1;HIST1H3A;HIST1H3F;SCAP;HIST1H3H;HIST1H3B;TRPM6;VAT1;PUM1;RPS26;RPS25;HIST1H4A;RPS27;STAG2;AKR1B10;GOLGB1;RPS20;MAGED2;ALDH18A1;HIST1H4J;RPS21;SPRR1A;HIST1H4F;CLIC4;DAZAP1;C2CD2;CITED2;EPM2AIP1;VAV3;PSENEN;EDN2;PRMT1;NME4;AMPD3;RHOC;RHOB;PRPF18;PRIM2;AMIGO2;AKAP7;PTN;TYMS;GDPD5;ANKMY2;TBL1X;LY6G6C;DCPS;RANBP1;NQO2;NFYC;AP3D1;FAH;SPCS3;GSTA4;KRT17;AXL;KRT14;FAU;TJP2;KDM1A;POGK;NDUFA10;HDLBP;NUCKS1;COMT;CNDP2;HIST1H2AG;KDM2A;HIST1H2AI;HIST1H2AK;ARID5B;PDIA5;ALDH3A2;TMEM134;PRPF4;ILVBL;HGS;COL4A5;RAI14;COPA;DTX4;NID2;LTBP1;PRPF8;SEL1L3;DPP3;PODXL;MAN2A1;MPST;DARS;HSPA8;KLHDC3;CBX7;SMAD1;CPSF7;SMAD4;SMURF2;EFNA1;TRPV6;CAPRIN1;DNAJC10;PI4KA;CRYL1;BLMH;MAN2B1;TGFBI;PI4KB;DOCK4;GTDC1;YBX1;PKD2;HS2ST1;RPS4X;UPK1B;UPK1A;CASP6;FLOT1;TMEM109;GUSB;USP46;ABCC4;H2AFZ;PPP2R5C;UPK3B;ARID1A;DCN;TGFBR2;CDH16;PFDN5;ITGB3BP;LUC7L2;KDM3A;NXN;TUFT1;POLDIP3;USP11;TM2D3;THBS2;TOB2;USP19;MUC1;LEPROTL1;NT5DC2;ERBB2;TYW1;LRIG1;MAPK1;MAPK6;CAMK2G;ABCF1;KDM4B;ATP13A1;USP22;ZFC3H1;MEIS2;PIK3IP1;CDK2AP1;SCLY;SSBP1",3.80228136882129,30
"162","bleomycin mus musculus gpl339 gds1492 chdir up","72/177",5.01954475483694e-14,2.16274212276308e-13,0,0,2.40698024270384,73.7085998803234,"LGALS3BP;SCARB1;SPARC;SERPINE2;CTSZ;HEXA;TNC;IFI30;CLU;LITAF;LGALS3;LGALS1;RPL35;CTSH;TIMP1;TMSB10;CTSD;CTSB;COX8A;CCT3;TPM4;ANXA3;H2AFZ;MMP2;BGN;EMP1;RPSA;CYBA;DUSP6;EEF1G;PKM;COL4A2;COL4A1;NPC2;COL6A2;IRF7;S100A4;PFN1;S100A9;ATP6V0C;S100A8;C1QB;C1QA;GRN;CEBPD;COX5B;PLD3;PLAC8;SOCS3;DNPEP;GPNMB;PRDX1;SERPINH1;PGK1;EIF4H;RPS2;ABCA1;CTSA;HSPA8;TMEM176B;TMEM176A;LAPTM5;ATOX1;COL1A1;COL3A1;COL1A2;LCN2;MAN2B1;TGFBI;FXYD5;FAU;MSRB1",5.55555555555556,4
"163","vorinostat homo sapiens gpl571 gse18544 chdir down","127/395",5.14470585467324e-14,2.20307035985394e-13,0,0,1.90247921504007,58.2124834751221,"CHIC2;PLOD2;TMEM97;FNBP1L;NR3C1;CLGN;KIAA0930;NARS;LGALS1;FGF9;CLP1;FLAD1;AP1S1;PRSS3;LGALS8;IER5;SLC16A3;TMEM14B;CARD10;CPT1A;CXADR;ATP6V0E1;USP3;ARID5B;ATP1B1;GTPBP1;TM4SF1;GEM;COX6B1;ARMCX3;TPST2;DHX40;DPM3;SLC9A6;SUB1;TAGLN3;ASF1A;IGSF1;PEX11B;GLT8D1;NEDD4L;UAP1;BCL10;HIGD1A;PLAC8;SOCS2;TGOLN2;GSE1;NADK;CDR2;FDFT1;TRAPPC4;MLLT11;EFNA1;DEGS1;DHX29;RGL1;NFKBIE;ADA;CNIH4;ZNF410;ZCCHC2;CDS2;ALAS1;FHL2;SLC2A1;MRPL34;BICD2;HEBP1;SCPEP1;EPB41L4B;CSRP2;SCML1;SEC61G;ANXA7;SPTAN1;DSP;PSENEN;EIF5B;DYNLT1;ANXA3;RIPK2;SORD;RHOF;MRPL52;ARL4C;AFTPH;GPRC5A;NPC1;PSMA2;ADORA2B;DAD1;CRY1;CD44;PRPS1;ASAH1;MYCBP;STAU1;TUFT1;CCDC69;PRIM1;AMIGO2;GLRX;COX5B;LIMA1;ERBB3;ORMDL2;SH3BP4;MGAT2;CDKN2C;GCH1;FKBP1A;TJP1;TSPAN13;SPCS1;FABP5;EIF3K;KCNS3;DLC1;PSMC2;POLR3G;SSBP1;GLA;CKLF;LIMS1;MEGF9;TJP2",3.93700787401575,5
"164","isotretinoin homo sapiens gpl8300 gds3215 chdir down","58/128",5.53098516752911e-14,2.35404124813129e-13,0,0,2.68121301775148,81.8462403130141,"CXCL6;BTG2;PSCA;TNFAIP2;CXCL1;SAT1;CXCL2;IFIT3;WFDC2;IFIT2;TNFSF10;CYP1B1;TIMP3;OLR1;MYBL1;HOXA5;SOX4;TRIM22;HOXA4;SERPINB3;SERPINB4;ANXA3;IGFBP3;ITGA2;WNT5A;HLA-C;ATP1B1;DUSP6;TAPBP;ACTA2;GPRC5B;OAS1;CEACAM6;IRF1;CEACAM5;MXRA5;S100A9;CFB;S100A7;TAGLN;FOXC1;CRABP2;SLC1A3;GATA3;FHIT;PSMB10;ERBB3;SPOCK2;TBL1X;TSPAN1;GBP1;VAT1;GABRP;FUCA1;ASS1;IL6;CYP24A1;MDM2",1.72413793103448,1
"165","amoxicillin rattus norvegicus gpl341 colon gds1273 chdir down","66/156",6.1055628340083e-14,2.58283809584109e-13,0,0,2.5034137460173,76.1713475351177,"IFITM3;ITGB1;NCKAP1;PNLIPRP2;IFITM1;CLIC4;SPARC;FHL2;PLOD2;ATP12A;AQP3;LITAF;SCPEP1;CCND2;CSRP1;RPL38;TIMP1;SRRM2;ANXA5;FNDC3B;ATP1B1;DYNLL1;DCN;TNFRSF1A;APRT;ACTA2;GPRC5A;CLDN7;UQCRC1;ERH;RPL29;UBA52;VCL;RAB1A;CD63;COPA;VCP;TAGLN;TMED10;MAX;ATP1A1;PLAC8;SNX3;CST3;RPS15A;RPL14;CYC1;TSPAN1;CLCA4;SPTBN1;S100A10;HSPA8;GOLM1;TMEM176A;AP3D1;COL1A1;HNRNPL;CS;COL1A2;SPCS1;MGP;GNAS;PMP22;RPS20;VIM;CD24",6.06060606060606,4
"166","estradiol homo sapiens gpl6947 gse23500 chdir down","59/132",7.09094412568769e-14,2.98161385525904e-13,0,0,2.64479110632957,80.0773263236012,"IFITM3;EIF4A1;SLC44A4;SERPINE2;WDR1;RPLP1;MT1X;PLOD1;PARK7;SRP14;ACTG2;RPS4X;RPS14;TRMT112;CHCHD2;CCND1;RPS19;ARL6IP5;RPLP2;TIMP1;B2M;RPL39;COX8A;SUN2;HSP90AA1;ACOT7;ANXA2;RPS3A;COX6B1;EEF1G;PLSCR3;COL4A1;RBP1;RPL37A;FSCN1;PLIN3;AURKAIP1;UBA52;PFDN5;ATF4;HBEGF;TAGLN;MAGED1;GSTP1;TACSTD2;KLK5;CNN3;CNN2;RPS15A;POLR2F;NDUFA1;TPD52L2;KLF6;KRT14;HNRNPD;CALM3;VIM;FAU;EIF4G2",1.69491525423729,1
"167","cyclosporine homo sapiens gpl96 gse30952 chdir up","52/109",8.54922077183192e-14,3.57326712499322e-13,0,0,2.82286520818631,84.9410053942659,"GPI;RPL3;SERPINE1;YBX1;RPS16;RPS19;PLAU;FTH1;RPS11;B2M;TMSB10;RPS12;CTSB;WARS;TNFRSF12A;PRMT1;RPS6;ANXA5;HLA-B;SARS;RPL13A;CYBA;TRIB3;TMBIM6;PFN1;CRELD2;ATF4;SET;SHMT2;RPL12;SLC3A2;EIF4EBP1;RPL13;CYC1;RPL18;YARS;HSPA9;HSPA8;RANBP1;H3F3B;CDKN2A;ASNS;PSAT1;MARS;GNAS;TCEA1;HYOU1;FAU;P4HB;NFE2L1;UBE2M;AARS",1.92307692307692,1
"168","decitabine homo sapiens gpl571 gse29077 chdir down","98/280",1.34741793170027e-13,5.59820069242135e-13,0,0,2.07100591715976,61.3751220821491,"RPL4;EIF4A2;EIF4A1;NCKAP1;RPL3;RPL31;SERPINE1;NUCKS1;EPRS;SMC3;RPL10A;PWP1;EEF1B2;MYC;NAMPT;PLS3;RPL39;TNS3;AGFG1;TIPIN;RPS8;IGFBP4;ACLY;SYPL1;EWSR1;TMEM126B;PFN1;RPL28;FKBP3;ATF4;KHDRBS1;SET;ANP32A;TWF1;TXN;HSP90B1;PRDX3;NAA50;BTF3;HSPA8;MAGOHB;EEF2;LSM5;DHFR;MLLT11;AKR1B10;ID1;AMOTL2;HNRNPC;TGFBI;CD24;GCLM;RSL24D1;EIF4G2;AARS;ITGB1;TRAM1;RPLP1;SLC7A11;HMGB1;LBH;SUMO2;DHX15;TNPO1;HSP90AA1;TPI1;PRMT1;H2AFZ;RPL13A;NME4;EEF1G;SLC7A5;UGDH;ASPH;TOP1;PON2;AMIGO2;SLC3A2;CRYZ;BCLAF1;RPL13;RPL15;RPL17;SEC11A;POLR2L;CA12;RANBP1;AKR1C1;AKR1C3;RPL23A;HSPE1;OSTM1;FABP5;AXL;EIF3L;MARS;HNRNPA2B1;VIM",1.02040816326531,1
"169","tamoxifen mus musculus gpl7202 gse29715 chdir up","107/317",1.55816778377841e-13,6.43550954483627e-13,0,0,1.99727474660743,58.8998231679895,"RPL34;CISD1;IFI30;RPL8;LGALS4;RPS14;CHCHD2;SLK;CCND2;RPS19;DMBT1;PSMD3;AP1S1;RPL38;RPL37;PHLDA1;KRT7;ANXA10;CDC37;RBP1;CLDN7;LY6D;SNRPG;NUPR1;SEMA7A;LXN;TMED10;CD151;NOP2;MGST2;COX7A2;NDRG1;HSP90B1;PLAC8;SDCBP;TSPAN8;PRDX1;PGK1;TSPAN1;HSPA9;HSPA8;EEF2;PRDX6;RPS26;COPS6;HIST1H4D;SPRR1A;LGALS3BP;DAZAP2;PIGR;SLC25A3;PSCA;PRKCSH;RPLP0;LASP1;TMED3;CNPPD1;CTSB;HSP90AA1;ANXA2;TNFRSF12A;ANXA3;H2AFZ;TESC;PLAUR;RPL13A;AHSA1;NDUFC1;LSR;RHOC;DYNLL1;APRT;PLSCR1;TUBB2A;GPRC5A;DAD1;RPL37A;FAM20B;TFF2;CRELD2;HIST1H2BM;GSTP1;HIST1H2BK;DERL2;CAPG;RRBP1;HSD17B11;TM9SF3;PDLIM1;DNAJB1;AGR2;RPS3;TMEM208;RPS2;CGREF1;PPP1R14B;GALNT3;CCL20;GOLM1;HSPE1;HNRNPAB;SPCS1;TSPAN13;GSTA4;GSTA3;GSTA1;ZYX",0,0
"170","zinc acetate homo sapiens gds1617 chdir down","143/470",1.81666226332284e-13,7.45900152823141e-13,0,0,1.80032733224223,52.8154923797958,"CYFIP2;RPL30;BCCIP;RBPJ;PHB2;UXT;RPS15;NARS;RPS18;BASP1;PEG10;KHSRP;RPL36;PMPCB;RPL38;RPS11;SKP2;AP2M1;SRRM2;USP7;MAP2K2;HLA-C;ACTN4;HCFC1;COX6B1;TUFM;GNPAT;HNRNPUL1;PSME3;RPL24;YME1L1;PSME2;RPL26;SNRNP200;UBA52;EIF1B;IDI1;SET;PSMD14;COPB1;MAZ;COX7A2;PRKAR2B;CYC1;FDFT1;BTF3;DARS;TRAPPC4;CBX1;EAF2;CHERP;SMARCA4;HIGD2A;DHFR;CS;RPS26;RGCC;STK24;RHEB;GNAS;UBA1;PSMG2;TCF3;LSM14A;GPR18;NOP10;EIF4G2;EIF4G1;DDX47;YBX1;MRPL34;ELAVL1;BICD2;UBL5;UBE2Q1;RARS;DHX15;RAC2;UQCRFS1;NPIPA1;MRPL9;CCT3;CD53;PRMT1;DESI2;CAD;NDUFC1;GNL2;DYNLL1;REXO2;UCHL3;UTP18;MZT2B;MZT2A;PSMA6;DNAJC2;NSA2;SFPQ;TUBB2A;PKM;NUP50;PELI1;UFC1;TERF2IP;TOP1;EEF1E1;GTF2A1;SF3B2;RPL12;NDUFB4;CCDC69;DDX21;NOL9;SRM;PPM1G;DNAJB1;BCLAF1;U2AF2;CBS;IARS2;CCT8;WASF2;POLR2L;TIMM8B;PTPN18;YTHDF1;SF3A1;YTHDF2;NDUFA1;HNRNPAB;SORL1;ARCN1;FABP5;MFAP1;EIF3K;EIF3L;HNRNPA2B1;EIF3H;TCEA1;FAU;SSBP1;EIF3D;LAMTOR5",4.1958041958042,6
"171","baclofen mus musculus gpl1261 gse17266 chdir down","127/402",2.15123468959596e-13,8.78106323589461e-13,0,0,1.8693514675145,54.5244290483655,"RPL4;RPL30;RPL3;TFRC;RPL31;RPL34;HP;HNRNPU;RPL8;RPL10A;COMT;RPL9;RPL7;RPS15;EEF1B2;RPS19;RPL36AL;RPS18;FTH1;RPL35;RPL38;PHLDA1;RPS12;PHYH;RPL21;RPS7;CISH;RPS8;RPL23;RPS5;RPS6;ARID5B;RPSA;PDIA5;COX6B1;ZC3H11A;RPL24;RPL26;KDELR3;RPL29;FKBP4;RPL28;UBA52;CFB;IDI1;H6PD;CFI;RPN1;COX7A2;HSP90B1;SOCS2;C6;HSPA8;RPL41;EPHX1;ARHGAP29;PRDX6;CP;MANF;RPS26;BST2;RPS25;RPS29;FASN;RPL27A;CAPRIN1;RPS20;HNRNPC;RPS21;RPS24;PIGR;MCFD2;ORM1;ALAS1;RPLP1;RPLP0;PZP;MAGT1;HMGB1;RPS4X;HHEX;SEC61G;UBXN4;HIST1H1C;HSP90AA1;TPI1;SORD;RPL13A;AHSA1;AMPD2;RPS3A;EEF1G;UGDH;PSMA4;IRF1;RPL37A;BLVRB;DSG2;CD47;PCYOX1;RPL12;RPL11;RPL36A;UQCR11;RRBP1;ABCB11;COX5B;SELENBP1;PGRMC1;HSD17B2;RPL14;RPS3;RPL13;SC5D;RPL15;RPS2;RPL18;RPS27A;SEC11A;RPL23A;HSPE1;FABP5;GSTA3;APOC1;HNRNPA2B1;FAU;KLKB1",0.78740157480315,1
"172","tretinoin homo sapiens gpl96 gse5007 chdir up","57/128",2.27264512497158e-13,9.22271103040792e-13,0,0,2.63498520710059,76.7114331889587,"SLC25A3;BTG1;RPL31;RPLP1;RPLP0;SAT1;RGS2;RPS19;CAPZB;RPS18;ARL6IP5;RAC2;TIMP1;RPS11;B2M;RPL39;TMSB10;CTSD;CTSB;SRGN;CD53;RPL13A;RPSA;CYBA;C6ORF62;POR;RAB31;NPC2;RPL37A;ATP6V1B2;TXNIP;S100A4;CD47;PFN1;ATP6V0D1;EIF1B;UBA52;PFDN5;CD63;ASAH1;CEBPB;CEBPD;RPL11;GLRX;RPS3;CCL2;RPL15;SERF2;CTSA;CADM1;H3F3B;FUCA1;LAPTM5;RPL23A;EIF3L;GNAS;TPT1",3.50877192982456,2
"173","troglitazone rattus norvegicus gpl341 adipose tissue gds3850 chdir up","52/112",3.33519150275905e-13,1.34564373926348e-12,0,0,2.74725274725275,78.9260332667224,"IFITM1;OXTR;SPARC;RPL3;BTG1;RPL34;RPLP0;CLU;MYLK;EEF1B2;LGALS3;CYP1B1;PMEPA1;TPM4;IGFBP5;RPS8;IGFBP4;ANXA4;MMP2;ATP1B1;DCN;EEF1G;MXRA8;SPARCL1;MYH9;S100A4;LCP1;ATP6V0C;CRYAB;CD63;CRIP2;NDRG1;GPNMB;SERPINH1;RPS3;SNCG;RPL15;RPS27A;S100A10;CTSA;PRNP;H3F3B;TMEM176B;TMEM176A;LAPTM5;ARPC4;TF;MARCKS;GATM;AXL;RPL27A;PMP22",1.92307692307692,1
"174","cisplatin homo sapiens gpl201 gds3101 chdir up","44/87",5.18918154081775e-13,2.0816371928108e-12,0,0,2.9925865469632,84.6513861002232,"RAB1A;BTG2;RPL30;SERPINE2;SHC1;EI24;RPL11;NDUFB1;COX7A2;PARK7;TXN;SRP14;TYMS;YBX3;RPL9;SAT1;EEF1B2;MT2A;GNG10;TUBA1A;RPS16;RPS19;PLAU;RPS18;FTH1;PRDX1;TMED2;RPL35;RPLP2;RPL39;RPS12;RPS8;MRPL49;RPL13A;RPS3A;NUTF2;ALDH3A1;RPS27;RPL27A;S100A4;ERH;FAU;CES2;TPT1",4.54545454545455,2
"175","doxycycline homo sapiens gpl570 gse21912 chdir down","102/303",6.94001946489894e-13,2.76807633514255e-12,0,0,1.99191516784815,55.7662578597861,"RPL4;RPL3;GOLT1B;RPL34;EPRS;RPL9;TXNDC15;CNDP2;RPS15;MT2A;RPS16;RPS19;RPS18;FTH1;PSMD3;BANF1;RPS11;RPL39;USP7;RPL23;IGFBP3;HLA-B;ACLY;PSME3;CDC37;SNRPG;RPL24;YME1L1;CCDC86;PSME2;ERH;RPL26;RPL29;RPL28;ATF4;CUTA;HSP90B1;PRDX3;LARP1;PGK1;NDUFV2;SPTBN1;BTF3;HSPA8;H3F3B;RPS27;COPS5;CAPRIN1;TCF3;RSL24D1;EIF4G2;EIF4G1;GPI;RPLP0;HMGB1;RPS4X;SEC61A1;RPLP2;MFSD1;UQCRFS1;CTSB;CCT3;ACTR2;HSP90AA1;RBM14;H2AFZ;CAD;DYNLL1;COPZ1;NSA2;PSMA4;DAD1;CSDE1;FRG1;RPL37A;MZB1;MYH9;LCP1;PFDN5;ARF6;NEDD8;ABLIM1;GANAB;GMDS;RPL13;POLR2F;CCT8;RPS2;RPL17;CBR3;HSPE1;BYSL;SPCS1;OSTM1;HNRNPA2B1;CD9;CHPT1;STUB1;FAU;P4HB;SSBP1;CKLF",3.92156862745098,4
"176","methylprednisolone rattus norvegicus gpl341 gds972 chdir down","86/239",7.36489579500682e-13,2.92085071870157e-12,0,0,2.12918719516724,59.4828499534393,"IFITM3;PIGR;TRAM1;MCFD2;SERPINA1;RPLP0;PZP;HP;C4BPA;SERPINA6;RPL10A;RPL9;LIPA;RPL7;EEF1B2;ALAD;RPS4X;RPS14;RPS19;FTH1;BSG;LBP;B2M;HSP90AA1;RPS7;RPL23;RPS5;ECH1;RPS6;SORD;RNASE4;RPSA;RPS3A;TM4SF4;DUSP6;PDIA5;PDIA4;EEF1G;UGDH;IFI27;ACOX1;FETUB;RPL26;CYP2E1;CRELD2;CFB;IDI1;C1S;RPL12;INSIG1;CFI;HSD17B11;HSP90B1;CNN3;HPX;PGRMC1;RPS15A;DDT;PRDX1;APOE;RPL15;RPS2;PCK1;RPS27A;GC;RPL17;HSPA8;CYB5A;RPL41;TMEM176B;TMEM176A;CP;SPCS3;TF;GCLC;RPS27;GSTA3;RPL27A;FABP7;APOC1;CDK2AP2;RPS20;FAU;RPS21;KLKB1;RPS24",0,0
"177","dexamethasone mus musculus gpl1261 gds2802 chdir down","59/138",7.51033227822015e-13,2.96170165547891e-12,0,0,2.52980018866306,70.6252578450383,"IRS1;HDLBP;AKAP12;LASP1;TUBA1A;CCND1;RPS18;FTH1;EFHD2;IDS;SUN2;MBNL2;DUSP1;RPL23;ANXA4;SPHK1;F2R;KRT7;RPL13A;PAWR;RRAS2;ACTN4;AMPD3;ATP1B1;SLC39A14;UGDH;COL4A1;COL6A2;FDX1;TMBIM1;ATP6V0C;FKBP5;SET;POLDIP3;COL11A1;NEDD9;COX5B;SRM;CNN2;PSMB7;RPS15A;PACSIN2;NDN;SLC12A2;PRNP;ASNS;HMGA2;YIF1A;MANF;NFKBIA;TM9SF2;RPS25;RGCC;MGP;LCN2;PMP22;DEGS1;PLP2;CNIH4",5.08474576271186,3
"178","doxorubicin homo sapiens gpl96 gse12972 chdir up","40/76",1.10301330110166e-12,4.32529934926382e-12,0,0,3.11429461227032,85.745796688594,"TAGLN;SERPINE2;RPL12;TNFAIP3;THBS2;PTGS2;RND3;SAT1;HSD11B1;SDCBP;LGALS1;RPS19;GPNMB;SEC61G;FTH1;PI3;TMSB10;GBP1;RPL17;S100A10;WARS;SERPINB2;ANXA2;H3F3B;RIPK2;ANXA5;SOD2;GEM;ASPN;SFRP4;CXCL10;IL6;RPS27;RPL37A;ID1;VDAC3;RPL24;CHI3L1;RPS20;ATF4",0,0
"179","paclitaxel homo sapiens gpl570 gse11552 chdir up","54/122",1.30028199988201e-12,5.07037338501477e-12,0,0,2.6190707149093,71.6798795910351,"NCKAP1;BTG3;SPARC;HDLBP;MT1X;RPL8;SAT1;LGALS3;RPS14;MT2A;TUBA1A;RPS19;RARS;SUMO2;TNPO1;B2M;RPL39;TMEM14B;TMED9;RPL23;HLA-C;NDUFC2;DYNLL1;COL4A1;SUB1;MAP1B;SNRPG;MT1G;MT1H;ERH;RPL26;RPL28;PFDN5;MT1E;CD63;AMIGO2;COX7A2;NEDD8;HSP90B1;RPS2;EMC7;RPL41;H3F3B;CNBP;CCDC59;TMA7;MLLT11;RPS25;RPS27;OSTM1;RPS20;P4HB;TPT1;LIMS1",0,0
"180","doxycycline homo sapiens gpl570 gse21912 chdir up","87/247",2.10845248680468e-12,8.17611019883148e-12,0,0,2.08418177898091,56.0333664681661,"EIF4A2;CLIC4;SLC25A3;LPGAT1;TFRC;FAM89B;MRPS14;HDLBP;NUCKS1;HMGB1;EPRS;RPL10A;PWP1;LIPA;LMNB1;EEF1B2;RPS4X;CHCHD2;LGALS1;XPO1;PSMD4;SUMO2;ARL6IP5;DHX15;SDF4;PIM2;TMEM14B;HTATIP2;COX8A;SRGN;TMED9;USP7;HSP90AA1;TPI1;RPS7;RPS6;NBPF10;HLA-C;RPL13A;NDUFC2;NUTF2;NDUFC1;RPS3A;HLA-F;SRP9;DPM1;EEF1G;ACLY;NDUFS6;SUB1;WAC;NDUFS2;KDELR3;PFN1;MMADHC;ATP6V1A;IDI1;PRPS1;SET;ANP32A;SHMT2;SHC1;RPL11;GNAI3;NDUFB1;COX7A2;COX5B;RPS15A;SERF2;DARS;HSPA8;RPL41;TMA7;UBE2A;EEF2;HNRNPL;RPS25;PSMC2;PPT1;GNAS;SRPRB;CDK2AP1;RPS20;STUB1;RSL24D1;RAB3GAP1;TPT1",3.44827586206897,3
"181","paclitaxel homo sapiens gpl570 gse11552 chdir down","83/232",2.62644768662083e-12,1.01285109682947e-11,0,0,2.1169149153234,56.4483594265434,"RPL4;EIF4A1;DAZAP2;RPL3;RPL31;RPLP0;NUCKS1;HMGB1;YBX1;EPRS;RBPJ;RPL10A;PWP1;RPS15;EEF1B2;RPS4X;TRMT112;UBL5;RPS16;CCND1;FTH1;ENC1;AP1S2;TIMP3;RPLP2;DENR;SOX9;NBN;TMEM14B;RAB2A;SRGN;EIF5B;HSP90AA1;RPS8;RPS5;RPS6;NBPF10;RPL13A;RPS3A;F3;PSMA4;PSME2;RPL29;UBA52;SET;TMED10;SHMT2;SLC20A1;RPL12;COL11A1;NDUFB4;PTN;HSP90B1;LIMA1;DNAJB1;TPR;ANKRD10;RPL15;GBP1;S100A10;HSPA9;RANBP1;XRCC6;GADD45B;H3F3B;SMURF2;LIF;NDUFA1;RPL23A;EEF2;PRDX6;RPS26;CS;LYRM2;RHEB;EIF3L;RPL27A;PSMC2;HNRNPA2B1;SNAI2;GCLM;RSL24D1;RPS24",1.20481927710843,1
"182","zinc acetate homo sapiens gpl570 gds1617 chdir up","128/420",2.98916897230676e-12,1.14639557289567e-11,0,0,1.80332488024796,47.8530753728317,"CYFIP2;RPL30;BCCIP;RBPJ;PHB2;UXT;RPS15;NARS;RPS18;BASP1;PEG10;RPL36;PMPCB;RPL38;RPS11;SKP2;AP2M1;MAP2K2;HLA-C;ACTN4;HCFC1;COX6B1;TUFM;GNPAT;HNRNPUL1;PSME3;RPL24;PSME2;RPL26;SNRNP200;UBA52;EIF1B;IDI1;SET;PSMD14;COPB1;MAZ;COX7A2;PRKAR2B;CYC1;FDFT1;BTF3;DARS;TRAPPC4;CBX1;EAF2;CHERP;SMARCA4;HIGD2A;DHFR;CS;RPS26;RGCC;STK24;RHEB;GNAS;UBA1;PSMG2;TCF3;LSM14A;GPR18;NOP10;EIF4G2;EIF4G1;DDX47;YBX1;MRPL34;ELAVL1;BICD2;UBL5;UBE2Q1;RARS;DHX15;RAC2;UQCRFS1;NPIPA1;CCT3;CD53;PRMT1;DESI2;CAD;NDUFC1;GNL2;DYNLL1;UCHL3;UTP18;MZT2B;MZT2A;PSMA6;DNAJC2;NSA2;SFPQ;PKM;NUP50;PELI1;TERF2IP;TOP1;EEF1E1;GTF2A1;SF3B2;RPL12;NDUFB4;CCDC69;DDX21;NOL9;SRM;PPM1G;BCLAF1;CBS;CCT8;WASF2;POLR2L;PTPN18;SF3A1;YTHDF2;NDUFA1;HNRNPAB;SORL1;ARCN1;FABP5;MFAP1;EIF3K;EIF3L;HNRNPA2B1;TCEA1;FAU;SSBP1;EIF3D",3.90625,5
"183","cisplatin homo sapiens gpl6883 gse47980 chdir up","84/237",3.44744928171712e-12,1.31492874242544e-11,0,0,2.09722118193394,55.3527692244012,"RPL4;EIF4A2;RPL30;SOWAHC;RPLP1;POGK;MT1X;RPL8;RPL10A;LITAF;RPS4X;RPS16;LGALS1;RPL36;RPLP2;BANF1;ATP6V1E1;UTP14A;TMSB10;CTSB;BRD2;ATP6V0B;ACOT7;DYNLT1;H2AFZ;F2R;EMP1;AEN;DYNLL1;RAB32;ACTA2;PRPF4;PKM;SCO2;CDC37;FSCN1;TFAM;S100A4;NBL1;UBA52;ATF4;HBEGF;SF3B4;SF3B5;TAGLN;CEBPB;TOMM40;SHMT2;SLC20A1;NOP2;NDUFB2;CNN3;SNX3;NXF1;RPS15A;ZNHIT3;PRDX1;STC2;GAR1;POLR2F;MSX1;RPS2;RPL18;AAR2;HSPA8;AKIRIN1;GADD45A;CCDC59;NDUFA1;RPA2;GNG11;HNRNPAB;ATOX1;HNRNPL;QDPR;RYBP;RPS29;GID8;SRPRB;CD248;GLA;NOP10;EIF4G2;EIF4G1",5.95238095238095,5
"184","dexamethasone mus musculus gpl339 gse2342 chdir up","84/237",3.44744928171712e-12,1.30778239056443e-11,0,0,2.09722118193394,55.3527692244012,"SLC25A3;ARL6IP1;MRPS14;CITED2;RPL34;RPLP0;PTEN;PARK7;HMGB1;YBX1;RPL8;RPL9;RPS15;TRMT112;GJA1;CHCHD2;CCND2;RPS18;NMRK1;RPL36;RPL35;CTLA4;TMED2;RPLP2;RPL38;BANF1;OSTF1;RPS12;COX8A;RPL21;RPS7;CISH;RPS8;RPL23;RPL13A;RPSA;DUSP6;COX6B1;RBX1;NPC2;PSME1;ATP6V1B2;TXNIP;ERH;KCTD12;PFN1;AURKAIP1;RPL28;FKBP5;PRPS1;FOXC1;RPL12;COX7A2;IQGAP1;COX5B;NDRG1;HMGCL;PSMB2;PRDX1;S100A13;RPL14;RPL13;MAPK1;RPS2;RPL18;WASF2;SEC11A;PRNP;XRCC6;NDUFA6;TMA7;RPL23A;OXR1;TPCN1;SPCS1;RPS29;EIF3I;HNRNPA2B1;PDCD4;CDK2AP1;RPS20;FAU;SERINC3;RPS24",3.57142857142857,3
"185","metoprolol homo sapiens gpl96 gds2021 chdir down","48/104",3.51334332794655e-12,1.32557494211173e-11,0,0,2.73099681383705,72.0285471553598,"ITGB1;NCKAP1;RAB1A;COPA;CEBPD;SERPINE1;TNFAIP3;PLOD2;HMGB1;CXCL3;PTGS2;SAT1;LTBP1;YBX3;HSP90B1;ZFP36;GJA1;TUBA1A;BASP1;ARHGDIA;SUMO2;NPTN;RPL18;RPS27A;RPL39;SRGN;JUN;LIF;MICAL2;C6ORF62;INHBA;SOD2;SLC39A14;RPS26;IL6;VCAN;MARCKS;COL1A2;COL4A1;SUB1;IL1B;IRF1;COL6A3;RPS20;TGFBI;P4HB;IL6ST;TPT1",6.25,3
"186","bleomycin mus musculus gpl81 c57bl6j gds251 chdir up","52/118",4.1509923883348e-12,1.55773800379446e-11,0,0,2.60756192959583,68.3381321526823,"PIGR;TRAM1;CLIC4;ARL6IP1;WDR1;RPL34;RPLP1;RPLP0;HP;YBX1;RPL8;CXCL2;HK1;TUBA1A;RPS19;FTH1;B2M;TMSB10;SLC34A2;RPL21;ANXA2;DUSP1;RPS5;NPC2;IL1B;FSCN1;CHI3L1;ATP6V0C;CEBPB;AGER;GNAI2;CST3;MUC1;RPS15A;PRDX1;RPS3;CD14;CYC1;RPS2;RPS27A;RPL41;GSN;TMEM176B;MTHFS;CP;RPL27A;MGP;LCN2;GNAS;SPRR1B;RPS24;TPT1",1.92307692307692,1
"187","fluoxetine mus musculus gpl1261 gse35765 chdir up","63/158",5.34223274403641e-12,1.99405264991306e-11,0,0,2.35937382967568,61.2384382559126,"CLIC4;RPL34;RPLP1;NUCKS1;PARK7;IFI35;HMGB1;RPL9;RPL7;EEF1B2;RPS4X;RPS18;RPL36;RPL35;RPLP2;RPL38;RPL37;RPS11;RPS12;TMED9;HSP90AA1;FOXD1;RPS8;IGFBP4;PAM16;RPL13A;HIST2H2BE;PJA1;EWSR1;RBP1;FSCN1;RPL24;SNRPE;NUPR1;RPL26;RPL28;CRYAB;ARF6;FOXC2;CRABP2;RPL11;HIGD1A;DNAJB1;CAMK2N1;PRDX1;RPL13;RPL18;RPS27A;RPL41;EGR3;H3F3B;NDUFA5;FUS;RPL23A;ATP2B1;KLF4;SOD2;RPS29;MGP;PSMC2;CDK2AP1;RPS20;RPS21",3.17460317460317,2
"188","rosiglitazone mus musculus gpl1261 control gds4036 chdir down","109/342",5.89136980612241e-12,2.18732772589013e-11,0,0,1.88587840409703,48.7641622769838,"IFITM3;EIF4A2;PROS1;F13A1;IFI30;CXCL13;NR3C1;CLDN1;SAT1;FCGRT;FTH1;SOX9;PTGDS;PDGFRA;USP7;IGFBP5;RPS8;IGFBP4;SERPINF1;RNASE4;TM4SF1;MAP1B;NINJ1;FSCN1;TXNIP;PFN1;IL6ST;TMED10;HTRA1;NREP;NDRG1;HSP90B1;SDCBP;SERPINH1;PROM1;SPTBN1;BTF3;EGR2;SMAD4;GADD45A;EPHX1;NFATC1;NR2F2;TVP23B;CP;COL1A1;NFKBIA;DAP;COL1A2;COL5A1;LCN2;STT3A;RPS21;ECM1;HEXA;PKD2;TMEM100;RPS4X;TMED3;TIMP3;EFHD1;CAMP;CTSB;PPP1R12A;DUSP1;MMP2;SSR3;BGN;RPL13A;RHOC;DUSP6;DCN;ASPN;RHOB;TGFBR2;UGDH;NSA2;VCAN;MDFIC;RER1;UFC1;C1QB;KANK2;SMARCD2;COL15A1;C1S;SEMA3C;CST3;LIMA1;OLFML3;ABI3BP;GPC3;CCL2;RPS2;RNF130;SEC11A;SLC12A2;GSN;TMEM176A;PTPN11;HNRNPAB;COL3A1;MARCKS;AXL;HNRNPA2B1;CD9;SPRY2;VIM;P4HB",0,0
"189","deferoxamine homo sapiens gpl91 gse1056 chdir down","70/185",6.78626470315221e-12,2.50625013904775e-11,0,0,2.23892531584839,57.5764730854274,"IFITM3;IFITM2;BTG1;TFRC;CITED2;RPLP1;TECR;AMD1;PLOD2;PTPRK;COMT;IFI30;PHB2;LMNB1;RPS15;ZFP36;LGALS1;TUBA1A;PPP2R1A;BSG;DHX15;JUNB;COX8A;DSP;RBM14;PRMT1;ANXA4;NDUFC1;PKM;RBMS1;PFN1;MICU1;ARF5;RAB1A;VCP;KDM3A;SMARCD2;CD151;STAU1;MAGED1;EBP;BCLAF1;GANAB;NEU1;EIF4EBP1;PGK1;EIF4H;RPS2;POLR2L;VAT1;XRCC6;USP22;PRRC2C;INHBB;DHCR24;PTPN11;NFKB1;YIF1A;LSM2;PPP1CA;EFNA1;BST2;KLHL9;FKBP1A;DHRS7;ID1;EIF3H;ATP13A3;P4HB;AARS",10,7
"190","estradiol homo sapiens gpl91 eralpha gds884 chdir down","48/106",8.28475242222556e-12,3.04355641616497e-11,0,0,2.67946857206654,68.3709394167212,"RPL4;SLC25A1;KDELR1;RPLP1;GSTP1;RPLP0;GNAI2;CYB5R3;CAPNS1;EIF4EBP1;TSPAN4;AP1S1;RPL35;RPLP2;RPL13;RPL38;RPL37;RPS2;RPS11;RPL18;TMSB10;COX8A;IL32;S100A2;ITGA3;CD70;USP22;RPL13A;EEF2;APRT;PKM;EEF1D;NDUFS6;PSMC4;RBP1;TRIP6;ID1;RPL37A;MT1F;FSCN1;ZYX;BLVRB;UBA1;FAU;P4HB;PFN1;RPS21;ATP6V0C",2.08333333333333,1
"191","lubiprostone mus musculus gpl1261 gds4251 chdir up","75/206",1.10700690932595e-11,4.0455016895786e-11,0,0,2.15430573907049,54.346188590238,"RPL4;PIGR;RPL3;RPL31;RPLP1;RPLP0;RPL9;RPL7;LGALS4;RPS4X;LGALS3;RPS14;LASP1;DMBT1;RPS18;ANPEP;FTH1;RPL36;RPL35;RPLP2;MUC13;RPL38;HMGCS2;RPS11;RPS12;RPL21;RPS7;RPS8;RPL23;RPL13A;RPSA;ATP1B1;CTTN;RPL37A;TFF3;RPL24;TMBIM6;RPL26;RPL28;FBP1;LUC7L2;ARF6;ABCG2;RPL36A;ATP1A1;PLAC8;SOCS3;SLC9A3R1;CYB5R3;UCP2;RPL14;RPL13;RPL15;RPS27A;RPL41;SMAD4;H3F3B;GUCA2B;RPL23A;EEF2;KLF4;RPS26;NFKBIA;RPS25;SLC6A8;RPS29;FABP6;RPS20;ALPI;TGFBI;P4HB;RPS21;RPS24;ADA;TPT1",6.66666666666667,5
"192","isoproterenol hydrochloride rattus norvegicus gpl1355 gse7999 chdir up","56/136",1.76393229181052e-11,6.4126288525195e-11,0,0,2.43647754959972,60.3293536880952,"IFITM3;BTG2;CLIC4;PLAT;CLU;SAT1;LITAF;ETS2;AKAP12;ZFP36;MT2A;RGS2;ENC1;PDK4;RPL35;RPS11;JUNB;SPTAN1;DSP;PHYH;HSP90AA1;TPM4;IFRD1;FOS;DYNLL1;COQ10B;RHOB;UGDH;MAPKAPK2;FDX1;ATF3;VCL;ATF4;PPP1R15A;CEBPB;INSIG1;CREM;GNAI3;UAP1;PDLIM1;DNAJB1;EGR1;HSPA8;GADD45B;H3F3B;TIPARP;NDUFA1;KLF4;NR4A2;NR4A1;IL6;RPS27;FABP5;RPL27A;MGP;PAM",1.78571428571429,1
"193","imatinib homo sapiens gpl571 gds4175 chdir down","68/181",1.96705294746708e-11,7.11400496026955e-11,0,0,2.22302134754323,54.801698992735,"FKBP11;EIF4A1;IFITM1;COX7B;RPL31;MT1X;YBX1;RPL10A;RPS14;TRMT112;CHCHD2;FAM162A;MYC;ARHGDIB;RPS11;RPL39;IER2;RPS12;HSP90AA1;TPI1;RPS7;H2AFZ;RPS5;RPS6;GTF3A;UBE2E1;RPSA;DUSP6;PSMA6;SFPQ;PKM;PSMA2;SUB1;RPL37A;SNRPG;PSME1;PSME2;S100A4;ERH;RAB1A;RPL36A;TXN;UQCR10;HSP90B1;SOCS2;PRDX4;PSMB1;PGK1;RPS3;EGR1;DARS;HSPA8;RPL41;XRCC6;CNBP;NDUFA2;TMA7;RPS26;HNRNPM;SPCS1;FABP5;GNAS;HLA-DRA;CD9;RPS20;VIM;SSBP1;TPT1",2.94117647058824,2
"194","fluoxetine mus musculus gds2803 chdir up","93/281",2.08480163935402e-11,7.50098734159333e-11,0,0,1.95834824906821,48.1631513562411,"NCKAP1;GABRB1;SLC25A3;SPARC;CD81;RPL34;PARK7;SRP14;CLU;SAT1;GJA1;EFR3A;UCHL1;RGS2;CHCHD2;LGALS1;TUBA1A;PPP2R1A;BASP1;FTH1;TRIM2;BSG;PLS3;NRCAM;ATP6V1E1;B2M;IER5;CTSB;ACVR1;NSF;HSP90AA1;NDUFC2;NDUFC1;DYNLL1;ATP1B1;RHOB;COX6B1;TUBB2B;TUBB2A;PRKAR1B;FSCN1;ATP6V1B2;MYH9;TAGLN3;ATP6V0C;SLC25A4;MATN2;HIST1H2BC;C1QB;ATP6V1A;LRPAP1;RTN3;NRN1;NDUFB6;SLC20A1;COX7A2;PTN;NREP;COX5B;TRAK2;CNN3;SNX3;CST3;GNG3;PRDX1;PGK1;ATP6V1C1;FDFT1;UBQLN2;PRNP;HSPA8;RPL41;EGR3;H3F3B;TMA7;NDUFA1;DHRS1;PRDX6;HNRNPAB;SORL1;MLLT11;FKBP1A;TSPAN13;FABP5;RPS29;RHEB;CPE;CD9;HNRNPC;DYNLRB1;VIM;NOP10;EIF4G2",2.1505376344086,2
"195","fluoxetine mus musculus gpl1261  gds2803 chdir up","93/281",2.08480163935402e-11,7.46252073984157e-11,0,0,1.95834824906821,48.1631513562411,"NCKAP1;GABRB1;SLC25A3;SPARC;CD81;RPL34;PARK7;SRP14;CLU;SAT1;GJA1;EFR3A;UCHL1;RGS2;CHCHD2;LGALS1;TUBA1A;PPP2R1A;BASP1;FTH1;TRIM2;BSG;PLS3;NRCAM;ATP6V1E1;B2M;IER5;CTSB;ACVR1;NSF;HSP90AA1;NDUFC2;NDUFC1;DYNLL1;ATP1B1;RHOB;COX6B1;TUBB2B;TUBB2A;PRKAR1B;FSCN1;ATP6V1B2;MYH9;TAGLN3;ATP6V0C;SLC25A4;MATN2;HIST1H2BC;C1QB;ATP6V1A;LRPAP1;RTN3;NRN1;NDUFB6;SLC20A1;COX7A2;PTN;NREP;COX5B;TRAK2;CNN3;SNX3;CST3;GNG3;PRDX1;PGK1;ATP6V1C1;FDFT1;UBQLN2;PRNP;HSPA8;RPL41;EGR3;H3F3B;TMA7;NDUFA1;DHRS1;PRDX6;HNRNPAB;SORL1;MLLT11;FKBP1A;TSPAN13;FABP5;RPS29;RHEB;CPE;CD9;HNRNPC;DYNLRB1;VIM;NOP10;EIF4G2",2.1505376344086,2
"196","fluoxetine mus musculus gpl1261 gds2803 chdir up","93/281",2.08480163935402e-11,7.42444665443421e-11,0,0,1.95834824906821,48.1631513562411,"NCKAP1;GABRB1;SLC25A3;SPARC;CD81;RPL34;PARK7;SRP14;CLU;SAT1;GJA1;EFR3A;UCHL1;RGS2;CHCHD2;LGALS1;TUBA1A;PPP2R1A;BASP1;FTH1;TRIM2;BSG;PLS3;NRCAM;ATP6V1E1;B2M;IER5;CTSB;ACVR1;NSF;HSP90AA1;NDUFC2;NDUFC1;DYNLL1;ATP1B1;RHOB;COX6B1;TUBB2B;TUBB2A;PRKAR1B;FSCN1;ATP6V1B2;MYH9;TAGLN3;ATP6V0C;SLC25A4;MATN2;HIST1H2BC;C1QB;ATP6V1A;LRPAP1;RTN3;NRN1;NDUFB6;SLC20A1;COX7A2;PTN;NREP;COX5B;TRAK2;CNN3;SNX3;CST3;GNG3;PRDX1;PGK1;ATP6V1C1;FDFT1;UBQLN2;PRNP;HSPA8;RPL41;EGR3;H3F3B;TMA7;NDUFA1;DHRS1;PRDX6;HNRNPAB;SORL1;MLLT11;FKBP1A;TSPAN13;FABP5;RPS29;RHEB;CPE;CD9;HNRNPC;DYNLRB1;VIM;NOP10;EIF4G2",2.1505376344086,2
"197","levetiracetam rattus norvegicus gpl1355 hippocampus gds1864 chdir down","100/311",2.47764694044288e-11,8.77866783974179e-11,0,0,1.90262371810727,46.4642149346533,"RPL4;RPL3;RPL31;CD81;RPL8;SRP14;RPL10A;CLU;SAT1;BASP1;FTH1;RPL38;ATP6V1E1;RPS11;SOX4;AP2M1;ACOT7;RPS8;RPL23;RPS5;RPS6;RPSA;DYNC1LI1;IFI27;PRKAR1B;SYPL1;SUB1;RPL29;ATP6V0D1;RPL28;TSPYL4;ATF4;CTBP1;STXBP1;MGST3;SLC1A3;NREP;PCSK1N;PRDX1;APOE;CYC1;PRNP;H3F3B;FUS;MT3;MLLT11;QDPR;RPS27;GNAS;CALM3;DYNLRB1;RPS24;ITM2C;RNF187;SLC25A3;GDI1;RPLP1;TECR;RPLP0;SLC7A11;SLC6A1;HK1;UCHL1;CAPZB;TMED2;UQCRFS1;COX8A;TPI1;GPX4;EDF1;DYNLL1;RHOB;EEF1G;CSDE1;ATP6V1B2;SLC25A4;NAPA;RAB1A;GSTP1;RPL11;NEDD8;SLC3A2;COX5B;DNPEP;EIF4H;RPL15;RPS2;RABAC1;CRYM;PTPN11;S100B;HNRNPAB;PPP1CA;FKBP1A;MARCKS;SPCS1;PSAT1;STUB1;EIF3F;PFKP",4,4
"198","estradiol rattus norvegicus gpl85 gds2311 chdir down","54/131",3.830210399254e-11,1.35024588822186e-10,0,0,2.43913455892317,58.5039016885526,"RPL30;BTG2;GSK3A;CD81;CITED2;PLAT;YBX1;RPL8;LITAF;TUBA1A;PPP2R1A;BASP1;SNRNP70;FTH1;FLOT1;PTGDS;RPS11;JUNB;HSP90AA1;RPL21;RPL23;GAA;RPS6;FOS;PSMA6;NAPA;TMED10;INSIG1;COX7A2;SLC3A2;NEDD8;GNAI2;SDCBP;DNAJB1;CYB5R3;SPOCK2;EIF4H;APOE;SRPK2;EGR1;PRNP;HSPA8;SLC12A5;PRDX6;MT3;FKBP1A;NR4A1;RPS29;RHEB;PSAT1;RPL27A;CPE;PFKP;TPT1",5.55555555555556,3
"199","paclitaxel homo sapiens gpl570 gse11550 chdir up","48/110",4.20725183814576e-11,1.4757094387064e-10,0,0,2.58203335126412,61.6889760733916,"TMED10;RPL31;SHMT2;SLC20A1;RPLP1;RPL12;COL11A1;RPLP0;HMGB1;EPRS;RBPJ;RPL10A;HSP90B1;EEF1B2;RPS15;RPS16;LGALS1;FTH1;TPR;RPL14;ANKRD10;RPL13;SOX9;RPL15;TMEM14B;S100A10;SRGN;HSPA8;RANBP1;HSP90AA1;RPS7;GADD45B;SMURF2;H3F3B;RPS5;RPS6;NDUFA1;RPL13A;RPS3A;RPL23A;RPS26;PSMA4;EIF3L;GNAS;JTB;PSME2;PLP2;UBA52",0,0
"200","fluoxetine mus musculus gpl1261 gse35763 chdir up","91/278",6.6651432784929e-11,2.32613500419402e-10,0,0,1.93691200885445,45.3848400682642,"CYFIP2;NCKAP1;SLC25A3;LPGAT1;RPL3;MRPS14;RPLP1;NDUFA10;RPL8;SRP14;RPL9;CLU;RPS14;PPP3CB;UCHL1;RGS2;TUBA1A;PPP2R1A;BASP1;ENC1;SUMO2;RPL36;EFHD2;UQCRFS1;RPL38;ATP6V1E1;TMSB10;AP2M1;CTSB;NSF;HSP90AA1;TPI1;RPS7;GPX4;RPL23;RPS6;LANCL1;NDUFC2;CSNK1D;RPS3A;DYNLL1;ATP1B1;DGKZ;COX6B1;RBX1;PCP4;PRKAR1B;TMX2;PSMA2;ATP6V1B2;RPL24;RPL26;ATP6V0D1;RPL28;ATP6V0C;SLC25A4;PSMD14;CTBP1;STXBP1;GSTP1;RAP1GDS1;UQCR11;COX7A2;ATP1A1;COX5B;ADD1;PGRMC1;CAMK2N1;PSMB1;PGK1;RPL13;NDN;RPL15;RPS2;CYC1;NDUFV2;KLHDC3;PRNP;COA3;RPL41;TMA7;AP3D1;RPL23A;ATP2B1;MLLT11;RPS29;PI4KA;GNAS;EIF3E;ITM2C;RNF187",5.49450549450549,5
"201","titanium dioxide mus musculus gpl1261 non-pregnant gds2878 chdir up","64/170",6.86540022069978e-11,2.38410415624301e-10,0,0,2.22763661677689,52.131022204961,"BTG1;RPL31;RPLP1;RPLP0;EEF1B2;RPS15;BPIFA1;CHCHD2;LASP1;RPS18;MPC1;FTH1;RPL36;NPTN;RPL35;RPL38;TMSB10;HSP90AA1;RPL21;KRT4;RPS7;GPX4;RPS8;RPL23;ADIPOQ;BGN;RPL13A;RPSA;ACLY;UQCRC1;RPL24;TXNIP;NDUFS2;SNRPE;RPL26;UBA52;ATP6V0C;CRYAB;RPL11;RPL36A;COX7A2;COX5B;PGRMC1;RPS15A;RPL13;RPL18;RPS27A;SERF2;RPL41;GSN;KRT13;FABP5;RPS29;RPL27A;FASN;DLC1;EIF3I;HNRNPA2B1;RPS20;VIM;SERINC3;RPS21;EIF4G2;RPS24",1.5625,1
"202","dexamethasone rattus norvegicus gpl1355 gse29912 chdir down","211/824",7.0621230067258e-11,2.44027814786862e-10,0,0,1.51519503647958,35.4156995380823,"TFRC;POP1;UBE2L6;GPATCH4;ABAT;CLDN1;IFIT3;IFIT2;PSMD9;MT2A;FLAD1;DHX58;NAMPT;TRIM21;IER2;HERC6;PDK1;GSTK1;PAQR6;CPT1A;MBNL2;ATP6V0E1;RSAD2;IL1R1;ECH1;IFRD1;GOLPH3L;FNDC3B;CSNK1D;GNPAT;POR;IFI27;ETHE1;UQCRC1;PREB;TRIB3;SUCLG1;ATF3;TSPYL4;EPHA2;SULT1A1;TGOLN2;PPCS;PRKAR2A;B4GALNT1;PCK1;PROM1;SRPK2;EDEM1;TMEM50B;CIDEA;EIF2AK2;IFI44;CIDEC;EXT1;BST2;GLUD1;TF;FASN;HIST2H2AA3;FKBP11;GPI;ORM1;BTG1;ADK;SNX10;SNX11;WDR45;GYS2;ESM1;HEY1;NMRK1;ENC1;MLX;TIMP3;PHGDH;TIMP1;COX8A;SERPINB3;DUSP1;ARG1;EN2;AEN;MED27;COQ10B;PTRH2;CDC42EP4;PLIN3;CD63;SLC20A1;UQCR11;COX5B;HSPA13;TMEM164;LIMA1;OS9;GPNMB;STAT4;MGAT2;BRD4;CGREF1;FMO2;DHRS1;LRRC20;LYRM1;UBAP1;TSR1;AGRN;PNPLA2;NUCKS1;PARK7;IFI44L;ZFP36;DMBT1;PDE8A;TOR3A;PHYH;ACOT13;TAP1;POLRMT;ATP1B1;DHDDS;COL4A1;MASP2;IL6ST;FKBP5;H6PD;UBA5;INSIG1;SLC41A3;RHOBTB3;ITPR1;CREBL2;UAP1;COX7A2;DTX4;FOXO1;DPP6;EIF4EBP1;EIF4EBP2;CYC1;IGFBP6;NDUFV2;NDUFV1;HSPA9;GOT1;WFS1;PHF11;ASNS;ISG15;DHCR24;ACSF2;NFKBIA;CXCL10;MAFB;CPS1;BCL6;AMOTL2;LGALS3BP;AMD1;RND1;OASL;SCPEP1;UQCRFS1;ACP2;UPP1;HMGCS2;SLC37A4;USP46;NAT8B;DDX58;TBC1D8;NDUFC1;ARFGAP3;KLF15;DCN;DNM2;DUSP22;ZAP70;SFPQ;IRF7;NDUFS2;EFHC2;IRF9;BIRC3;SEC23A;CEBPB;SMARCD2;GLRX;HSD17B12;TOB2;USP18;AP3M2;SLC25A28;PDLIM2;TNKS2;SPOCK2;POLD2;DNAJB9;IGF2BP3;HES1;MAPK6;SEC23B;NDUFA5;IDH3G;MX1;ASS1;MYO1B;MARCKS;CHPT1;GPD1L",2.8436018957346,6
"203","dexamethasone mus musculus gpl1261 gds2802 chdir up","61/160",1.0432199043041e-10,3.58703198622789e-10,0,0,2.25591715976331,51.8489598820656,"IFITM3;BTG1;TFRC;SLC2A1;PIK3CD;CXCL1;FNBP1L;NR3C1;GJA1;ESM1;LGALS1;SEC61G;RPL36;PMPCB;TIMP3;TIMP1;PHLDA1;IER5;TMSB10;SOX4;IER2;TPI1;RPS7;IGFBP5;TNFRSF12A;BUD31;PLAUR;TM4SF1;MTAP;RPL37A;RPL26;ATF4;HBEGF;PTGER4;TMED10;DDX21;COX7A2;TNFRSF11B;HSPA14;GNAI2;IL1RL1;HAS2;CCL2;EGR1;RANBP1;RPL41;JUN;AKIRIN1;H3F3B;NDUFA5;PLK2;GFPT1;YIPF5;INHBA;HNRNPAB;TMCO1;MARCKS;HNRNPA2B1;COL9A3;TGFBI;RPS24",4.91803278688525,3
"204","troglitazone mus musculus gpl81 gds734 chdir down","55/138",1.19396181487316e-10,4.08522228814443e-10,0,0,2.35828831146557,53.8835247533598,"IFITM3;CLIC4;SPARC;RPL3;KDELR1;RPL34;RPLP1;HP;YBX1;SRP14;RPL7;UBL5;LGALS1;TUBA1A;FTH1;B2M;RPS12;CTSB;HIST1H2AL;RPS5;ADIPOQ;BGN;TMEM134;ACLY;PSMA6;NPC2;SPARCL1;NUPR1;CYP2E1;CD63;VCP;CD151;COX7A2;RETN;GNAI2;CST3;RPS15A;PRDX1;PSMB1;TSPAN4;MAPK6;NDUFA7;GSN;CNBP;CP;COL1A1;DAP;COL3A1;FASN;APOC1;GNAS;PDCD4;RPS24;TPT1;PNPLA2",1.81818181818182,1
"205","vitamin a rattus norvegicus gpl85 gds238 chdir up","30/54",1.24297076988345e-10,4.23216388965193e-10,0,0,3.28731097961867,74.9781283151545,"RPL30;SPARC;RPL9;RPS4X;CST3;RPS16;RPS3;SERPINH1;RPLP2;APOE;RPS12;S100A10;COX8A;HSPA8;EGR1;RPL41;ANXA2;RPL23;PABPC4;KRT5;DCN;COL1A1;ACLY;RPS25;COL1A2;RPL27A;KRT14;S100A4;RPL26;VIM",3.33333333333333,1
"206","decitabine homo sapiens gpl96 melanoma gds3012 chdir down","30/54",1.24297076988345e-10,4.21161940475071e-10,0,0,3.28731097961867,74.9781283151545,"EIF4A2;RPL3;RPL31;SHC1;RPL12;SERPINE1;RPL11;SAT1;NDRG1;MT2A;RAC2;RPL13;RPL38;B2M;RPL39;TMSB10;CTSB;MCL1;FDFT1;LAMB3;HLA-B;HLA-C;RPS3A;RPL23A;IL1B;GNAS;RPL24;EIF3H;TMBIM6;MT1E",0,0
"207","doxorubicin homo sapiens gpl96 gds3514 chdir up","38/80",2.14597405975159e-10,7.23618306138458e-10,0,0,2.81065088757396,62.5714334462998,"PPP1R15A;SERPINE2;RPL12;TNFAIP3;THBS2;PTGS2;RND3;SAT1;NDRG1;HSD11B1;SDCBP;LGALS1;RPS19;GPNMB;SEC61G;FTH1;PI3;GBP1;RPL17;S100A10;WARS;SERPINB2;ANXA2;H3F3B;RIPK2;ANXA5;SOD2;ASPN;SFRP4;IL6;RPS27;RPL37A;ID1;VDAC3;RPL24;CHI3L1;RPS20;ATF4",0,0
"208","dexamethasone mus musculus gpl81 gds250 chdir down","49/118",2.22967427157995e-10,7.48227231520578e-10,0,0,2.45712566442684,54.6071495167471,"CLIC4;ACAA2;HP;YBX1;CSRP2;TIMP3;CTSH;PIP4K2C;ANXA2;PEG3;DUSP1;IGFBP3;F2R;SSR3;FOS;RBX1;RHOB;DDB1;COL4A2;NPC2;FDX1;TXNIP;RIN2;FKBP5;BEX4;ATP6V1A;NEDD4L;FOXO3;AGER;SELENBP1;NT5DC2;IGFBP6;RPL41;NDUFA7;GSN;GADD45B;PRDX6;HOPX;NFKBIA;MARCKS;KRT19;RGCC;LCN2;CD9;PLP2;SERINC3;SPRR1B;BCL2L1;PNPLA2",6.12244897959184,3
"209","estradiol homo sapiens gpl6947 gse27375 chdir down","137/488",3.11692361773002e-10,1.04096300726103e-09,0,0,1.66116985158599,36.3613542478482,"CYFIP2;EIF4A2;GLTP;ACAA2;ZDHHC7;COMT;SAT1;ZMIZ1;RUSC1;ARL6IP5;PMPCB;JUNB;TNS3;HIST1H2AC;MYLIP;SLC38A1;ECH1;SLC11A2;TAP1;KRT7;ARID5B;LDOC1;ACSL3;TM4SF1;PRKAR1A;NINJ1;MT1F;TXNIP;TRIB3;HIST1H2BG;HIST1H2BD;SIDT2;BEX4;ATP6V1A;NOTCH3;CRABP2;IGSF3;PEX11B;TACSTD2;ITPR1;NEDD4L;GATA3;NDRG1;CORO1B;RAP1GAP;RRAS;NEU1;CHST15;ST3GAL4;PACSIN2;HIST1H3H;HIST1H3I;TFAP2A;SEC16A;INHBB;FOXN3;PBX1;HOPX;EFNA1;ALDH6A1;ID1;PPT1;ECHDC2;HIST1H4H;SDC1;XAF1;LRP10;BCL2L1;HIST2H2AA3;BCAR3;PLEKHF2;RERE;BTG1;CITED2;LITAF;RND3;PTPRF;OSBPL10;RND1;HEBP1;CA5B;TIMP3;PMEPA1;EFHD1;DSP;MANBA;CERS6;PLLP;SLC2A10;TBC1D9;MMP9;HIST2H2BE;RBL2;GPRC5A;CEACAM6;OAS2;CDC42EP4;IRF1;MYH9;CD47;SMPDL3A;CDH17;FBP1;DCP2;PTGER4;GRN;WDR26;CANT1;TUFT1;MVP;TRAK2;SELENBP1;MUC1;ERMP1;DRAM1;RXRA;ERBB3;CAMK2N1;ERBB2;SH3BP4;STOM;RPL15;ATP9A;SASH1;SLC12A2;SLC35A1;DHRS1;MYO1B;PIK3IP1;CCNG2;SGSM2;PMP22;ZNF217;RAB9A;GPD1L;YPEL5;GRINA",6.56934306569343,9
"210","methylprednisolone rattus norvegicus gpl85 gds965 chdir down","79/236",3.60769594177265e-10,1.19912941302729e-09,0,0,1.98074415805837,43.0668876433215,"EIF4A2;MTCH2;SLC25A3;ACAA2;DEFB1;YBX1;RPL8;COMT;RPL9;LIPA;RPS15;RPS4X;MT2A;CALB1;MPC1;FTH1;BSG;RPL35;CTSH;HMGCS2;SEC62;RPS11;B2M;RPL39;NAT8B;TPI1;RPS7;IGFBP5;RPS5;RPS6;SORD;NDUFC2;RPSA;NDUFC1;PDZK1;MEP1A;SUB1;SUCLG1;TMBIM6;ATP6V1A;CD63;MGST3;RPL12;GSTP1;RPL11;NDUFB2;GSTT2;UQCR11;COX7A2;LRP2;COX5B;PRDX3;HSD11B1;APOM;RPS15A;DDT;PRDX1;PGK1;PCK1;RPL18;HSPA9;CRTAP;IDH3G;FUCA1;KCNJ16;ASS1;COL1A1;RPS26;ALDH6A1;GATM;GCLC;RPS29;FABP6;GSTA3;RPL27A;HNRNPA2B1;SFXN1;GCLM;RPS21",2.53164556962025,2
"211","estradiol homo sapiens gpl571 gds4063 chdir down","68/192",3.99042627644567e-10,1.32005570661568e-09,0,0,2.0956607495069,45.3541911692846,"SCARB1;DOCK4;SERPINA1;CITED1;HSPB8;FHL2;PLAT;PPP2R2A;SLC7A11;KIAA0100;OLFML2A;NMRK1;TNFSF10;SLC16A7;LRRFIP2;MAN1A1;PHLDA1;MYBL1;SYBU;C11ORF24;SRRM2;TIPIN;IGFBP4;METTL1;DIO1;UGT2B15;PDZK1;NAV2;FOS;SLC7A5;PCP4;RAB31;RPL37A;COL21A1;KCTD12;IL6ST;FKBP4;SLC29A1;NBL1;FJX1;ANKRD36B;CD44;FKBP5;PTGES;CHRNA3;FOXC1;SLC47A1;NXPH3;ENDOD1;DDX21;SLC7A1;TMEM164;CALCR;OLFML3;HAS2;HOXC6;CA12;RABGAP1L;EGR3;CADM1;TIPARP;GREB1;LIF;FAM189A2;MICAL2;KLF4;TPD52L1;P4HA2",4.41176470588235,3
"212","candesartan rattus norvegicus gpl85 gse2739 chdir down","28/50",4.01013287676797e-10,1.32031733395474e-09,0,0,3.31360946745562,71.6966560330126,"IFITM3;BTG2;SPARC;RPL3;RPL31;RPL11;SLC2A1;RPL9;RPS4X;RPS14;SDCBP;RPL37;RPS11;RPS27A;B2M;RPL39;EGR1;RPL21;RPL23;RPS6;SERPINB9;ACTA2;COL1A1;MGP;GNAS;ALPL;RPL26;RPS21",0,0
"213","estradiol homo sapiens gpl570 gse11869 chdir up","40/89",5.8802907196993e-10,1.92696850814559e-09,0,0,2.65939764643308,56.5234884040327,"GPI;CD81;GSTP1;CRIP2;HMGB1;SAT1;CDH6;RPS15;CHCHD2;CAPNS1;BASP1;TRIM2;FTH1;RPS2;PHLDA1;SOX4;AP2M1;TMPO;S100A10;IVNS1ABP;HSP90AA1;JUP;PLK2;SCD5;NDUFA1;RPL13A;ACTN4;ATP1B1;EEF2;TGFBR2;ENAH;KRT19;RPL37A;ID1;MAL;TXNIP;PLXNB2;P4HB;PFN1;AGRN",5,2
"214","ursodeoxycholic acid mus musculus gpl8321 gse21266 chdir up","26/45",6.68742142463605e-10,2.18122437121307e-09,0,0,3.41880341880342,72.2243506576906,"PIGR;BTG2;SLC20A1;WFDC2;SULT1A1;ZFP36;CCND2;DMBT1;IER2;TGM3;HIST1H1C;IVNS1ABP;EGR1;JUN;H3F3B;RSAD2;ISG15;KLF4;RHOB;NR4A1;KLF6;PMP22;TXNIP;NUPR1;ATF3;HIST1H2BC",0,0
"215","doxorubicin homo sapiens gpl96 gse12972 chdir down","45/107",7.32078070344347e-10,2.37669996790862e-09,0,0,2.48852513410385,52.3464595442144,"RPL4;SPARC;RPL3;SET;SEMA3C;MAGED1;RPLP0;CXCL1;PTN;EPS8;GJA1;RPS16;OS9;RPS18;RPL13;TIMP1;RPS2;IL13RA2;RPL39;RPS12;BTF3;HSP90AA1;IGFBP3;FST;MMP2;AKR1C1;RPS6;HLA-B;HLA-C;RPL13A;C6ORF62;EEF1G;VCAN;COL1A2;SUB1;SPARCL1;TXNIP;MT1H;S100A4;KDELR3;UBA52;OGT;TPT1;MT1E;LIMS1",2.22222222222222,1
"216","diethylstilbestrol rattus norvegicus gpl1355 aci gds2913 chdir down","42/97",9.1143802823777e-10,2.94529510976835e-09,0,0,2.56206917586775,53.3320255927136,"FKBP11;CD63;TRAM1;MAGED1;RPLP0;HDLBP;PLOD3;TMEM248;OLFML3;CREB3L1;TMED3;RPL14;TMED2;SDF4;RPS2;B2M;SERF2;RPL39L;CGREF1;TMED9;SEC13;RPL21;GPX4;SSR3;NDUFA1;RPSA;RPS3A;MT3;RPS26;DAP;RCN1;TSPAN13;RHEB;RPL24;KDELR3;PLP2;P4HB;RPL29;RPS21;NOP10;NUCB2;ATF4",0,0
"217","tamoxifen homo sapiens gpl96 gds2367 chdir down","58/156",9.22440675050879e-10,2.96711332343555e-09,0,0,2.19996965559096,45.7681644271068,"ARL6IP1;TFRC;NUCKS1;HMGB1;YBX1;MEA1;LAPTM4B;CHCHD2;LASP1;RPS16;UQCRFS1;RPL38;COX8A;HSP90AA1;IGFBP4;H2AFZ;RPSA;EMP2;COX6B1;RAB31;PKM;JTB;ERH;TFF1;TMBIM6;FKBP4;MXRA5;ATF4;CD63;SET;SEMA3C;SHMT2;ARL3;UQCR10;TYMS;TMEM164;HSP90B1;SLC9A3R1;EBP;PGRMC1;AGR2;RPS2;RPS27A;RPL41;XRCC6;H3F3B;TAF10;RPL23A;TPD52L1;HNRNPAB;RPS26;RPS27;TSPAN13;RPS29;CD9;RPS20;FAU;RPS21",1.72413793103448,1
"218","estradiol bos taurus gpl2112 gse45857 chdir down","53/137",9.2710665312307e-10,2.96844240311882e-09,0,0,2.28912020040599,47.6113023266359,"IFITM3;RPL4;ITGB1;ORM1;RPL3;SERPINA1;PROS1;HP;PCTP;CLU;RPL9;EEF1B2;LBP;ACAA1;B2M;CTSD;RPS12;GSTK1;PHYH;S100A2;IGFBP4;RPL13A;RPSA;RPS3A;PDIA4;EEF1G;RBP4;IFI27;EEF1D;CAT;CFB;MT1E;CRP;TMED10;C1S;INSIG1;SAA4;HSP90B1;HPX;C6;DDT;GPC3;ISG15;AKR1C4;CP;ATOX1;MANF;GATM;HNRNPF;CYP1A2;P4HB;RPS24;TPT1",1.88679245283019,1
"219","tocilizumab homo sapiens gpl6244 gse25160 chdir down","63/176",1.06358594023477e-09,3.38987664969805e-09,0,0,2.11807423345885,43.7628442565877,"SPARC;PROS1;HP;MPL;F13A1;KRT23;PLOD2;MPO;CLU;IFIT3;NRGN;CA2;ANPEP;NAMPT;CYP1B1;OLR1;CTSG;CLEC1B;RSAD2;MME;GP1BA;RNASE3;MMP9;HIST2H2BE;DNM3;CTTN;CEACAM6;IL1B;KLRF1;UTS2;CHI3L1;BPI;CEACAM8;S100A9;VCL;HIST1H2BJ;HIST1H2BK;ALOX12;ASAP2;PTGS2;LTBP1;PTGS1;PDLIM1;SOCS3;PGRMC1;CXCR1;PRKAR2B;PDGFD;S100A12;CCL2;HIST1H3H;ELANE;EGR2;ZNF185;DEFA4;PPBP;SOD2;GNG11;CXCL10;LCN2;PDE3A;S100P;PF4",3.17460317460317,2
"220","vorinostat homo sapiens gpl570 gse34880 chdir up","102/341",1.49528676751692e-09,4.74413710784914e-09,0,0,1.76994221659234,35.9669034468351,"CD83;TFRC;RPL34;UBE2L6;GBA3;PHB2;SAT1;EFR3A;DPYSL2;MYC;DPYSL3;TMSB10;BNIP3L;ATP6V0E1;RPL23;ACTN4;GTPBP1;NISCH;GNPAT;COL4A2;SYPL1;PRKAR1A;SUB1;TXNIP;KCTD12;IL6ST;ASF1A;NOTCH2;VCP;SHC1;RPN1;LTBP1;PLD3;TGOLN2;SNX3;RAB11FIP1;ZNHIT1;S100A10;SNX6;HSPA9;CEP350;GFPT1;PRRC2C;LYZ;SMARCA4;CHERP;EXT1;MAGED2;RPS21;FERMT2;ARF3;PIGT;RPLP0;ADK;PTEN;HK1;TIMP1;CCT3;EIF5B;ACTR2;ATP6V0B;HSP90AA1;TPI1;ANXA5;EMP1;ARID1A;DUSP6;APRT;DNM2;PLSCR1;ASPH;PFDN5;LUC7L2;HDAC4;GRN;RPL11;PTGS2;RXRA;PSMB2;MAPK1;RPL15;RPL17;PAK4;NPDC1;DYNC1H1;PTPN18;EGLN2;PRAF2;SULF1;S100B;KRT19;MYO1B;NFIB;EIF3L;MGP;APOC1;PDCD4;KRAS;STUB1;P4HB;EIF3F;AGRN",1.96078431372549,2
"221","alitretinoin rattus norvegicus gpl85 lung gds2385 chdir up","41/95",1.62226019211225e-09,5.12369961128665e-09,0,0,2.55372158206166,51.6859087305869,"SPARC;UQCR11;COX7A2;SPINT2;YBX1;RPL8;CST3;SULT1A1;SDCBP;RPS16;CAPNS1;RPL36;GPC3;RPS3;RPL35;RPL37;HSPA8;CYB5A;HSP90AA1;RPS7;RPS8;RPL23;CNBP;ANXA5;ATP1B1;PRDX6;TF;KRT19;RGCC;GSTA4;FABP5;GSTA3;SCNN1A;ALPL;RPL26;CYP2E1;VIM;FAU;SERINC3;CRYAB;EIF4G2",4.8780487804878,2
"222","estradiol rattus norvegicus gpl85 gds2311 chdir up","61/170",1.74439832654855e-09,5.48463978347246e-09,0,0,2.12321615036547,42.8185946570338,"EIF4A2;SNAP25;SLC25A3;RPLP0;FAIM2;RPL9;NRGN;RPS15;RPS4X;RPS14;MT2A;UCHL1;RPS16;CAPNS1;BSG;RPL36;NPTN;COX8A;TPI1;RPS7;GPX4;PABPC4;RPS3A;ATP1B1;DYNLL1;COPZ1;PKM;PRKAR1B;VSNL1;CDC37;MAP1A;TAGLN3;UBA52;ATP6V0C;CRYAB;INA;STXBP1;MGST3;RPL11;STK39;NDUFB2;UQCR11;CRIP2;ATP1A1;CST3;CAMK2N1;CHN1;RPS3;CYC1;NGFR;GABBR2;EEF2;PPP1CA;RPS26;NELL2;TF;GNAS;NUCB1;DYNLRB1;FAU;RPS21",4.91803278688525,3
"223","trastuzumab homo sapiens gpl570 gse15043 chdir up","143/528",1.83874475660439e-09,5.75535354309355e-09,0,0,1.6025641025641,32.2342671404258,"GALNT12;STEAP3;SERPINE2;RPL31;ABAT;PLOD2;CLGN;NFU1;PEG10;DPYSL3;PLS3;MAP3K8;SOX9;SLC16A3;PDE8A;PHYH;IGFBP4;DIO1;SLC6A14;RNASE4;ATP11B;ARMCX3;RAB31;SLC9A6;SOAT1;SLPI;RBP1;FSCN1;RAB38;MXRA7;ASF1A;S100A8;SKAP2;BEX4;CRABP2;INSIG1;ARL3;TACSTD2;ZNF22;PCSK1N;TSPAN8;SCGB1D2;PRKAR2B;PRKAR2A;STC2;SNX7;AUTS2;TNFSF15;FZD6;GREB1;EPHX1;BRAF;INHBB;ALOX15B;LARP6;HOPX;EXT1;NFKBIA;SCCPDH;AKR1B10;TCN1;PIP;TRIP6;NMU;LCN2;PIR;CPE;ECHDC2;CRYL1;ACO1;COL9A3;DHCR7;PKIG;PAM;ADA;DAZAP2;SERPINA1;PSCA;HSPB8;TNFAIP2;SNX10;CXCL1;PHEX;SERPINA5;SGCE;SCPEP1;SCML1;DSE;CTSH;MAN1A1;TIMP1;HMGCS2;GUSB;MYBL1;HTATIP2;FOXD1;DDX58;EMP1;RRAS2;GFRA1;RHOD;SLC25A16;BACE2;SLC7A5;NPC2;BIRC3;MATN2;ATP6V1B1;LTF;PTGER4;KANK1;CEBPD;CCDC69;NRXN3;THSD4;PTGS1;CST4;CST2;CHN1;AGR2;RPL13;CCL2;EGLN1;CA12;EGLN3;HSPA1L;CDKN2A;GOLM1;MOCOS;SPAG4;SORBS2;TPD52L1;PSMB8;PNRC1;PSMB9;KLK12;TTC17;GALC;FABP5;MGP;ASB9;CHPT1;FMOD",4.1958041958042,6
"224","estradiol homo sapiens gpl570 gse11352 chdir up","129/464",2.0002205361467e-09,6.23283006352854e-09,0,0,1.6450724341971,32.9508146663512,"NCKAP1;EIF4A1;MTCH2;RPL3;TFRC;HNRNPU;ABAT;PLOD2;NUCKS1;PHB2;EEF1B2;NARS;CCND1;MYC;PEG10;SNRPD3;MREG;TRAPPC2L;IGFBP4;RPS5;GTF3A;NPY1R;DPM1;PRPF4;RAB31;ARMCX6;YME1L1;JTB;CCDC86;SNRPE;ERH;FKBP4;S100A7;SET;TMED10;ARL3;RHOBTB3;SLC1A5;MRPL12;HIGD1A;HSP90B1;SLC9A3R1;EBP;CYC1;FDFT1;NAA50;HSPA9;HSPA8;RPL41;SURF1;EGR3;H3F3B;FUS;GREB1;EEF2;CS;RPS26;EIF6;RHEB;SRPRB;DHCR7;TMEM9B;UBE2M;AMD1;SLC2A1;HMGB1;YBX1;MRPL41;UQCRFS1;CTSD;CCT3;HSP90AA1;TPI1;PRMT1;SSR3;ITPK1;MRPL49;AHSA1;NUTF2;EDF1;DYNLL1;UTP18;APRT;SLC7A5;UGDH;ASPH;PTRH2;BLVRB;PFDN2;CD47;ARF6;SF3B4;SF3B5;CEBPB;SEMA3C;MRPS34;DDX21;SLC3A2;SLC7A1;TDG;POLD2;RPL13;RPL15;CCT8;EMC7;MAPK6;EIF4E;SEC23B;SLC25A24;CA12;TIMM8B;RANBP1;NDUFA6;CNBP;PTPN11;TPD52L1;HSPE1;HNRNPAB;ASS1;YIF1A;KRT19;OSTM1;FABP5;TSR1;STUB1;SSBP1;EIF3D;GLA;PFKP",6.97674418604651,9
"225","oxandrolone homo sapiens gpl96 gds1333 chdir down","31/62",2.00399405841009e-09,6.21683490120107e-09,0,0,2.9585798816568,59.254803605306,"RPL3;RPL31;RPL12;RPLP0;RPS15;RPS14;TUBA1A;RPS16;RPS19;RPS18;RPLP2;RPL13;RPL15;RPS2;RPL17;GSN;RPS6;GTF3A;RPL13A;RPS3A;RPL23A;DCN;EEF1G;COL1A2;DES;EEF1D;RPL27A;GNAS;TXNIP;RPL29;CRYAB",0,0
"226","estradiol homo sapiens gpl96 gse1045 chdir up","37/82",2.24525577353438e-09,6.93446252180086e-09,0,0,2.66993794198297,53.1703360154182,"RPL4;RAB1A;DYNC1I2;SET;TFRC;SLC20A1;RPL12;RPLP0;YBX1;RPL7;MPRIP;MYC;PRDX1;CCL2;RPL38;RPL39;SPTBN1;BTF3;TMED9;ANXA2;UBE2E1;RPL13A;RPS3A;PTPN11;ACTN4;DUSP6;MOB1A;KLF6;RPS27;ID1;GNAS;RPS20;RPL26;PFN1;EIF4G2;RPS24;TPT1",2.7027027027027,1
"227","valproic acid homo sapiens gpl4685 gse45587 chdir up","84/266",2.51893345551886e-09,7.74544296014169e-09,0,0,1.86857676736219,36.996755385141,"EIF4A2;EIF4A1;PITPNB;RPL34;HDLBP;KEAP1;HNRNPU;CTCF;HMGB1;YBX1;COIL;LSM12;XPO1;PSMD3;ENC1;SUMO2;DHX15;TMPO;PRMT1;H2AFZ;RPS6;GTF3A;ATP1B1;ISL1;RHOB;ACLY;TMX2;PRKAR1A;ZC3H11A;PSME3;NUP50;UFC1;FSCN1;RPL24;SNRPE;MCM5;ADNP;RPL29;TRIB2;MMADHC;LUC7L2;SF3B2;VCP;SET;NDUFB4;RPL11;GATA3;TYMS;SLC7A1;BCLAF1;GANAB;PSMB1;PPP1R8;POLR2E;RPS2;EIF4B;UBQLN2;IVNS1ABP;HSPA9;RANBP1;TFAP2B;DARS;HSPA8;RPL41;XRCC5;LRBA;CNBP;HSPE1;HNRNPAB;MEIS2;RPS26;NFKBIA;UCK2;MARCKS;MYO1B;STAG2;FABP5;CAPRIN1;GNAS;HNRNPC;EIF3D;RPS24;EIF4G2;TPT1",1.19047619047619,1
"228","cetuximab homo sapiens gpl570 gse21483 chdir up","784/3901",3.00250056254543e-09,9.19186575726627e-09,0,0,1.18919591244242,23.3365669759969,"TDRKH;SPINT2;RBPJ;PSMD9;LSM12;TBK1;CAPNS1;PSMD4;DPYSL3;PSMD3;PRKACB;TMEM8A;STARD3;CXADR;CSNK2A2;PDZK1;RFX1;ISL1;SCAMP3;CD2AP;PRKAR1B;SCO2;PRKAR1A;PSME3;PADI3;TXNIP;SPARCL1;RBCK1;FAR2;LETMD1;ATF3;SAR1B;SHMT2;MEPCE;PDGFA;AGAP1;ABCB9;MRPL20;LARP1;CYB5R3;PRKAR2B;PRKAR2A;EPB41L2;RSU1;ABCA1;NGFR;JUN;CADM1;TIPARP;EDEM1;FUCA1;AZU1;CS;EIF6;SFXN1;PSMG2;C5ORF30;PIGR;PRKAG2;SNX10;MRPL35;PQBP1;OSBPL10;C12ORF43;ELOVL1;SPHK1;BGN;SIRT5;F3;SLC39A14;DUSP6;FAHD2A;PIGK;PELI1;RAPGEF2;SLC29A1;PIGG;PAFAH1B3;DLD;KANK2;KANK1;STAU1;PTGS2;PTGS1;SNX29;SRPX2;UCP2;PSMB1;STAT4;STAT6;FLNB;EGLN1;GOLM1;SMAGP;MBD1;BMP8B;SAMD4B;TARBP2;PSMB9;BYSL;LETM1;PSMC5;PSMC4;C12ORF29;PSMC2;UBAP1;AGRN;PLOD3;ZBTB20;PLOD2;SAT1;FADS3;SLC16A6;SLC16A7;MAP3K8;SLC16A3;MAP3K4;MAP3K5;SLC38A1;FST;SARS;CNPY3;OLFM4;C12ORF10;FTSJ3;MFNG;MAPKAPK2;FSCN1;UTS2;IL6ST;S100A9;ANAPC1;PFKFB2;C11ORF95;KHDRBS1;SHC1;ARL3;STK39;CREM;UAP1;NREP;ACAT2;SOCS2;SOCS3;ATXN7;EIF4EBP1;EIF4EBP2;FUS;GFPT1;DRAP1;MFHAS1;G6PC3;MDM2;LCN2;PIN1;ACO1;LRCH4;NFE2L1;BCAR3;ITGB1;MCFD2;ALAS1;FHL2;PIK3CD;BICD2;MRPL4;MRPL2;HHEX;DSE;PMEPA1;MRPL9;UPP1;NKX3-1;EIF5B;PPP1R12A;DST;ITGA3;ITGA2;MSL3;VEZF1;ARFGAP3;ARL4C;SLC25A16;ITGA5;MTRF1L;BIRC3;PRPS1;CANT1;NDUFB6;MLLT1;DRAM1;SH3BP4;FYN;SH2B3;EIF4B;SLC12A2;SEC24A;MYO10;NAGA;HNRNPAB;NELL2;SLC25A38;TSPAN13;PDCD2;P4HB;LPGAT1;CERK;KEAP1;ZDHHC7;RCBTB2;HERC5;C1GALT1C1;LGALS1;PIEZO1;IL12A;LGALS8;SEC62;SEC63;ACVR1;LIMCH1;GOLPH3L;ASRGL1;SOAT1;SUB1;NINJ1;CCDC86;TRIB3;PREB;MXRA7;KCTD12;EPHA2;RRAD;SUPT4H1;PIK3R3;CD1D;APH1A;TGOLN2;DHX30;RAB11FIP1;RRAS;MIER2;MICAL1;NEU1;TSPAN4;B4GALNT1;RBM12;TSPAN1;WWTR1;YES1;TNFSF15;MICAL2;IFI44;RASSF8;BST2;CYP26A1;MSRA;RPL27A;PAF1;GRB2;CALM3;DHX29;RGL1;FKBP14;MRPS10;OTUD7B;MIA3;SLC7A11;TFB1M;KIF17;PTPRF;AKAP12;PPP3CB;CTSO;ENC1;MLX;ARIH2;IDS;PHGDH;QSOX1;NANS;CTSB;SEC13;FOXD1;MME;TNFRSF12A;PABPC4;NBPF10;GAB2;RAP2C;ENAH;KIF2A;BANK1;GAN;IL1B;CD47;CRELD2;FJX1;NAPA;CD63;FOXC1;TAGLN;STX16;NEDD9;OS9;CAMK2N1;ORMDL2;HSD17B2;MSX1;FILIP1L;PAK2;DYNC1I1;CXORF40B;PEX16;IL32;GABBR2;PEX19;GCH1;YIPF3;GAD1;AKR1C1;YIPF5;AKR1C3;DOHH;ESYT1;ACAA2;CD83;MPL;PRDM1;ACTG2;CLGN;CCND3;RGS2;CCND2;RGS3;PLAU;KHSRP;KIF5A;WWC3;CARD10;CASK;DNAJB14;DHDDS;HNRNPUL1;CD8A;MAP7D1;VCP;ARHGEF26;PSMD14;DAPP1;SLC1A4;SLC1A5;HIGD1A;RASGRP2;TAF5L;CNN3;CNN2;SPTA1;ISOC1;CD99;TFAP2A;YARS;IVNS1ABP;CRTAP;HMGA2;H2BFS;UBE2A;INHBA;IGF2R;SSH1;IL6;UBE2N;AMOTL2;DEGS1;GCLM;UBE2M;GSK3B;TNFAIP3;MEA1;RND3;RND1;SEC61A1;UFL1;LASP1;UBE2Q1;NUP62;DYNLT1;DDX58;DDX56;TBC1D9;QRSL1;ACTA2;RCN1;RER1;ACOX1;NUP50;ATG4B;MVP;RAP1GDS1;RRBP1;AGPAT1;PPOX;CYTH2;CAND1;PDLIM2;CBS;SPOCK3;NUP43;GALNT6;MBTPS1;LAMB3;NAA10;TAF10;MX1;ATP2B1;SOD2;FAM155B;ERCC1;ERCC8;PTX3;CHPT1;VIM;GLA;FAM50A;RPL31;SERPINE1;HNRNPU;XYLT1;EPRS;ELK3;RNF115;ZMIZ2;CREB3L2;AP1S2;PIP4K2A;RPL37;PIP4K2C;UNC13B;ACOT9;ACOT7;TSPYL1;RPL23;SERPINF1;FNDC3B;HCFC1;WDR77;BCAN;DYNC1LI1;MTAP;PRKD3;HECW1;RPL28;CFB;GNE;CDC42SE1;LRPAP1;FICD;HOXD1;NEDD4L;ATXN7L3B;RRP7A;PLAC8;FAM171A1;BLOC1S1;SERPINH1;ZSCAN12;PROM1;ZNF148;HOXC6;FZD5;H3F3B;PLK2;HNRNPM;ATG2A;HNRNPD;SERPINI1;FARSA;PYGB;LPCAT1;SMG8;CSRP2;TRIM2;TIMP1;BRD2;SERPINB2;ANXA3;ANXA5;SSR3;PAWR;COQ10B;COPZ1;ITPKB;FCER2;BACE2;TUBB2B;TUBB2A;SLCO4A1;HBEGF;SF3B4;SF3B5;WDR26;CLDND1;PHLPP1;GCNT1;HSPA14;TM9SF3;BCLAF1;ABI3BP;RPL15;APOL2;FARP1;SF3A1;CDKN2C;CARD8;MOCOS;ELP6;WDR13;GTF2H5;FIG4;OSTM1;NFIB;ZYX;RHAG;LAMTOR3;NUCB2;CSF3;IRS1;AHR;CLU;MPC1;PHLDA1;GYG1;TOR3A;MAP2K1;USP7;SLC15A1;MAP2K2;IGFBP4;USP3;IGFBP3;CSGALNACT2;TAP1;CHD1L;LEMD3;RAB32;ADAM9;RAB38;ADNP;NOTCH2;FKBP2;UBR4;ITPR1;RHOBTB2;CCDC30;SAFB2;ANKRD10;MCL1;MPDU1;ANKRD28;OSBPL8;AKIRIN1;ASNS;MARCH6;TOR1B;LSM2;RHEB;CPE;PLXNB2;SERINC1;MAFK;SLC26A4;NES;ZNF532;CNIH4;BCL2L1;EIF4G1;CPM;WDR4;SCPEP1;VPS72;CNGA1;EFHD2;EFHD1;CEP170;TNPO1;ADAMTS6;CR2;WIPI1;DUSP22;ASPH;CTDSP1;CNGB1;HDAC4;RAB1A;SEMA3C;WBP2;CCDC69;GLRX;SEMA3E;HDAC9;DNAJB9;CTNNAL1;POLR2L;PTPN18;IDH3G;CMA1;CCDC59;CDC42BPA;KLF2;TPCN1;PFKP;IFITM3;IFITM1;IFITM2;SPARC;SLC35B1;PPP2R2A;CALML4;RPS6KA2;ARFIP2;SOX9;AGFG1;TBC1D10B;CPT1A;IL1R1;METTL1;ACSL5;KRT7;ACSL3;PSG2;HLA-F;MRPS18C;TLN1;AURKAIP1;ALDH7A1;GPM6A;GYPA;SLC35D1;STXBP1;IGSF1;CSTF2;TWF1;CYP27B1;ZNHIT3;STC2;GSE1;CDR2;TMEM184B;GADD45B;LIF;ALOX15B;GNG11;RPS26;NMU;MAGED2;HIST1H4D;CD320;CDS2;DAZAP2;SLC44A4;GDI1;FAF2;ANKRD1;TMED7;TMED9;TFE3;ZDHHC11;RHOF;RHOC;ZDHHC17;RHOB;UGDH;MDFIC;NME7;KRT36;FAM20B;AIDA;ATP6V0C;RAB7A;PTGER4;PRIM2;SLC20A1;AKAP7;GDPD5;LIMA1;NT5E;CXCR1;WIF1;CBR3;GDF11;NQO2;SLC31A1;C1GALT1;PDZK1IP1;SPCS3;FAP;AXL;DLC1;MARS;RAB3GAP1;FCGBP;KDM1A;HDLBP;ARID4B;COMT;CCDC28A;CNDP2;FAM162A;ARHGDIA;NRCAM;PDE8B;TMEM14B;KDM2A;KAZN;NOSIP;KCTD3;ATP1B1;TUFM;COL4A2;HGS;COL4A1;HIST1H2BD;RAI14;ABCG2;MAN2A1;HSPA9;CBX5;SMURF2;EPHX1;CBX1;ARHGAP29;TDRD7;ESR2;NR4A2;DAP;COQ2;DNMBP;DNAJC10;CHMP2B;PI4KB;NFKBIE;BMPR1B;CXCL6;ACADVL;DOCK4;MCTP1;CXCL1;GTDC1;CXCL3;ELAVL1;CXCL2;OASL;HS2ST1;UPK1B;CASP6;HIST1H1C;SRGN;DESI2;DCXR;SPATS2;PLAUR;UPK3B;ARID1A;DNM2;TGFBR2;DNM3;MYH9;PFDN5;PON3;LTK;HIST1H2BO;HIST1H2BJ;HIST1H2BI;TUFT1;THBS2;RMND5B;GMDS;LEPROTL1;SASH1;ZNF185;PRAF2;USP22;PMP22;SPRY2;ATP13A3",3.95408163265306,31
"229","niacin mus musculus gpl1261 gds2605 chdir down","74/225",3.10418027818149e-09,9.46164993087633e-09,0,0,1.94608809993425,38.1248703647092,"GLTP;BTG1;TCF25;SOWAHC;PIK3CD;MPC1;FTH1;PDK4;RPL36;CD36;HMGCS2;TMSB10;TIMP4;IDH3A;IGFBP4;IFRD1;ECH1;RPL13A;NDUFC2;RHOB;SLPI;CSDE1;PSME1;RPL24;TXNIP;S100A4;RPL26;CYP2E1;UBA52;CRYAB;FKBP5;CD151;MGST3;RPL11;COX7A2;SLC1A5;RETN;COX5B;THBS2;AGPAT2;HSD11B1;PSMB7;CYB5R3;RRAS;PRKAR2B;SNCG;RPL15;CYC1;PCK1;RABAC1;NDUFV1;PLTP;CDR2;SPTBN1;S100A10;IVNS1ABP;HSPA8;RPL41;NDUFA7;NDUFA1;PTPN11;PRDX6;HNRNPAB;RGCC;FABP5;PSMC4;DLC1;GNAS;PLP2;DYNLRB1;VIM;NFE2L1;PNPLA2;EIF4G1",5.40540540540541,4
"230","estradiol homo sapiens gpl96 gse2251 chdir up","57/158",4.68472090941262e-09,1.42171095424783e-08,0,0,2.13467156018276,40.94077938601,"GPI;TRAM1;BTG1;TFRC;SERPINE1;HMGB3;PLAT;LITAF;RPL7;RPS14;TUBA1A;RPS19;BASP1;PLAU;CYP1B1;PHLDA1;DUSP5;TPI1;S100A2;ANXA3;PRMT1;HLA-B;HLA-C;ACLY;ADORA2B;PFDN2;CD44;CLDND1;TXN;TYMS;NDRG1;CNN3;PSMB1;PGK1;RPS3;RPL13;FLNB;RPS2;CCT8;RPL18;CTNNAL1;PRNP;XRCC6;GADD45A;AKR1C3;ARHGAP29;RPL23A;NR2F2;HNRNPAB;DRAP1;PDP1;IL6;EIF6;RHEB;P4HB;C11ORF58;PFKP",1.75438596491228,1
"231","dexamethasone rattus norvegicus gpl85 gse6216 chdir down","41/98",4.95459351758071e-09,1.49710228366724e-08,0,0,2.47554643159039,47.3397523850011,"IFITM3;CFD;SPARC;MGST3;RPL11;CLU;GNAI2;RPS15;CST3;RPS14;MT2A;LGALS1;CSRP2;PSMB2;SNRNP70;UCP2;RPL35;SNCG;TMSB10;RPS12;GSTK1;RPL23;CIDEA;RPSA;DCN;COL1A1;RPS26;ACLY;COL3A1;COL1A2;FABP6;RPL27A;ID1;MGP;PSME1;GNAS;TFF3;RPL24;S100A4;DYNLRB1;RPS21",0,0
"232","methylprednisolone rattus norvegicus gpl341 gds964 chdir up","45/113",5.82316591904027e-09,1.75196974633194e-08,0,0,2.35639105618684,44.6805246260743,"IFITM3;RPL30;C1S;CITED2;AMD1;COMT;RPL9;RPL7;RPS15;ZFP36;MT2A;PPCS;RPL35;EIF4EBP2;RPS11;PCK1;B2M;CTSD;RPL17;SNX5;RPS12;MCL1;HSPA8;JUN;RPS7;DUSP1;EDEM1;RPS6;RPS3A;KLF15;COQ10B;F3;KLF2;RHOB;NFKBIA;UGDH;RBP4;RGCC;IFI27;RPL27A;MGP;TXNIP;RPS20;RIN2;RPS21",2.22222222222222,1
"233","ursodeoxycholic acid mus musculus gpl8321 gds4372 chdir down","40/95",6.08775512362566e-09,1.82371376664837e-08,0,0,2.49143568981626,47.130455160363,"PIGR;BTG2;SLC20A1;WFDC2;IFIT2;SELENBP1;SULT1A1;ZFP36;CCND2;DMBT1;MUC13;IER2;TGM3;SPTBN1;HIST1H1C;IVNS1ABP;EGR1;JUN;GSN;RSAD2;H3F3B;DUSP1;ISG15;FOS;KLF4;RHOB;ACLY;CXCL10;NR4A1;KLF6;IRF1;TFF3;PMP22;TXNIP;CD9;NUPR1;ATF3;HIST1H2BC;HBEGF;ATF4",0,0
"234","isotretinoin homo sapiens gpl571 gse10433 chdir up","28/55",7.17590952951324e-09,2.14050634683771e-08,0,0,3.01237224314147,56.4896198977839,"SERPINA1;CRABP2;DEFB1;ATP12A;CALB2;PLAC8;HSD17B2;GCNT3;CCL2;PI3;STRA6;SERPINB3;SERPINB4;S100A2;ANXA3;SLC6A14;KLK13;KRT7;DHRS9;RBP1;S100P;RHCG;CD24;S100A9;S100A8;IVL;S100A7;LTF",0,0
"235","medroxyprogesterone acetate mus musculus gpl1261 gds3194 chdir up","37/85",7.54197891087521e-09,2.24012820416634e-08,0,0,2.57570483814828,48.1728441121147,"IFITM3;SPARC;RPL11;RPL10A;COX5B;ADH7;WFDC2;ACTG2;CNN1;LGALS1;RPS15A;TSPAN8;RPS18;RPL36;AGR2;RPLP2;PGLYRP1;B2M;CTSB;HSPA8;GSN;TMEM176B;RPSA;ATP1B1;ACTA2;COL1A1;RPS25;COL3A1;COL1A2;ASPH;RPS29;KRT15;EIF3I;LCN2;EIF3E;VIM;UBA52",5.40540540540541,2
"236","estradiol mus musculus gpl339 gse16854 chdir up","37/85",7.54197891087521e-09,2.23063613550462e-08,0,0,2.57570483814828,48.1728441121147,"IFITM2;SPARC;RPL11;PTN;RPL10A;IFI30;COX5B;LGALS1;RPS18;FTH1;PRDX1;RPLP2;LBP;RPS2;B2M;PRNP;PEG3;RPS8;MMP2;RPL23;TMEM176B;BGN;HMGA2;ATP1B1;HNRNPAB;DCN;COX6B1;ACTA2;RPS26;COL4A2;NPC2;RPS29;RBP1;PMP22;LCN2;RPS20;RPS24",5.40540540540541,2
"237","estradiol mus musculus gpl339 gse16854 chdir down","24/43",7.86681473273054e-09,2.31689311537802e-08,0,0,3.30260079812853,61.6285540392552,"LXN;TPI1;RASL11B;ANXA2;RPL12;RPS6;HTRA1;PLOD2;RPSA;IQGAP1;THBS2;TGFBR2;GJA1;PKM;COL5A1;FAM162A;COL6A2;PGK1;RPL36;RPL13;TMED2;COL6A3;QSOX1;SPRR1A",12.5,3
"238","doxorubicin homo sapiens gpl96 gds3514 chdir down","42/103",8.09860157937551e-09,2.3751360934471e-08,0,0,2.41282242775895,44.9546806604907,"RPL4;EIF4A1;SPARC;RPL3;SEMA3C;MAGED1;RPLP0;CXCL1;NREP;GJA1;OS9;RPS18;RPL13;TIMP1;RPS2;IL13RA2;PHLDA1;RPL39;RPS12;BTF3;HSP90AA1;IGFBP3;FST;MMP2;RPS6;HLA-B;HLA-C;RPL13A;C6ORF62;EEF1G;VCAN;SUB1;IL1B;SPARCL1;TXNIP;MT1H;S100A4;UBA52;OGT;TPT1;MT1E;LIMS1",2.38095238095238,1
"239","levetiracetam rattus norvegicus gpl1355 brainstem gds1864 chdir up","300/1319",9.7778805700368e-09,2.85563206606096e-08,0,0,1.34582860424115,24.8213095186173,"LPGAT1;CERK;ARL6IP1;FAM89B;PITPNB;HDAC11;HNRNPU;EPRS;NFU1;CAPNS1;PPP2R1A;FTH1;AKT1;RPL35;ATP6V1E1;LGALS8;B2M;SCN1B;SRRM2;MBNL2;SCAMP3;ASRGL1;DYNC1LI1;IFI27;PRKAR1A;CDC37;MAP1B;UNC50;SUCLG1;TAGLN3;RPL26;EIF1B;RPL28;TSPYL4;ATF4;LXN;NRN1;STXBP3;MAOB;SAR1B;CTBP1;MAGED1;STXBP1;MGST3;AGAP1;WDR61;ATXN7L3B;ADH5;TGOLN2;NCSTN;LARP1;CYB5R3;PRDX1;APOE;PROM1;S100A10;RPL41;TMEM50B;LARP6;SMARCA4;MLLT11;GLUD1;TF;SLC6A8;EIF6;RPS29;FASN;FAT1;CALM3;CD24;FERMT2;AARS;ITM2C;GPI;DAZAP2;COX7B;BTG2;CLIC4;GDI1;TCF25;RPLP0;SLC7A11;SLC6A1;LITAF;MRPL35;SLC6A4;AKAP12;ACTR1A;ACTR1B;CSRP2;UBL3;CSRP1;TRIM2;SEC61G;DHX15;PHGDH;CTSD;NDEL1;WARS;ANXA2;PLLP;PRMT1;ANXA5;SSR3;RHOG;AMPD3;MLF2;DDB1;GCHFR;CLDN10;CDC42EP4;CSDE1;ARHGEF3;RAPGEF2;ARHGEF1;AIDA;DBN1;NAPA;CD63;C1QA;ASAH1;WDR26;SLC20A1;GSTP1;CRIP2;UQCR11;COX5B;RASIP1;GNAI2;TRAK2;PSMB7;SC5D;STX4;NPDC1;DYNC1H1;DMTN;TMEM176A;AP3D1;BLCAP;FKBP1A;SPCS1;FABP5;FABP7;HNRNPA2B1;ABI1;RAB9A;FAU;AGRN;YPEL5;ACAA2;NDUFA10;TM7SF3;SAT1;IPO4;CNDP2;CCDC28A;LAPTM4B;CCND1;FGF9;KHSRP;OSBP;PLS3;DENND5A;NRCAM;PDE8A;AP2M1;BNIP3L;TRAPPC2L;IGFBP5;KAZN;ATP1B1;DGKZ;TPST2;ALDH3A2;TMX4;PCP4;TMX2;MAP7D1;MAPKAPK2;MAL;IL6ST;SNRNP200;VCL;ABCG2;ATP6V1A;IDI1;UBA5;INSIG1;NOP2;SLC1A3;NREP;RAP1GAP;CNN3;PCSK1N;ISOC1;ANKRD10;ATP6V1H;PLTP;MCL1;IVNS1ABP;HSPA9;PRNP;DARS;SMAD4;FUS;GLMN;DHCR24;TMEM230;MARCH2;MOB1A;COPS5;CHMP2B;UBE2N;GNAS;PI4KA;CHMP2A;PLXNB2;UBA1;TPP1;DYNLRB1;FGF13;OGT;LSM14A;NOP10;EIF4G2;SERINC5;COPE;EIF4G1;SLC25A1;RERE;SLC25A3;ALAS1;PRKCSH;HSPB8;AKAP8L;SLC2A1;HMGB3;ETFB;MEA1;ELAVL1;BICD2;PIK3C2B;HK1;CALB2;CALB1;CAPZB;CA2;SNRNP70;PMEPA1;UQCRFS1;LRRFIP2;ACTR2;GPX4;DESI2;NDUFC1;EDF1;GLRX2;REXO2;NIPSNAP1;IRF3;NPC2;EEF1D;DAD1;CHI3L1;INA;SMPDL3A;RAB1B;PON2;USP11;PRCP;SLC3A2;HSD17B12;ADD1;GNG3;ABLIM1;SLC25A28;DNPEP;CAND1;SPOCK2;EIF4H;SNCG;NDUFA7;IDH3G;CNBP;GALNT1;SGTA;HNRNPAB;MEIS2;KLF2;NELL2;KLF7;MARCKS;EIF3K;PPP2R2B;EIF3I;STUB1;EIF3F;VIM;SEC24C;SLC25A36",3.66666666666667,11
"240","pioglitazone mus musculus gpl2897 gse8806 chdir up","187/752",1.00183730009602e-08,2.91367681444592e-08,0,0,1.47142137731336,27.1018824691581,"NCKAP1;RPL30;SPARC;RPL31;CD81;MPL;HNRNPU;FBXO21;PHB2;RPL9;CASC1;COX6A2;RCBTB2;PSMD8;RPS15;ABHD11;RPS16;GOLGA5;CCND2;PLAU;RPL36;SLC16A6;RPL35;RCC1;RPL38;RPL37;RPL39;SLC16A3;AP2M1;SEC63;G6PD;TPM4;RPS7;RPL23;AIP;OMG;BCS1L;DPM1;TMEM134;POR;COL4A1;RPL24;MT1H;FKBP9;LY6H;RPP25;RPL28;ALDH7A1;COPA;H6PD;GYPB;NXPH3;CSTF2;HTRA1;PDGFA;CEND1;WDR61;TNFRSF11B;GATA3;MRPL12;HIGD1A;PRPF8;ADH5;GLG1;CORO1B;ATXN1;ZNHIT1;TPR;SERPINH1;EIF4EBP1;PGK1;APOE;NDUFV1;NAA50;BTF3;CTSA;HSPA9;RPL41;CRTAP;CBX5;FBXO34;ABCA8;SCCPDH;HNRNPF;MKRN1;UBA3;GNAS;PLXNB2;ALPL;TPP1;SERINC1;CALM3;RPS20;ALPI;DYNLRB1;RPS21;CNIH4;ZNF410;HIST1H4F;LGALS3BP;COX7B;ECM1;ALAS1;TNFAIP2;HIST1H1T;TNFAIP1;MRPL35;GGTLC2;RPS4X;CAPZB;CA5B;RPLP2;MYBL2;CTSD;SPTAN1;NKX3-1;ELOVL1;EMX2;CERS6;ANXA2;ATP6AP1;RIPK2;ANXA5;SSR3;BGN;MRPL49;AMPD2;TMPRSS11E;QRSL1;PJA1;RAP2C;EEF1G;NSA2;VCAN;PSMA2;ADORA2B;CDC42EP4;ESRP1;PPDPF;RPL37A;UFC1;TMBIM6;ZMYND10;MICU1;PCYOX1;CDH19;CD63;GSTP1;SEMA3A;RPL11;CRIP2;SLC3A2;COX5B;PTGS1;RMND5B;PSMB7;SNX29;PGRMC1;ERMP1;OXCT1;FYN;HARS;ATP6V0E2;EIF4B;UBQLN2;MAPK3;YTHDF2;TMEM176B;TMEM176A;FMO2;KLF4;HNRNPAB;LYRM1;SPCS3;PSMC5;LYRM2;DHRS7;CLEC2B;OSTM1;PSMC4;IMPDH1;CD5;APOC1;MGP;ZNF611;SLIRP;TJP2",4.27807486631016,8
"241","dexamethasone mus musculus gpl81 gds250 chdir up","48/126",1.01539648600399e-08,2.94085787232692e-08,0,0,2.25415610030995,41.4886482527549,"NOTCH3;TAGLN;RPL3;RALB;MAGED1;RPLP0;TNC;LPCAT1;NREP;ACTG2;GNAI2;PLAC8;RPS4X;GJA1;MUC1;LGALS1;RPS15A;RPS19;CSRP1;SERPINH1;TMEM109;RPS11;RPL18;B2M;TMSB10;SPRR2B;SOX4;RPS12;RPL21;KRT4;PLK2;EEF2;COL1A1;ACTA2;FKBP1A;COL3A1;COL1A2;TUBB2A;NFIB;RPL27A;RBP1;FSCN1;MYH9;MAGED2;MCM5;LCP1;RPL28;RPS24",0,0
"242","doxorubicin homo sapiens gpl570 gse11940 chdir down","50/134",1.13021152022051e-08,3.25986628559469e-08,0,0,2.20789543407224,40.400679905302,"IFITM3;ITGB1;FKBP11;SCARB1;CPM;PIGR;ACADVL;IFITM2;SERPINA1;BTG1;CD81;SERPINE1;C4BPA;PLOD2;MT1X;CYP2D6;NAMPT;LBP;CTSB;ST6GAL1;HSP90AA1;ATP6V0E1;ACSL5;NAV2;SLC39A14;SLPI;TFR2;MT1H;CFB;MT1E;TMEM45A;CRP;SLC20A1;INSIG1;NDRG1;HSD11B1;TMEM123;EBP;ASL;PCK1;GBP1;GCH1;CCL20;TMEM176A;SOD2;CP;ASS1;KLF6;SDC1;P4HB",6,3
"243","valproic acid mus musculus gpl6885 gse41020 chdir up","127/467",1.13613254960635e-08,3.26345892849891e-08,0,0,1.60916336175766,29.4365070408184,"RB1;IFITM3;IFITM1;PROS1;PITPNA;PLOD3;FNBP1L;LIPA;IFIT2;LAPTM4B;GJA1;LGALS1;APMAP;DPYSL2;PLS3;TMSB10;PDE8A;UNC13B;GSTK1;CISH;IGFBP4;RFX2;RNASE4;CARHSP1;SLPI;ETHE1;SUB1;RBP1;FSCN1;TXNIP;FKBP9;NUPR1;ATP6V0D1;BEX4;IGSF3;MAGED1;ARL3;STXBP1;MGST3;AK1;STK39;HTRA1;AGAP1;GSTT2;KLK8;NID2;SEL1L3;CNN3;SNN;PRDX4;RRAS;NDN;NPHP4;APOE;CDR2;S100A10;VAT1;EGR1;PRNP;ZFHX2;EPHX1;EIF2AK3;ARHGAP29;LPAR6;ID1;ECHDC2;TPP1;MAGED2;ALDH18A1;TGFBI;PKIG;TMEM9B;FKBP11;CTSZ;PYGL;WFDC2;NRGN;HEBP1;UCHL1;FAM102A;CSRP2;LBH;GM2A;SLC22A18;IDS;CTSH;TMEM109;UPP1;MANBA;TNFRSF12A;TESC;MMP2;BGN;SORD;COPZ2;EMP1;WIPI1;NIPSNAP1;CLDN10;PLSCR1;BLVRB;SLC29A1;PAFAH1B3;ITGB3BP;GRN;PRCP;CRIP2;NT5E;GPC3;IGF2BP3;RABAC1;CBR3;SLC12A2;SMAGP;SPAG6;NDUFA1;PDZK1IP1;FAH;ATOX1;YIF1A;DHRS7;MARCKS;GFI1B;GSTA4;AXL;AGRN;GRINA",0.78740157480315,1
"244","isotretinoin homo sapiens gpl571 gds3218 chdir up","28/56",1.20403531910891e-08,3.44433054400826e-08,0,0,2.9585798816568,53.9497102446389,"SERPINA1;CRABP2;DEFB1;ATP12A;CALB2;PLAC8;HSD17B2;GCNT3;CCL2;PI3;STRA6;SERPINB3;SERPINB4;S100A2;ANXA3;SLC6A14;KLK13;KRT7;DHRS9;RBP1;S100P;RHCG;CD24;S100A9;S100A8;IVL;S100A7;LTF",0,0
"245","sirolimus homo sapiens gpl6244 gse15703 chdir down","121/440",1.25651429323878e-08,3.57978357828845e-08,0,0,1.62721893491124,29.6029189639564,"FAM49B;RASL11B;BCCIP;GPATCH4;ABAT;PLAT;AQP3;ETS2;CDH6;CCND3;CCND1;FAM162A;PSMD3;DPYSL3;NAMPT;HIST1H2AE;NRCAM;PIM2;SKP2;HIST1H2AB;TIPIN;HIST1H2AI;IGFBP3;HIST1H2AK;ANK1;HCFC1;SLC5A6;DPM1;DYNC1LI1;ACLY;SFRP4;PSG4;HIST1H2BF;PSME2;CCDC86;HIST1H2BE;MXRA7;HIST1H2BG;PFKFB2;IDI1;NUP205;VCP;PSMD14;SAR1B;INSIG1;CSTF2;NOP2;TXN;HIGD1A;CD1A;DPP3;PRDX3;HIST1H3A;PRDX1;PGK1;STAP1;HIST1H3I;FDFT1;YARS;HSPA9;NGFR;HSPA8;HIST1H4L;KIR2DS5;ASNS;DHCR24;FAM136A;MLLT11;FERMT1;HIST1H4B;FASN;UBE2N;HIST1H4H;DHCR7;HIST1H4D;COX7B;FKBP14;SOWAHC;MRPL35;WDR43;MRPL4;UCHL1;HIST1H1E;PHGDH;DLAT;NANS;IFT57;VAV3;HSP90AA1;TPI1;WARS;DESI2;AHSA1;UCHL3;SLC7A5;PKM;DSG3;EEF1E1;DLD;HIST1H2BJ;GCNT1;HIST1H2BK;DDX21;HMGCR;HSPA14;SLC7A1;DNAJB1;TWISTNB;MTA2;RANBP1;EGLN3;CYP51A1;HSPE1;BYSL;GATM;PSMC4;PSAT1;MARS;PSMC2;GPD1L;SLIRP",3.30578512396694,4
"246","alitretinoin rattus norvegicus gpl85 mammary gland gds2385 chdir up","33/73",1.54357549037436e-08,4.37973858650938e-08,0,0,2.67488044094999,48.1119490932541,"IFITM3;GRN;NDUFB4;UQCR11;COX7A2;RPL8;RPS4X;SULT1A1;TUBA1A;MPC1;SNCG;APOE;RPS27A;RPL39;COX8A;HSPA8;HSP90AA1;RPL21;RPS8;RPL23;ANXA5;DCN;ACTA2;ACLY;PSMA6;RBP4;PSAT1;RPS29;HNRNPA2B1;RPL24;CYP2E1;VIM;TPT1",0,0
"247","fluoxetine mus musculus gpl1261 gds2803 chdir down","88/293",1.58149894362992e-08,4.46917515244405e-08,0,0,1.77716743744573,31.922028253663,"CYFIP2;RPL4;EIF4A2;PRDM8;RPL3;RPL31;HNRNPU;NUCKS1;RPL8;SLC6A1;RPL9;RPS15;EEF1B2;LASP1;GRM5;CALB1;RPS19;NPTN;RPL35;RPLP2;RPL38;RPS11;RPS12;SRRM2;MEF2A;RAB2A;DSP;IK;ATP6V1G2;TPI1;RPL21;RPS7;RPS8;RPL13A;WBP11;DGKZ;ITFG1;PJA1;TMX4;SFPQ;SUB1;RPL37A;SPARCL1;RAPGEF2;RPL26;PFDN5;TSPYL4;LUC7L2;GPM6A;MAGED1;RPL11;ITPR1;NEDD4L;KALRN;CAMK2N1;FUT9;CHN1;RPL14;EIF4H;RPL13;NDN;MAPK1;APOE;RPS27A;CRYM;NDUFV1;SPTBN1;OPCML;ZBTB18;SLC12A5;CADM1;AUTS2;NDUFA5;RPL23A;ATP2B1;OXR1;RPL27A;GNAQ;HNRNPA2B1;HNRNPD;CALM3;SERINC1;SERPINI1;FAU;RPS21;RPS24;ITM2C;MEGF9",2.27272727272727,2
"248","fluoxetine mus musculus gds2803 chdir down","88/293",1.58149894362992e-08,4.45115428489388e-08,0,0,1.77716743744573,31.922028253663,"CYFIP2;RPL4;EIF4A2;PRDM8;RPL3;RPL31;HNRNPU;NUCKS1;RPL8;SLC6A1;RPL9;RPS15;EEF1B2;LASP1;GRM5;CALB1;RPS19;NPTN;RPL35;RPLP2;RPL38;RPS11;RPS12;SRRM2;MEF2A;RAB2A;DSP;IK;ATP6V1G2;TPI1;RPL21;RPS7;RPS8;RPL13A;WBP11;DGKZ;ITFG1;PJA1;TMX4;SFPQ;SUB1;RPL37A;SPARCL1;RAPGEF2;RPL26;PFDN5;TSPYL4;LUC7L2;GPM6A;MAGED1;RPL11;ITPR1;NEDD4L;KALRN;CAMK2N1;FUT9;CHN1;RPL14;EIF4H;RPL13;NDN;MAPK1;APOE;RPS27A;CRYM;NDUFV1;SPTBN1;OPCML;ZBTB18;SLC12A5;CADM1;AUTS2;NDUFA5;RPL23A;ATP2B1;OXR1;RPL27A;GNAQ;HNRNPA2B1;HNRNPD;CALM3;SERINC1;SERPINI1;FAU;RPS21;RPS24;ITM2C;MEGF9",2.27272727272727,2
"249","fluoxetine mus musculus gpl1261  gds2803 chdir down","88/293",1.58149894362992e-08,4.4332781632678e-08,0,0,1.77716743744573,31.922028253663,"CYFIP2;RPL4;EIF4A2;PRDM8;RPL3;RPL31;HNRNPU;NUCKS1;RPL8;SLC6A1;RPL9;RPS15;EEF1B2;LASP1;GRM5;CALB1;RPS19;NPTN;RPL35;RPLP2;RPL38;RPS11;RPS12;SRRM2;MEF2A;RAB2A;DSP;IK;ATP6V1G2;TPI1;RPL21;RPS7;RPS8;RPL13A;WBP11;DGKZ;ITFG1;PJA1;TMX4;SFPQ;SUB1;RPL37A;SPARCL1;RAPGEF2;RPL26;PFDN5;TSPYL4;LUC7L2;GPM6A;MAGED1;RPL11;ITPR1;NEDD4L;KALRN;CAMK2N1;FUT9;CHN1;RPL14;EIF4H;RPL13;NDN;MAPK1;APOE;RPS27A;CRYM;NDUFV1;SPTBN1;OPCML;ZBTB18;SLC12A5;CADM1;AUTS2;NDUFA5;RPL23A;ATP2B1;OXR1;RPL27A;GNAQ;HNRNPA2B1;HNRNPD;CALM3;SERINC1;SERPINI1;FAU;RPS21;RPS24;ITM2C;MEGF9",2.27272727272727,2
"250","fluorouracil mus musculus gpl81 gds771 chdir up","54/151",1.67205844529044e-08,4.66838717925092e-08,0,0,2.11607037893334,37.8916793302054,"ITGB1;BTG2;RASL11B;CD81;RPLP0;PARK7;YBX1;SRP14;RPL8;UBL5;SEC61A1;RPS19;CAPZB;B2M;IER2;NDEL1;ACTR2;RBM14;TPI1;RPL21;BUD31;PABPC4;DYNLL1;TAPBP;DAD1;UNC50;RPL37A;BEX4;CD63;SMARCD2;EI24;PON2;RPL36A;SLC3A2;HSD17B10;NRAS;PGK1;RPL13;RABAC1;RPL18;SEC11A;S100A10;HSPA8;RPL41;H3F3B;YIPF5;RPL23A;SMARCA2;PRDX6;RPS26;FKBP1A;RPL27A;SERINC3;NOP10",3.7037037037037,2
"251","gefitinib homo sapiens gpl570 gse20854 chdir down","81/263",1.70410022283061e-08,4.73889225313054e-08,0,0,1.82239521227529,32.5983558752185,"CLIC4;TFRC;CITED2;HMGB1;SAT1;RPL7;LAPTM4B;UPK1B;CSRP1;OPA1;DPYSL2;PEG10;RARS;ARHGDIA;NUP62;DHX15;CYP1B1;SKP2;TNPO1;TMEM14B;TGIF1;HSP90AA1;ATP6V0E1;PPP1R12A;ANXA2;IL1R1;RPS5;C6ORF62;ATP1B1;ENAH;SLC7A5;VCAN;RCN1;SFPQ;TUBB2A;CTTN;PRKAR1A;NME7;SUB1;CSDE1;KDELR3;IL6ST;FKBP3;PDXK;IQGAP1;TYMS;HIGD1A;PRPF8;ADH5;BCLAF1;CCL2;IARS2;MGAT2;IGF2BP2;MAPK6;ATP6V1C1;SNX5;WWTR1;HSPA8;JUN;CADM1;XRCC5;YIPF5;PUM1;EEF2;TPD52L1;BYSL;COL1A1;GLUD1;NSFL1C;PSAT1;CAPRIN1;ID1;MGAT4B;GNAS;RPS20;HNRNPC;CD24;RPS21;LSM14A;EIF4G2",3.7037037037037,3
"252","rosiglitazone rattus norvegicus gpl341 liver gds3850 chdir down","42/106",2.2035659962698e-08,6.103528037287e-08,0,0,2.34453500055822,41.3355676629844,"PIGR;TRAM1;ORM1;RPL31;RPL34;INSIG1;RPL12;CFI;PZP;HP;C4BPA;RPL8;HSD17B11;CLU;SULT1A1;HSD11B1;RPS4X;MT2A;LBP;RPL15;RPS2;RPS27A;RPL17;RPS12;PHYH;ATP6V0E1;DUSP1;RPS5;TMEM176B;RPS6;TMEM176A;RNASE4;RPS3A;CP;DUSP6;PSMA6;CPS1;RPS29;RPL27A;CYP1A2;RPL26;KLKB1",0,0
"253","alitretinoin rattus norvegicus gpl85 liver   b gds2385 chdir down","72/226",2.25561571018395e-08,6.2230030265154e-08,0,0,1.88511284494947,33.1916677791299,"EIF4A2;COX7B;ORM1;MTCH2;SERPINA1;ALAS1;RPL31;TECR;HP;C4BPA;RPL9;RPS15;RPS14;RPL36AL;FCGRT;MPC1;CA2;FTH1;BSG;RPLP2;UQCRFS1;CD36;HMGCS2;COX8A;CPT1A;RPL21;RPS7;GPX4;RPS8;RPL23;PABPC4;RNASE4;RPS3A;SUB1;PPDPF;NINJ1;FDX1;SUCLG1;TMBIM6;RPL26;CYP2E1;FBP1;CFB;CRP;IDI1;NDUFB6;C1S;GSTT2;UQCR11;NEDD8;CRIP2;COX5B;SULT1A1;HPX;HSD17B2;RPS3;APOE;CYC1;RPS27A;GC;FAH;CP;ASS1;QDPR;TF;FABP6;GSTA3;FASN;FAU;P4HB;RPS21;TPT1",1.38888888888889,1
"254","ursodeoxycholic acid mus musculus gpl6246 gse22608 chdir up","197/809",2.27506632216293e-08,6.25195390893594e-08,0,0,1.44089057277229,25.3577599144018,"TFRC;CERK;SERPINE1;LGALS3;GJA1;LGALS1;ZMIZ1;BSG;TRIM24;PDK4;SOX9;SCN1B;ACOT9;IL1R1;SLC11A2;FNDC3B;ACTN4;TM4SF4;SLC5A6;POR;SPARCL1;CCDC86;ATF3;EPHA2;RETSAT;MGST3;GATA6;NEDD4L;IQGAP1;ABR;HIST1H3A;TSPAN4;ST3GAL4;CD14;HIST1H3I;CTSA;VAT1;CADM1;GADD45B;CIDEA;PBX1;CIDEC;SMARCA4;EHD4;EIF6;SFXN1;FXYD5;SPRR1A;SPRR1B;HIST1H4F;BTG2;CTSZ;SLC7A11;WFDC2;OSBPL10;AKAP12;ESM1;FAM102A;TMEM43;CSRP1;IMPA2;ENC1;TIMP3;CD36;GPR135;CBR1;TNFRSF12A;ANXA2;PLLP;TMC7;AEN;RHOC;SLC39A14;CBFA2T3;GPRC5B;TUBB2B;TUBB2A;ARHGEF3;MATN2;SF3B4;CD63;GRN;CAPG;RASIP1;NT5E;ERMP1;GPNMB;UCP2;FLNB;RABAC1;SLC17A1;CBR3;EGLN1;PEX16;CGREF1;RANBP1;EGLN3;TMEM176B;TMEM176A;LAPTM5;FMO2;FKBP1A;PNPLA6;PLP2;PNPLA2;GRINA;MEGF9;HP;F13A1;ETS2;FAM162A;ARHGDIA;SLC16A6;PIM1;SLC16A7;MAP3K8;TMSB10;TOR3A;TPM4;IGFBP3;CYBA;CHD1L;ALDH3A2;RAB31;SLC9A6;ILVBL;LY6D;FKBP5;PFKFB2;DLX2;ISYNA1;ARHGEF26;SLC41A3;SLC1A4;AK4;RASGRP2;FOXO1;CNN2;IVNS1ABP;TIA1;TGFB1;INHBB;SCCPDH;DNMBP;P4HA2;LCN2;PI4KA;ALPL;SRPRB;BCL2L1;ALAS1;WDR1;TREH;CHD7;GTDC1;CXCL1;TMEM100;EFHD2;PMEPA1;UPP1;LBP;GUSB;HIST1H1B;HIST1H1C;ABCC4;GPX4;ITGA3;DESI2;PLAUR;PPP2R5C;TRDN;ACTA2;PKM;CRY1;CHI3L1;MYH9;HIST1H2BM;SLC3A2;SEMA3F;ATP1A1;SRM;HES1;ATP9A;SLC25A24;LAMB3;USP22;DDHD2;PFKL;KLF6;WEE1;PSAT1;MGAT4B;PMP22;CD9;CDK2AP1;CHPT1;VIM",2.53807106598985,5
"255","dexamethasone homo sapiens gpl3921 gse28896 chdir down","71/222",2.36036475021392e-08,6.4609199829385e-08,0,0,1.89242496934805,33.2345110426839,"EIF4A2;DAZAP2;MS4A3;RPLP0;HNRNPU;YBX1;EPRS;SMC3;BMI1;SAT1;ELAVL1;NARS;LAPTM4B;RPS16;XPO1;MYC;DHX15;TMED2;MFSD1;CD36;CTSB;CD53;ACTR2;SLC38A1;HSP90AA1;RPL13A;C6ORF62;RPS3A;SLC25A16;PSMA6;GOLGA8B;VCAN;SFPQ;PRKAR1A;CEACAM6;CAT;TXNIP;LCP1;RPL29;DLD;S100A9;SET;WDR26;TMED10;ROCK1;CEBPD;RPL12;DDX21;PRDX3;TMEM123;BCLAF1;TPR;PGK1;RPL15;ELANE;HSPA9;HSPA8;XRCC5;DEFA4;LAPTM5;AZU1;TM9SF2;NFKBIA;HNRNPM;PSAT1;CAPRIN1;TCEA1;VIM;CD24;OGT;CNIH4",1.40845070422535,1
"256","doxorubicin homo sapiens gpl96 gse2715 chdir up","64/193",2.46891326240672e-08,6.73164631703082e-08,0,0,1.96216696814545,34.3710877932148,"EIF4A2;EIF4A1;PYGB;SLC25A3;WDR1;RPL31;DDX47;RPLP1;RPLP0;TNC;HNRNPU;CCND1;DHX15;RCC1;RPLP2;BANF1;TNPO1;RPL39;HSP90AA1;ANXA2;TPM4;RPS6;RPL13A;RPSA;RPS3A;EEF1G;SLC7A5;SFPQ;SYPL1;MT1F;VDAC3;SNRPG;ATP6V1B2;RBMS1;MT1H;KDELR3;PFN1;MMADHC;ATF4;KHDRBS1;SET;ITPR1;PRDX3;RPS3;RPL13;MAPK6;RPL17;EIF4B;PRNP;HSPA8;PHC2;XRCC6;CNBP;EEF2;PRDX6;GULP1;FKBP1A;MARCKS;RHEB;HNRNPA2B1;UBE2N;PMP22;HNRNPC;TPT1",0,0
"257","tamoxifen homo sapiens gpl8300 gds3604 chdir up","28/58",3.22075002840862e-08,8.74740669194247e-08,0,0,2.8565598857376,49.278704502794,"CD63;RPL3;RPLP1;RPL12;RPL8;RPS4X;RPS15;RPS14;TUBA3D;RPS16;RPS19;RPS18;RPS3;RPL37;RPS2;RPS11;RPS12;POLR2L;RPL41;RPS5;RPS3A;HNRNPL;RPS27;RPS29;RPL37A;GNAS;RPL28;RPS21",0,0
"258","celecoxib homo sapiens gpl8300 gds3384 chdir up","37/89",3.35398117968994e-08,9.07394908303714e-08,0,0,2.4599428229506,42.3369263745224,"RRAD;ADH1B;TNFAIP2;F13A1;NEDD4L;CXCL1;CXCL3;MSLN;PTGS2;CXCL2;SLC7A1;C7;WIF1;CYP1B1;MYBL2;PIM2;PI3;PTGDS;CR2;PPBP;OLFM4;GZMK;CXCL10;PCP4;IL6;P2RX5;CPS1;IL1B;ID1;GAS1;CHI3L1;COL9A3;S100A9;MS4A1;TRIB2;S100A8;IDO1",0,0
"259","alitretinoin rattus norvegicus gpl85 liver   b gds2385 chdir up","59/174",3.48023304165974e-08,9.37916086130693e-08,0,0,2.0063932530776,34.4569580255193,"RPL4;PIGR;ACAA2;CD81;PZP;COMT;RPL8;SERPINA6;PHB2;LIPA;PTPRF;RPS4X;RPS16;AKR7A3;RPL35;RPL37;B2M;RPL39;ST6GAL1;HSP90AA1;TPI1;ARG1;RPS6;UGT2B15;SORD;ACSL5;ALDH3A2;ACLY;UGDH;PSMA6;RBP4;ACOX1;CAT;PSME1;RPL24;ATP6V0C;INSIG1;HSP90B1;CST3;DDT;CBS;ASL;PCK1;HSPA9;HSPA8;CYB5A;EPHX1;EEF2;PRDX6;RPS26;GLUD1;CPS1;RPS29;RPL27A;CYP1A2;GNAS;NUCB1;KLKB1;EIF4G2",1.69491525423729,1
"260","dexamethasone rattus norvegicus gpl1355 gse29912 chdir up","198/820",4.13586671826477e-08,1.11032114205723e-07,0,0,1.42877760138548,24.2906249007589,"SPARC;SERPINE2;LIPA;LGALS1;DPYSL2;ANPEP;MYC;AP1S2;PDK4;PIP4K2A;LRAT;SKP2;IER5;SOX4;SLC34A2;ACSL5;RNASE4;TM4SF4;ACSL3;ASRGL1;CARHSP1;SLPI;RNF128;NINJ1;FDX1;RETSAT;MAGED1;RPN1;ABCB9;ADH7;TSPAN8;SERPINH1;CD14;FDFT1;ABCA1;VASP;GADD45A;PLK2;PRRC2C;ABCA8;COL1A1;NET1;COL1A2;FXYD5;RGL1;SYNM;STAB2;SERPINA6;LITAF;WFDC2;PTPRF;AKAP12;CSRP1;RAC2;CD36;CD53;ANXA2;ANXA3;PRMT1;SERPINB9;DUSP6;RAP2C;IL1B;SLC29A1;KANK2;TAGLN;PRIM1;NEDD9;CRIP2;NT5E;SULT1E1;OLFML3;ABI3BP;UCP2;CEPT1;BID;FILIP1L;SLC17A1;EPS15;SLC17A3;SMAGP;TMEM176A;LHFPL2;TJP1;COL3A1;GATM;KRT19;GSTA4;FABP6;GSTA3;FABP7;KLKB1;CCL27;LIMS1;STEAP3;CD83;ACAA2;CD82;CXCL13;NR3C1;RGS2;CCND2;RGS3;AKR7A3;CCND1;ARHGDIB;PLS3;GYG1;TMSB10;SYBU;CPA3;CISH;CASK;CYBA;PDIA5;RAB32;SLC9A6;SNRPG;COL4A5;S100A4;GEMIN6;RAB38;ERH;S100A9;S100A8;ABCG2;NOTCH2;IDI1;ALOX15;GSTT2;SLC1A3;TNFRSF11B;RASGRP2;CNN3;SOCS2;SLC9A3R1;PLTP;PRNP;HSPA8;EPHX1;EFNA1;MFHAS1;GCLC;CNOT6;DAP;SCCPDH;UBE2N;CRYL1;DHCR7;TGFBI;GCLM;TNFAIP2;PCTP;HMGB1;ITGAL;RND3;LMNB1;ALAD;HHEX;LASP1;LBH;GM2A;CA2;HSP90AA1;SLC13A3;SLC13A4;MMP2;SORD;TBC1D9;SLC25A16;ACTA2;SFPQ;PKM;ACOX1;IRF1;PPDPF;MYH9;LCP1;MS4A1;COLEC12;C1S;BCL2A1;C1R;ASAP1;IL2RG;PSMB10;PDLIM1;OXCT1;CRYM;PTPN18;PRAF2;MARCKS;TSPAN13;XPNPEP2;PPP2R2B;CDK2AP2;VIM;SCLY",2.02020202020202,4
"261","dexamethasone mus musculus gpl81 gds2266 chdir up","71/225",4.33729546794854e-08,1.15993572284601e-07,0,0,1.86719263642341,31.655319199079,"COX7B;TRAM1;GSK3A;RPL3;ARL6IP1;RPL34;RPLP1;RPLP0;USP34;HMGB3;TNFAIP3;PARK7;RPL8;RPL10A;RPL7;AKAP12;RPS4X;CAPZB;ARHGDIB;TMED2;RPS11;TMSB10;RPS12;LYPLA2;DUSP2;HSP90AA1;RPS7;SSR3;NAV2;DDB1;PSMA6;ACLY;NSA2;SNRPG;JTB;TXNIP;SNRPE;MCM5;FKBP5;KDM3A;GNAI3;IQGAP1;ATP1A1;ADD1;SNX3;RPS15A;RPS3;PGK1;MAPK1;RPS2;RABAC1;RPS27A;NDUFV1;BTF3;HSPA8;MBTPS1;RPL41;XRCC6;NDUFA7;CNBP;LAPTM5;RPL23A;EEF2;DHRS3;NFKBIA;MFHAS1;PDCD4;SERINC3;RPS24;TPT1;PNPLA2",0,0
"262","dexamethasone rattus norvegicus gpl1355 gds3746 chdir down","51/143",4.57491750542826e-08,1.21881390030112e-07,0,0,2.11031571978318,35.6645299758505,"RPL4;FCGBP;RPL30;RPL3;ALAS1;RPL34;TCHH;HMGB1;RPL9;LGALS3;PDK4;RPL35;RPL38;B2M;RPS12;CTSB;SERPINB2;RPSA;KRT5;DUSP6;ASPN;IFI27;SLPI;EEF1D;TXNIP;TERF2IP;TMBIM6;RPL26;COL11A1;CST3;ACAN;ABLIM1;SCIN;PODXL;RPS3;SERF2;S100A10;HSPA8;RPL41;JUN;DHRS3;COL1A1;NFKBIA;COL1A2;EIF3K;PIP;KRT15;COL9A1;CD9;COL9A3;VIM",0,0
"263","amphetamine rattus norvegicus gpl6101 gse31081 chdir down","38/94",5.40817086932797e-08,1.43532443604218e-07,0,0,2.39204330857359,40.0255100580348,"GPI;CEBPB;CTBP1;RPLP1;ITPR1;RPL9;RPS4X;DNAJB1;RGS2;BASP1;RPS18;CAMK2N1;SPOCK2;CHN1;PMEPA1;RABAC1;JUNB;COX8A;IVNS1ABP;EGR1;EGR2;TPI1;RPL21;RPS8;DUSP1;RPSA;FOS;COQ10B;MT3;NELL2;TF;TUBB2A;VDAC3;ATP6V1B2;SPARCL1;EIF3F;ATP6V0C;TPT1",0,0
"264","rosiglitazone mus musculus gpl1261 gse11343 chdir up","61/185",6.55994138022741e-08,1.73440874371164e-07,0,0,1.95106348952503,32.2700029968211,"IFITM3;ECM1;PROS1;HEXA;F13A1;CXCL13;NR3C1;PKD2;CLDN1;SAT1;FTH1;EFHD1;PTGDS;TMSB10;CAMP;CTSB;USP7;PPP1R12A;IGFBP5;RPS8;SERPINF1;MMP2;RPL13A;RNASE4;TM4SF1;DCN;TGFBR2;VCAN;NSA2;FSCN1;TXNIP;S100A8;KANK2;C1QB;SMARCD2;COL15A1;C1S;SEMA3C;NDRG1;SDCBP;SERPINH1;GPC3;CCL2;SLC12A2;EGR2;SMAD4;GSN;GADD45A;TMEM176A;NFATC1;CP;HNRNPAB;COL1A1;NFKBIA;MARCKS;COL3A1;COL1A2;AXL;LCN2;SPRY2;VIM",0,0
"265","doxorubicin homo sapiens gpl570 gse23399 chdir up","35/84",7.30379925686693e-08,1.92379316275212e-07,0,0,2.465483234714,40.5135258506829,"OXTR;TAGLN;RPL3;COL11A1;SERPINE1;TNC;HTRA1;PLOD2;HMGB1;THBS2;MYLK;MT2A;RPS16;RPS18;TIMP3;RPS2;EDIL3;RPL17;HSPA8;EGR1;H3F3B;DUSP1;H2AFZ;IGFBP3;MICAL2;INHBA;EEF2;COL4A2;COL5A1;COL4A1;AXL;RPL24;COL6A3;MXRA7;ATF4",2.85714285714286,1
"266","temozolomide homo sapiens gpl10558 gse43452 chdir down","65/203",8.63786491648309e-08,2.26662771116737e-07,0,0,1.89465706707086,30.8156978170186,"CHIC2;CSF3;C2CD2;NUCKS1;RPL10A;CXCL2;RND3;FAM102A;AIFM1;FTH1;ARHGDIA;NUP62;SLC16A6;PHLDA1;GPR135;ATP6V0B;TPM4;SPHK1;RPSA;DUSP6;NPC1;IL1B;COL6A2;PPDPF;SIK1;ATP6V0C;PPP1R15A;GYPC;WBP2;SSNA1;INSIG1;HIST1H2BK;CEND1;MRPL12;PTGS2;HSPBP1;CORO1B;GNAI2;GPNMB;CLPTM1;RPL13;GCNT3;ATP6V1H;RSU1;ST3GAL1;BRD4;SLC25A24;SRPK2;VAT1;BTF3;JUN;PPP1R14B;SGTA;LIF;HMGA2;USF2;STAG2;MGAT4B;ZYX;SPRY2;PDCD2;STUB1;DHCR7;TPT1;GRINA",3.07692307692308,2
"267","ethanol rattus norvegicus gpl341 gse3311 chdir up","59/178",8.69410139333969e-08,2.27283998971951e-07,0,0,1.9613057642444,31.8869796220739,"PNLIPRP2;BTG2;TRAM1;BTG1;SLC35B1;TECR;HEXA;SPINT2;TMEM97;YBX1;RPL8;RPL9;LITAF;PPCDC;LAPTM4B;ZFP36;RPS16;TMEM147;SEC61G;BSG;AKT1;RPS12;HSP90AA1;H2AFZ;RPL23;SERPINF1;SLC11A2;NDUFC1;FOS;DYNLL1;KLF15;DAD1;TMBIM6;CRELD2;ATF3;RTN3;COX5B;TGOLN2;SNX3;DNAJB1;LARP1;CBS;SERF2;POLR2L;EGR1;JUN;PTPRN2;SDF2L1;GP2;NDUFA1;FBXO34;RPS26;NFKBIA;TM9SF2;PSAT1;RPL27A;SERPINI2;CPE;NUCB2",3.38983050847458,2
"268","mycophenolate mofetil homo sapiens gpl6255 gse13922 chdir up","59/178",8.69410139333969e-08,2.26435924348922e-07,0,0,1.9613057642444,31.8869796220739,"SCARB1;OXTR;TFRC;SNX10;SLC6A1;CLDN1;SAT1;LIPA;NRGN;CDH2;SGCA;ENC1;ANKRD1;EFHD1;OLR1;IL13RA2;CAMP;MYLIP;IGFBP5;DUSP1;LMO3;BGN;FOS;ATP1B1;TM4SF1;ASPN;GCHFR;COL21A1;MASP1;S100A9;S100A8;ADH1B;ADH1A;CFI;SLC1A3;CRIP2;AEBP1;THBS2;CACNA1H;CNN1;SCIN;PDGFD;UCP2;SNCG;APOE;PROM1;FMO2;PPBP;POU2F2;LYZ;MAFB;KRT17;DHRS9;ITGA10;MGP;APOC1;HLA-DRA;FOSB;S100P",3.38983050847458,2
"269","ethanol homo sapiens gpl96 gds2767 chdir down","90/312",8.80132956432525e-08,2.28376506910744e-07,0,0,1.70687300864816,27.7294798822693,"HIST2H2AA3;IFITM1;PITPNA;PTEN;COMT;NR3C1;LITAF;SAT1;IFI44L;HERC5;OPA1;BASP1;ZC3H7B;FTH1;CREB3L2;NAMPT;TNFSF10;IDS;NBN;TNPO1;SLC16A3;HTATIP2;MAP3K5;RAB2A;SRGN;ATP6V0B;ACOT7;ATP6V0E1;RSAD2;MME;S100A1;H2AFZ;USP3;TFE3;FNDC3B;DICER1;MMP9;F5;TAPBP;MZT2B;PLSCR1;RAB31;EEF1D;RPL37A;VDAC3;IRF7;TXNIP;RAPGEF2;NUPR1;ALPK1;DCP2;HLA-DQB1;ANP32A;STX16;SAA4;NEDD9;DAPP1;IQGAP1;PTGS2;RLF;USP18;THSD4;TGOLN2;ATXN1;SHOC2;APOE;TBL1X;SASH1;FDFT1;SPAG9;NQO2;KDM4B;WFS1;CBX1;MX1;NFATC1;ISG15;IGF2R;PSMB9;TMCO1;GZMH;RPS26;MARCKS;GALE;BCL6;SGSM2;PLEKHM1;DEGS1;TAB2;ZNF652",3.33333333333333,3
"270","cisplatin homo sapiens gpl570 gse23553 chdir up","466/2231",1.12864512136737e-07,2.91775664709045e-07,0,0,1.23594641403144,19.7715308742342,"RB1;NCKAP1;TFRC;ABAT;SMC3;BACH1;EPS8;ALCAM;MPRIP;NAMPT;AP1S1;IER5;MEF2A;FNDC3B;DICER1;GTPBP1;BCAN;DYNC1LI1;MTAP;EWSR1;PRKAR1A;ZC3H11A;PSME3;MAP1A;TXNIP;PRR14;SKAP2;MTMR1;CTBP1;PDGFA;GATA3;IQGAP1;ABCB9;ABR;CYB5R3;PRKAR2A;RSU1;ZNF148;ZNF267;ZBTB7C;HOXC6;BTF3;JAG1;EDEM1;NFATC1;MEX3C;SETX;COL1A2;CDK13;ARF3;BTG1;CDKN1B;TCF25;ADK;WDR45;LITAF;MMP25;TRIM2;TIMP3;ANXA7;SERPINB3;BRD2;DUSP1;SSR3;LRRC40;PAWR;EMP2;PAX6;TMC5;SLC39A14;HIST2H2BE;F5;PLSCR1;TUBB2A;ERGIC2;GART;ARF6;PCYOX1;SF3B4;GRN;NBAS;ASAH1;WDR26;GPS1;SLC7A1;TANK;PTGS1;BCLAF1;ERMP1;PSMB2;AGR2;CLPTM1;PCGF1;SC5D;AGA;EGLN2;CRBN;MBD1;WWP2;SYNJ2BP;LYRM2;OSTM1;DHRS9;C12ORF29;PSMC2;ABI1;TSR1;NUCB1;FRYL;LAMTOR5;NAB1;TNC;ZBTB20;AHR;SAT1;FADS3;SLK;NFATC2IP;SLC16A7;NBN;SLC16A3;SLC16A4;AP2M1;BNIP3L;TLE1;MREG;TPM4;IGFBP3;ATP11B;CNPY3;VRK2;ARMCX3;MAPKAPK3;SYPL1;MRTO4;MAPKAPK2;LY6D;FSCN1;ADAM9;PHIP;IL6ST;NPTXR;CSNK1G2;SHC1;TUBGCP2;MAZ;SLC38A10;TNFRSF11B;FOXO3;HSP90B1;SOCS2;ATXN1;TPR;CLCA2;ANKRD10;ZNF665;CLCA4;MCL1;MPDU1;OSBPL7;FUS;CEP350;GLMN;NACA2;FOXN3;MARCH6;CDK6;RHEB;DMXL2;LCN2;MDM2;CPE;TPP1;MAFK;SERINC1;CNOT8;XAF1;CNIH4;ZNF652;BCL2L1;EIF4G1;BCAR3;MCFD2;WDR1;RNF13;PSCA;KIAA0100;PIK3CB;GM2A;PMEPA1;ERC1;TNPO1;SLC37A4;EIF5B;CERS6;PPP1R12A;WIPI1;VEZF1;SLC25A16;TFDP2;ASPH;DSG2;TOP1;DSG3;ST6GALNAC4;MET;CEBPB;CANT1;ROCK1;GTF3C5;VPS4B;SEMA3A;SEMA3E;SEMA3F;HDAC9;BARX2;ABLIM1;U2AF2;DNAJB4;POLR2E;DNAJB9;EIF4E;WASF2;SH2B2;SPAG9;SEC24A;MYO10;NDUFA5;CYP51A1;CCDC59;PTPN11;PTPN13;CDC42BPA;OXR1;ASS1;TPCN1;MARCKS;PFKL;CLEC2B;VAPB;MGAT4B;ESF1;P4HB;ZNF611;SLC25A36;SPG21;LPGAT1;IFIT3;LGALS3;EFR3A;LGALS1;FLAD1;BSG;TNFSF10;DENR;SOX9;LGALS8;TRIM22;SEC63;AGFG1;SRRM2;ATP6V0E1;RSAD2;IFRD1;HLA-B;TM4SF1;POR;SLPI;SOAT1;IFI27;RRAGC;ALPK1;AURKAIP1;PTGES;STXBP3;SLC35D1;PIK3R3;TWF1;TEX261;PCDH17;APH1A;TGOLN2;SNX7;ATP6V1C1;SNX5;VASP;YES1;NET1;ALDH6A1;STAG2;GOLGB1;GRB2;CALM3;CD24;HIST1H4D;SLC2A4RG;SPRR1B;ECM1;MRPS16;CITED2;FKBP14;MAGT1;WFDC2;EPM2AIP1;ACTR1A;RAC2;SDF4;IDS;DLAT;TMED7;UTP14A;CTSB;VAV3;TNFRSF12A;TFE3;NBPF10;RAP2C;CTTN;CEACAM6;CEACAM5;WAC;ARHGEF1;CD47;CD44;DCP2;RAB7A;NAPA;STX16;NEDD9;NOL9;CRIP2;RELA;LILRA4;TRAK2;PBLD;LIMA1;SCEL;NT5E;CXCR1;MGAT2;NPDC1;DYNC1H1;SLC31A1;GAD1;AKR1C1;YIPF5;SCD5;C1GALT1;AP3D1;SORBS2;BOP1;RIT1;CCNG2;DLC1;RAB3GAP1;GALNT12;STEAP3;DCLRE1C;POGK;PLAT;NUCKS1;NR3C1;IFI44L;CLGN;RGS2;CCND2;CCND1;ARHGDIA;HIST1H2AG;ACAA1;PHYH;DNAJB14;CYBA;ATP1B1;ERN2;PRPF6;NUPR1;HIST1H2BC;ATP6V1A;COPA;CLEC16A;DAPP1;HIGD1A;DDX60;LTBP1;PLD3;CNN3;DPP3;EBP;SCIN;MAN2A1;FGF22;KLHDC3;DARS;CRTAP;CBX5;ZFHX2;AUTS2;EPHX1;ISG15;TDRD7;GULP1;EFNA1;CPS1;TRPV4;CHMP2B;DNAJC10;MANSC1;TAB2;TCF3;PI4KB;DYNLRB1;GCLM;RERE;GLP1R;THRB;MCTP1;PRKCSH;USP34;HSPB3;HS2ST1;RPS4X;UFL1;SEC61A1;CASP6;ZC3H7B;LRRFIP2;TTC37;RBM14;DDX58;TBC1D9;TAPBP;VCAN;CREB1;OAS1;OAS2;CRY1;RBMS1;DNASE1;LUC7L2;PDXK;RBM47;POLDIP3;MVP;DNAH6;RAP1GDS1;ASAP1;RNF6;TOB2;AGPAT2;PTHLH;CRYZ;IL1RL1;ERBB2;STOM;ABCF2;GBP1;CDK11A;KDM4B;ATP2B1;SOD2;TTC17;REST;PIK3IP1;KRAS;S100P",4.50643776824034,21
"271","estradiol mus musculus gpl75 gse280 chdir up","88/308",1.94372142102487e-07,5.00633782979837e-07,0,0,1.69061707523246,26.1259361912607,"EIF4A1;BTG2;TRAM1;ORM1;MTCH2;LPGAT1;ZBTB20;YBX1;EPRS;LITAF;CNDP2;ZFP36;CCND2;PCF11;PIM1;TMED2;ANXA7;UQCRFS1;CD36;TNPO1;TMSB10;IER2;CTSB;FNBP4;CCT3;SUN2;HSP90AA1;ADIPOQ;F3;TNFRSF1A;DNM2;PSMA6;ACLY;RBP4;MED24;SLC25A17;COL4A2;COL4A1;CYP2E1;KCTD12;TOP1;EIF1B;CRYAB;ATF4;ISYNA1;COL15A1;SET;WDR26;NOTCH1;SAR1B;WBP2;TIMM9;NMD3;SLC1A5;RETN;ATP1A1;HIGD1A;SRM;PSMB7;SOCS3;LARP1;BNIP2;SNX5;ABCA1;IVNS1ABP;TIMM8B;EGR1;HSPA8;TIA1;SMAD4;CDKN2C;GADD45A;TMEM50B;PLEKHA5;DDHD2;KLF4;HNRNPAB;KLF2;MANF;COL1A1;NET1;P4HA2;GNAS;CDK2AP1;HNRNPC;LSM14A;EIF4G2;BCL2L1",5.68181818181818,5
"272","pioglitazone homo sapiens gpl570 gds4132 chdir down","259/1147",2.04321124831101e-07,5.24324062985693e-07,0,0,1.33613284978049,20.581219808369,"RPL30;RPL3;RPL31;RPL34;ECI2;CISD1;MT1X;PHB2;RPL7;RPS15;KIAA0930;RPS14;EFR3A;MT2A;RPS16;CLP1;RPS18;FTH1;AP1S2;PDK4;ARL6IP5;RPL35;EIF2D;RPL38;RPL37;CCNL1;RPS11;RPL39;SCN1B;MT1HL1;SRRM2;TSPYL1;RPL21;LIMCH1;SERPINF1;ACSL3;PSG2;ANK1;RUFY1;COX7A2L;EWSR1;UQCRC1;PSME1;MT1F;VDAC3;JTB;RPL24;MT1H;SUCLG1;RPL26;RPL29;AURKAIP1;EIF1B;MXRA5;UBA52;NBL1;MT1E;GYPA;PEX11B;RPN1;KALRN;SNX3;PRDX3;DHX30;PRKAR2A;KCNMB2;BTF3;JUN;RPL41;H3F3B;LRBA;BRAF;NR2F2;LYZ;PRDX6;ALOX15B;MANF;COL1A1;CS;RPS26;COL1A2;RPS27;RPS29;HNRNPD;CALM3;HNRNPC;RPS21;SLC2A4RG;RPS24;COX7B;PPP1R11;CITED2;RPLP1;RPLP0;MRPS10;MRPL34;UCHL1;TUBA1A;IMPA2;TRIM2;GNRHR;ANKRD1;SPTAN1;VAV3;APOBEC2;DUSP1;TNNC1;C6ORF62;DYNLL1;SRP9;PSMA6;MED25;VSNL1;MYOT;CEACAM6;TNNT3;GAS1;CRYAB;ERGIC2;DLD;PCYOX1;KANK2;ASAH1;MYCBP;HSD17B4;UQCR10;COX5B;AKAP1;RPS15A;UCP2;RPL14;RPL13;RPL15;RPS2;FILIP1L;DEDD;PEX19;SCD5;PLEKHA5;AKR1C3;LAPTM5;FMO2;SYNJ2BP;KLHL9;LYRM2;COL3A1;PSMC2;HNRNPA2B1;FAU;C11ORF58;PNPLA2;LAMTOR5;MSRB1;FAM49B;MTCH2;NUCKS1;NR3C1;RPL10A;COX6A2;LAPTM4B;CHCHD2;MPC1;NFATC2IP;SLC16A7;BANF1;RAB2A;MAP2K1;IGFBP5;S100A1;DYRK1A;COX6B1;TUFM;SYPL1;FKBP3;ATP6V1A;KHDRBS1;IDI1;TSG101;PSMD14;NREP;RASGRP2;TAF5L;MAN2A1;MED31;DVL3;CYC1;YARS;KLHDC3;CRTAP;TRAPPC4;PHF11;FOXN3;EEF2;MARCH6;TMEM230;SSH1;COQ2;COPS5;MAFB;SCCPDH;BCL6;RHEB;SP3;UBE2N;GNAS;MYF6;TPP1;DYNLRB1;ZCCHC2;SLC25A3;PRKCSH;HSPB8;FHL2;SLC2A1;EFCAB14;SUMO4;HMGB1;HSPB3;YBX1;YBX3;RPS4X;CA2;SUMO2;HMGCS2;SRGN;EIF5B;HSP90AA1;CERS6;RPL13A;RPS3A;MMP8;KLF15;ASPN;ACTA2;EEF1G;MYH3;CAT;RPL37A;ATG4B;NDUFS2;COL6A3;MYH9;DNAH3;NDUFB4;ATP1A1;SLC25A28;SLITRK5;E2F4;CMA1;MBOAT7;RPL23A;OXR1;WEE1;SUCLA2;KRAS;SLIRP;RECK;SLC25A36;TPT1",2.31660231660232,6
"273","vorinostat homo sapiens gpl570 gse34880 chdir down","92/327",2.2369042049589e-07,5.71926423099381e-07,0,0,1.66476666123808,25.4925765321713,"RPL4;PNLIPRP2;SLC25A3;BTG1;WDR1;ZFYVE9;DGKB;ABAT;HMGB1;EPRS;MRPL34;RPL9;LITAF;RPS15;KIAA0930;CTSO;ZFP36;PSMD4;TNFSF10;PIP4K2A;RPS11;B2M;JUNB;RAB2A;SRGN;SLC38A1;HSP90AA1;MIA;ANXA2;IGFBP5;IL1R1;RPS5;GAK;BSCL2;PSMA6;GPRC5A;RAB31;IL1B;CSDE1;CAT;RPL24;SPARCL1;PFN1;ALDH7A1;ATP6V1A;SET;H6PD;WBP2;NDUFB2;DAPP1;TEX261;RRBP1;IQGAP1;STATH;NDRG1;HSP90B1;KRT83;PPM1G;RPS15A;TMEM248;PSMB1;NKX2-1;RPS3;PGK1;FLNB;APOE;DEDD;EIF4B;OSBPL8;MBTPS1;PTPRN2;H3F3B;GOT1;PLK2;GALNT1;GREB1;YIPF5;LAPTM5;NR2F2;TPD52L1;BLCAP;DAP;RPS27;STAG2;EIF3I;MFAP2;HLA-DPB1;ZYX;CD24;SPRR1A;LSM14A;EIF3D",3.26086956521739,3
"274","oxandrolone homo sapiens gpl96 gds1333 chdir up","65/208",2.35964481565747e-07,6.0110659902515e-07,0,0,1.8491124260355,28.2166873984604,"RPL4;EIF4A2;BTG2;SYNM;TFRC;HSPB8;ACTG2;RPL7;HK1;PPP3CB;LGALS1;CAPNS1;FTH1;ARL6IP5;UQCRFS1;RPS11;B2M;SLC16A3;IER2;BRD3;MYBPC1;TLE1;TNNC1;AMPD1;FOS;ATP1B1;ANK1;TRDN;ACTA2;SLC25A16;MYH3;PKM;TNNT3;RPL37A;PSME1;VDAC3;NDUFS2;ATF4;CD63;TAGLN;CEBPB;RRAD;URM1;GLRX;NREP;HIGD1A;DNAJB1;UCP2;NRAP;PGK1;SEC11A;CAMK2G;NAA50;HSPA8;JUN;EGR3;GADD45B;H3F3B;GADD45A;BLCAP;HNRNPAB;BCL6;NES;RAB3GAP1;TPT1",3.07692307692308,2
"275","tretinoin mus musculus gpl81 gds250 chdir down","31/73",2.40404465193111e-07,6.10190242562879e-07,0,0,2.51276647483181,38.2969307671023,"CLIC4;ACAA2;RPLP1;RPLP0;YBX1;RPL10A;RPL8;AGER;WFDC2;MUC1;RPS19;FTH1;RPL36;RPS2;APOE;RPS11;RABAC1;RPL18;CTSD;CD99;SLC34A2;RPS5;TMEM176B;EMP1;CYBA;HOPX;ATOX1;NPC2;RPL37A;RBP1;TPT1",6.45161290322581,2
"276","cholecalciferol mus musculus gpl339 gse18993 chdir up","91/323",2.42744868615865e-07,6.13898254687948e-07,0,0,1.66706358656823,25.3914703691048,"ITSN2;GSK3B;CITED2;SERPINE1;TNC;PTEN;MIA3;ATP12A;BACH1;CLDN1;BICD2;ALCAM;ACTR1B;CCND2;CCND1;MYC;KHSRP;ANKRD1;TIMP3;SOX9;TRIM21;SOX4;IER2;RBFOX2;PEG3;DST;FST;CH25H;GPRC5B;IRF1;MYH9;PREB;IL6ST;HBEGF;OTUB1;PTGER4;CEBPB;NOTCH1;COL11A1;LAMA3;RHOBTB3;SLC1A4;AK4;ATP10A;AGPAT1;PTHLH;SOCS3;DRAM1;FLRT3;FUT9;TPR;HAS2;CCL2;GBP1;SASH1;SH2B2;ZBTB7C;ABCF1;TFAP2A;SLC12A2;EGR2;JAG1;TGFB1;MYO10;CCL20;PLK2;SLC52A2;FAM189A2;PRRC2C;BRAF;INHBA;PUM1;CP;PBX1;HOPX;SMARCA4;HNRNPL;NR4A1;IL6;NFIB;DLC1;TRPV4;ID1;SNAI1;ZYX;HYOU1;PTX3;PLCH2;PI4KB;TCF3;NFKBIE",1.0989010989011,1
"277","ethinyl estradiol mus musculus gpl75 gds285 chdir up","89/314",2.45008447808452e-07,6.17385908196026e-07,0,0,1.67715674820035,25.5296349829822,"EIF4A1;BTG2;TRAM1;ORM1;MTCH2;LPGAT1;ZBTB20;YBX1;ETFB;EPRS;LITAF;CNDP2;ZFP36;CCND2;PCF11;PIM1;TMED2;ANXA7;UQCRFS1;CD36;TNPO1;IER2;CTSB;FNBP4;CCT3;SUN2;HSP90AA1;ADIPOQ;F3;TNFRSF1A;DNM2;PSMA6;ACLY;RBP4;MED24;SLC25A17;COL4A2;COL4A1;CYP2E1;KCTD12;TOP1;EIF1B;CRYAB;ATF4;ISYNA1;COL15A1;SET;WDR26;TSG101;NOTCH1;SAR1B;WBP2;TIMM9;NMD3;SLC1A5;RETN;ATP1A1;HIGD1A;SRM;PSMB7;SOCS3;LARP1;BNIP2;SNX5;ABCA1;IVNS1ABP;TIMM8B;EGR1;HSPA8;TIA1;SMAD4;CDKN2C;GADD45A;TMEM50B;PLEKHA5;DDHD2;KLF4;HNRNPAB;KLF2;MANF;COL1A1;NET1;NFIB;P4HA2;GNAS;CDK2AP1;HNRNPC;EIF4G2;BCL2L1",5.61797752808989,5
"278","fluoxetine mus musculus gpl1261 gse35765 chdir down","65/210",3.47362149198481e-07,8.72153885397624e-07,0,0,1.83150183150183,27.2397398234415,"ARF3;SNAP25;ADK;SRP14;CLU;PPP3CB;CHCHD2;LASP1;TUBA1A;FTH1;ENC1;DHX15;NPTN;ATP6V1E1;PTGDS;AP2M1;NSF;MAP2K1;TSPYL1;ATP6V1G2;TPI1;H2AFZ;MSL3;NDUFC2;ACLY;TUBB2B;TMX4;TUBB2A;PKM;TAGLN3;SLC25A4;ATP6V1A;GPM6A;RTN3;NDUFB6;STXBP1;PTN;ATP1A1;COX5B;KALRN;HSP90B1;NDN;MAPK1;HARS;NDUFV1;HSPA8;SLC12A5;GOT1;IDH3G;OXR1;MLLT11;FKBP1A;TM9SF2;SUCLA2;TSPAN13;DMXL2;CPE;UBA1;SERINC1;SERPINI1;VIM;FMOD;RPS21;PFKP;MEGF9",3.07692307692308,2
"279","cyclophosphamide homo sapiens gpl5104 gse27930 chdir up","78/267",3.55693175420675e-07,8.89870381518391e-07,0,0,1.7286084701815,25.6684483051183,"LGALS3BP;PYGB;FCN3;MT1X;PIK3C2G;AHR;MRPL34;IFIT2;C1GALT1C1;MT2A;FAM102A;MPRIP;GM2A;PLAU;FTH1;CREB3L2;CYP1B1;HIST1H1E;PHGDH;TIMP1;PGLS;UPP1;TNPO1;CNPPD1;IER2;MAP3K5;PSENEN;TGIF1;ZHX2;SLC38A1;DNAI2;GPX4;FST;ITGA2;RNASE4;TBC1D2B;HIST2H2BE;MED24;IL1B;TRIB3;TFF1;NUPR1;PTGES;ATF4;RAI14;CEBPB;CEBPD;LAMA3;SLC1A5;NCSTN;SULT1E1;CBS;STC2;ATP6V0E2;SPRR2B;PCK2;YARS;GALNT6;TMEM184B;LAMB3;AKR1C3;SYNJ2BP;DHRS3;MLPH;NAGK;LYRM4;BCL6;PSAT1;MARS;ID1;PDCD4;ECHDC2;HYOU1;S100P;PNPLA6;LRP10;NFE2L1;GRINA",2.56410256410256,2
"280","dactinomycin homo sapiens gpl6244 gse33417 chdir down","23/47",3.97169056388439e-07,9.90085719139752e-07,0,0,2.89563137353645,42.678432290054,"SRRM2;DYNC1I2;ISYNA1;TPI1;ARL6IP1;RAB1B;INSIG1;TECR;WDR74;HLA-B;HLA-C;TOB2;EEF2;MLF2;ACLY;PKM;BSG;UIMC1;HNRNPA2B1;RPLP2;HIST1H1E;HNRNPC;POLR2L",0,0
"281","candesartan rattus norvegicus gpl85 gds2070 chdir down","26/58",6.23779090005252e-07,1.54945838015539e-06,0,0,2.6525198938992,37.8977972246292,"IFITM3;BTG2;SPARC;RPL3;RPL31;RPL11;SLC2A1;RPL9;RPS4X;SDCBP;RPL37;RPS11;B2M;RPL39;EGR1;RPL21;RPL23;RPS6;SERPINB9;ACTA2;COL1A1;MGP;GNAS;ALPL;RPL26;RPS21",0,0
"282","amoxicillin rattus norvegicus gpl341 distal small intestine gds1273 chdir up","33/83",6.28195351165291e-07,1.55489487628856e-06,0,0,2.3526056890283,33.5961847475449,"FCGBP;DYNC1I2;RPL12;RPL36A;COX7A2;SPINT2;RPS4X;PLAC8;MT2A;RPS16;RPS15A;LARP1;PSMB2;SEC61G;RPS3;PCK1;B2M;RPL17;SNX5;ATP6V0E1;ACE;RPS8;RPL23;RPSA;ATP1B1;EEF1G;RPS25;COL3A1;COL1A2;RPS27;RPS29;TFF3;SERINC3",6.06060606060606,2
"283","cisplatin homo sapiens gpl96 gse15308 chdir up","22/45",7.24397810511566e-07,1.78667728529001e-06,0,0,2.89283366206443,40.8986657377248,"PTGER4;ARL6IP1;HIST1H2BK;CYP51A1;ADK;PLAT;TNFRSF11B;ATP2B1;LSM5;DUSP6;OASL;TUBB2A;TSPAN8;BCL6;AXL;TNFSF10;LCN2;STOM;HIST1H2BH;HIST1H4D;HIST1H2BD;HIST1H2BC",9.09090909090909,2
"284","rosiglitazone rattus norvegicus gpl341 adipose tissue gds3850 chdir up","57/180",7.8645090292231e-07,1.93289693746399e-06,0,0,1.87376725838264,26.3371770495139,"COX7B;ACAA2;ECI2;MT2A;GJA1;CHCHD2;LGALS1;GM2A;MPC1;PDK4;UQCRFS1;CD36;PTGDS;B2M;RPL13A;RPS3A;PSMA6;COL4A1;NPC2;ACOX1;TMBIM6;ATF4;CFD;RETSAT;INSIG1;MGST2;HSD17B4;COX7A2;ATP1A1;HSD17B12;COX5B;AGPAT2;SLC9A3R1;EPCAM;PRDX1;STOM;APOE;NDUFV1;RPL41;CIDEA;NDUFA1;HSPE1;COL1A1;CS;COL1A2;SUCLA2;FABP5;PSAT1;FASN;LCN2;ACO1;VIM;P4HB;CD24;LSM14A;EIF4G2;PNPLA2",5.26315789473684,3
"285","dexamethasone homo sapiens gpl570 gse37474 chdir down","61/200",1.36213678461358e-06,3.33604026547467e-06,0,0,1.80473372781065,24.3755565529267,"EPHB6;CPM;MT1M;HP;MT1X;MSLN;ACTG2;AKAP12;RPS6KA2;PDK4;TIMP4;SERPINB2;KRT4;SERPINF1;LMO3;SLC6A14;FOS;F3;RHOB;ACTA2;RBP4;SLPI;COL6A2;SCNN1A;SPARCL1;TXNIP;DSG2;TRIB2;IVL;S100A8;FKBP5;LTF;C1QB;C1QA;TAGLN;KCNE1;ADH1B;COL11A1;CCDC69;CRCT1;SAA4;LAMA3;KLK5;NEDD9;PLA2G5;KLK7;SCUBE2;IL1RL1;GCNT3;KRT13;FMO2;DHCR24;KRT19;KRT17;FABP5;KRT16;SNAI2;CD24;LRCH4;ZCCHC2;TJP2",0,0
"286","ethanol rattus norvegicus gpl341 gse1996 chdir up","68/231",1.44507860698379e-06,3.52680023662477e-06,0,0,1.74184789569405,23.4232327934534,"ARF3;EIF4A1;GPI;SLC25A3;SPARC;RPL34;TECR;FAIM2;RPL8;HK1;NRGN;GJA1;PPP2R1A;SNRNP70;DPYSL2;BSG;ATP6V1E1;SPTAN1;AP2M1;COX8A;RAB2A;NSF;RPSA;ASRGL1;COPZ1;VSNL1;PRKAR1A;ATP6V1B2;NDUFS2;TMBIM6;SLC25A4;INA;TSPYL4;RTN3;PRPS1;STXBP1;UBR4;SLC1A3;CRIP2;ATP1A1;PRPF8;PLD3;PCSK1N;CAMK2N1;SPOCK2;CHN1;EIF4H;MAPK1;APOE;RABAC1;RPS27A;ATP9B;ATP6V1C1;SPTBN1;OPCML;EGR1;GABBR2;GOT1;WFS1;EEF2;SMARCA2;PRRC2B;HNRNPL;MLLT11;NSFL1C;GNAS;ITM2C;RNF187",8.82352941176471,6
"287","disulfiram homo sapiens gpl14550 gse42318 chdir up","29/71",1.54009170109057e-06,3.74558887582307e-06,0,0,2.41686807233936,32.3465613232199,"GPI;SCARB1;SLC25A3;SERPINA1;RPL3;HP;AK4;ETFB;UQCR10;EBP;CYB5R3;CBS;PRDX1;GC;S100A10;XRCC6;RPS8;RPL23;AKR1C1;AKR1C3;HSPE1;MZT2B;RPS26;RBP4;GATM;AKR1B10;ID1;TGFBI;RPS21",6.89655172413793,2
"288","ethinyl estradiol mus musculus gpl1261 gse44387 chdir down","42/121",1.55258511645273e-06,3.76286253918058e-06,0,0,2.05389016577828,27.4719911177871,"TNFAIP1;RETN;PTN;MYLK;CNN2;SEC61A1;CCND2;ZNHIT1;DNPEP;CSRP1;CAPZB;PPP2R1A;NUP62;RPL36;RPL35;TMEM109;RPL13;SHOC2;TBL1X;IGF2BP2;TMSB10;EGR1;HSPA8;BGN;CSNK1D;EDF1;SULF1;CHFR;RBX1;DNM2;ACLY;SFPQ;CTTN;COL4A1;COL6A2;FSCN1;MYH9;BLMH;KDELR3;PKIG;ATP6V0C;ARF6",9.52380952380952,4
"289","diethylstilbestrol rattus norvegicus gpl1355 copenhagen gds2913 chdir down","27/64",1.65490364705443e-06,3.99696451779928e-06,0,0,2.49630177514793,33.2301895149388,"CD63;RPLP0;EEF1B2;OLFML3;CREB3L1;TMED3;TMED2;SDF4;RPS2;RPL18;RPL17;SERF2;CGREF1;RPL21;GAA;SSR3;NDUFA1;EEF2;EEF1G;RPS26;DAP;TSPAN13;RHEB;RPL24;VIP;NUCB2;TPT1",0,0
"290","dexamethasone mus musculus gpl6105 gse44208 chdir up","138/562",1.80788415784454e-06,4.35139014543271e-06,0,0,1.45296805576028,19.2131100366918,"IFITM3;IFITM1;IFITM2;ACAA2;SERPINE2;TFRC;ZFYVE9;IRS1;CD81;SLC35B1;PITPNA;NDUFA10;ZBTB20;PARK7;EEF1B2;GJA1;LGALS1;FCGRT;RPS6KA2;SNRPD3;RPL39;PRKACB;B2M;SCN1B;GSTK1;TPM4;IGFBP5;RPL23;SERPINF1;RPS5;AIP;SDHC;ANK1;RBX1;COL4A2;PRKAR1A;MAPKAPK2;UQCRC1;PSME1;SUCLG1;FKBP4;CSNK1G2;TMED10;ARL3;AK1;SLC41A3;ITPR1;PDGFA;AEBP1;SEL1L3;SOCS2;FBXO40;RHOT1;BTBD1;TSPAN8;MAN2A2;PGK1;NDN;CYC1;NDUFV2;NDUFV1;ANKRD28;OSBPL9;VASP;PRNP;HIGD2A;COL1A1;CS;DRAP1;QDPR;EHD4;AKR1B10;BCL6;RPL27A;HRC;GNAS;CPE;CALM3;RPS20;MAGED2;LRP10;FGF13;FERMT2;SYNM;ALAS1;HSPB8;ADK;NENF;PPP3CB;CAPZB;TMEM109;IDH3A;CTSB;HIST1H1C;TPI1;ANXA2;PRMT1;MMP2;EMP1;AMPD1;VEZF1;NDUFC1;DCN;PKM;EEF1D;CSDE1;UFC1;TMBIM6;SLC25A4;PCYOX1;NDUFB6;PON2;RPL36A;GLRX;UQCR10;COX5B;GNAI2;OXCT1;RPS3;LRIG1;CAMK2G;EGLN1;PPP1R14B;PEX19;NDUFA5;NAA10;LAPTM5;NDUFA1;HNRNPAB;TTC19;PDP1;OSTM1;GSTA4;NFIB;VAPB;CDK2AP1;VIM;YPEL5",1.44927536231884,2
"291","isoflurane rattus norvegicus gpl341 fear gds2037 chdir down","31/79",1.89913888742322e-06,4.55532282962683e-06,0,0,2.32192345142686,30.5892749413389,"ARF3;SLC25A3;RPL30;RPL3;SERPINE2;STXBP1;PIGP;HMGB1;UCHL1;GNG10;PCSK1N;RPS19;BASP1;SNRNP70;CAMK2N1;RPL38;RPL15;SERF2;RPL41;WARS;SLC12A5;RPS6;RPS3A;DGKZ;COX7A2L;PKM;RPS27;UQCRC1;TMBIM6;YPEL5;GRINA",0,0
"292","methylprednisolone rattus norvegicus gpl341 gds972 chdir up","82/296",1.95105434570712e-06,4.6638216893958e-06,0,0,1.63921317767472,21.55096618813,"EIF4A1;GPI;ORM1;BTG1;ALAS1;CITED2;TECR;ADK;WBP1L;CXCL1;PYGL;EPRS;SAT1;MT2A;ZFP36;MPC1;NAMPT;SLC37A4;ST6GAL1;CPT1A;PHYH;MBNL2;ATP6V0E1;ARG1;IGFBP4;DCXR;ATP1B1;COQ10B;SLC39A14;ACLY;POR;ETHE1;FDX1;RBP1;CAT;TXNIP;TMBIM6;IL6ST;RPL28;FKBP5;CEBPB;H6PD;RETSAT;SHMT2;MGST3;CREM;DDX21;NREP;HSD17B12;ABCB11;HIGD1A;HSD17B10;SULT1A1;HSD11B1;SOCS2;SULT1E1;PPCS;CBS;DNAJB9;ASL;MGAT2;SEC23B;IVNS1ABP;H3F3B;GOT1;EDEM1;EPHX1;NDUFA1;DHCR24;HNRNPAB;ASS1;ATOX1;GLUD1;COL3A1;MYO1B;FABP5;CPS1;MGP;GNAS;CIAPIN1;EIF3D;PNPLA2",3.65853658536585,3
"293","estradiol homo sapiens gpl571 gds4063 chdir up","61/202",1.96327320020649e-06,4.67701260663526e-06,0,0,1.78686507704025,23.4810107835399,"CYFIP2;RERE;BTG2;ATP8A2;ACAA2;CERK;AKAP8L;KRT23;MIA3;PCTP;NR3C1;LITAF;RCBTB2;RND1;UPK1A;HEY1;CA5B;ENC1;FLOT1;TIMP3;EFHD1;TNS3;HIST1H2AC;IGFBP5;HIST1H2AI;IL1R1;LIMCH1;ANXA3;IGFBP3;TBC1D8;ARID5B;TM4SF1;HIST1H2BG;TMEM45A;NOTCH3;ITPR1;NEDD4L;TNFRSF11B;SEMA3E;FHIT;SOCS2;LIMA1;MUC1;DRAM1;ERBB2;HESX1;STOM;HES1;SASH1;TFAP2A;SLC12A5;PLK2;CDC42BPA;HOPX;EFNA1;NELL2;CCNG2;ASB9;REL;PMP22;HIST1H4D",3.27868852459016,2
"294","rosiglitazone mus musculus gpl1261 diabetes gds4036 chdir down","49/151",2.08359513826677e-06,4.94676668881022e-06,0,0,1.92013793643952,25.1181225947787,"EIF4A1;SPARC;RPL31;NENF;COMT;SRP14;NFU1;MPC1;RPL38;TMSB10;CCT3;TRAPPC2L;ACOT13;NDUFC1;FOS;DYNLL1;DCN;TGFBR3;SFRP4;RBP1;TNNT3;SNRPG;S100A4;PMP2;ATP6V0C;ARL3;DERL2;AEBP1;HSD17B11;RPS15A;PRDX1;SERPINH1;GPC3;NDUFA7;NDUFA1;NR2F2;HSPE1;CP;CIDEC;COL1A1;COL3A1;NFIB;EIF3I;MGP;APOC1;FXYD5;VIM;SLIRP;EIF3F",2.04081632653061,1
"295","imatinib homo sapiens gpl570 gds4177 chdir up","58/190",2.37471362177308e-06,5.61881392541562e-06,0,0,1.80629087511679,23.392611493838,"EIF4A1;GPI;YBX1;YBX3;LAPTM4B;CCND3;HHEX;FAM162A;RPL36;RAC2;TIMP3;UQCRFS1;FCER1A;TIMP1;HSP90AA1;TPI1;IGFBP4;H2AFZ;PRMT1;GTF3A;KAZN;TFDP1;PKM;IL1B;SNRPG;TXNIP;S100A4;SNRPE;PFN1;SLC20A1;DDX21;TXN;TYMS;SLC7A1;HSP90B1;BCLAF1;PRDX4;EIF4EBP1;PGK1;PLXNA1;STOM;CYC1;CCT8;POLR2L;YARS;EGR1;RANBP1;LAPTM5;HSPE1;HNRNPAB;RPS26;FABP5;PSAT1;DLC1;HNRNPD;FXYD5;SLIRP;CD24",6.89655172413793,4
"296","estradiol homo sapiens gpl91 gds884 chdir up","19/38",2.69074035265258e-06,6.34505664240372e-06,0,0,2.9585798816568,37.9458407638559,"RPLP1;HLA-C;RPS3A;RPL8;CLU;RPL9;RPS15;RPS16;RPS19;RPL37A;RPS3;GNAS;RPL24;RPS20;RPS2;RPL17;B2M;RPS21;RPS12",0,0
"297","amoxicillin rattus norvegicus gpl341 proximal small intestine gds1273 chdir down","28/69",2.70743771214084e-06,6.36293442112562e-06,0,0,2.40116628076494,30.7817700190588,"FCGBP;IFITM1;RPL30;ATP1A1;COMT;RPS16;RPS15A;DMBT1;ANPEP;RPS3;MUC13;RPL38;RPL37;PCK1;RPL18;RPS27A;RPSA;ACTN4;ATP1B1;EEF2;SLC39A14;HNRNPL;CLDN7;GNAS;CD24;RPL28;ATP6V0C;SEC24C",7.14285714285714,2
"298","estradiol homo sapiens gpl96 gse1045 chdir down","25/60",5.21395595245285e-06,1.22125545463493e-05,0,0,2.465483234714,29.9905613669289,"OTUB2;RPL3;WDR1;RPL31;MT1X;CAPG;RPL8;CST3;RPS16;RPS19;SOX9;RPL18;SERF2;TPI1;TNFRSF12A;GADD45B;MRPL49;TMA7;RPL23A;EEF2;EIF6;SNAI2;SDC1;TMBIM6;HNRNPC",0,0
"299","alitretinoin rattus norvegicus gpl85 gse3952 chdir down","52/169",5.98931654280559e-06,1.39817489862151e-05,0,0,1.82066454255803,21.8944619973516,"EIF4A2;RPL30;COX7B;ORM1;RPL31;RPLP0;HP;RPL9;LIPA;SERPINA4;MPC1;FCGRT;FTH1;BSG;UQCRFS1;RPLP2;HMGCS2;CD36;COX8A;RPS8;RPL23;RPS6;RPS3A;NDUFC1;RBP4;PPDPF;FDX1;RPL26;CYP2E1;FBP1;CFB;CRP;COX7A2;UQCR11;COX5B;SULT1A1;HPX;PRDX1;EIF4EBP1;PGK1;CYC1;RPS27A;NDUFA6;EEF2;HSPE1;ASS1;GLUD1;FABP6;FAU;RPS21;KLKB1;TPT1",0,0
"300","cisplatin homo sapiens gpl201 gse6410 chdir down","22/50",6.56231741665077e-06,1.52683251894075e-05,0,0,2.60355029585799,31.0712033797019,"RAB1A;BTG2;RPL30;RPS8;RPL11;RPS3A;TXN;SRP14;TYMS;EEF1B2;ALDH3A1;MT2A;RPS19;FTH1;TMED2;RPL35;RPLP2;S100A4;FAU;RPL39;TPT1;RPS12",4.54545454545455,1
"301","cisplatin homo sapiens gpl201 gse6410 chdir up","32/87",6.6448676617792e-06,1.54090286641923e-05,0,0,2.1764265796096,25.9466302799826,"HIST1H2BK;SLC7A11;HSP90B1;AKAP12;RPS14;XPO1;LGALS1;ALCAM;PODXL;MYC;DHX15;RPS3;TNS3;CA12;HSPA8;JAG1;ANXA2;KRT7;HMGA2;SND1;CDC25B;SLC7A5;UGDH;SFPQ;ASPH;HNRNPA2B1;TOP1;KDELR3;TGFBI;PFN1;VCL;PFKP",0,0
"302","estradiol homo sapiens gpl6947 gse27375 chdir up","115/463",7.3090909680526e-06,1.68931970056315e-05,0,0,1.4697049088144,17.3813058564385,"TFRC;IRS1;TMEM97;IPO4;HERC5;ZFP36;PIM1;PIP4K2A;CYP1B1;OSTF1;SKP2;PHLDA1;SYBU;SPINK4;TIPIN;MREG;RPS7;IGFBP4;PDZK1;ATP1B1;PCP4;RAB31;ARMCX6;FSCN1;RPL29;FKBP4;NBL1;FKBP5;PTGES;RAI14;SHMT2;NOP2;MRPL17;AK4;NREP;MRPL12;ACAT2;SLC9A3R1;EBP;CALCR;PODXL;PLEK2;SNX5;HOXC6;CBX5;CADM1;TIPARP;WFS1;GREB1;ASNS;COQ2;P4HA2;BLMH;DHCR7;PAM;ADA;BTG3;SERPINA1;HSPB8;FHL2;YBX1;LMNB1;CALB2;FAM102A;NMRK1;PHGDH;A4GALT;CTSD;RBM14;CAD;AHSA1;AEN;GFRA1;CTPS1;RHOD;SLC7A5;SLC25A15;PKM;NOS1AP;TFF3;TFF2;MCM5;TFF1;SLC29A1;FJX1;FOXC1;TOMM40;PRIM1;RPL36A;SLC3A2;HMGCR;TYMS;SLC7A1;TUBA3D;PSMB2;LRIG1;DCPS;CBR3;FARP1;MOCOS;KRT13;TPD52L1;HNRNPAB;BYSL;LYRM1;BOP1;FABP5;FABP6;PSAT1;MARS;MGP;CHPT1;CENPO;GLA;PFKP",5.21739130434783,6
"303","valproic acid mus musculus gpl6885 gse35291 chdir up","122/498",7.93311100905355e-06,1.82749553937933e-05,0,0,1.44958532354269,17.0246045178443,"CD83;FAM89B;F13A1;SAT1;ETS2;EPS8;ZFP36;PLAU;ANPEP;LGALS8;JUNB;PHLDA1;TMSB10;PDE8A;MREG;TPM4;S100A1;CDC25B;CH25H;DOK2;SOAT1;ADAM9;S100A4;KCTD12;RIN2;ATF3;SIDT2;RAI14;LRPAP1;LXN;GYPC;PDGFA;IQGAP1;PLD3;SOCS3;SDCBP;SNX1;SGPL1;FLRT3;NCKAP1L;CD14;SNX7;ATP6V1C1;CTSA;EGR1;EGR2;TDRD7;NFKBIA;RNF103;BCL6;LCN2;CHMP2A;DEGS1;FXYD5;TGFBI;RGL1;FGF13;ECM1;BTG1;TNFAIP2;ITGAE;SLC7A11;LITAF;CXCL2;RND3;SLC6A4;HEBP1;LASP1;CASP7;IDS;CTSH;UPP1;NCK1;CTSB;PTGIR;DUSP1;ARG1;ANXA4;ANXA5;PLAUR;EMP1;TBC1D9;FOS;RHOC;MMP8;MMP9;TGFBR2;ARL4C;TGFBR3;PLSCR1;MDFIC;IL1B;RBMS1;CHI3L1;LCP1;PLCB2;SMPDL3A;LTF;PON2;CAPG;IL2RG;LIMA1;SCEL;DRAM1;GPNMB;IGF2BP2;NQO2;MOCOS;OSM;NR1H3;LHFPL2;KLF4;PDZK1IP1;ASS1;KLHL9;MARCKS;NAGK;AXL;PMP22;CD9;VIM;F2RL2",2.45901639344262,3
"304","pioglitazone rattus norvegicus gpl1355 3 months gds4019 chdir down","39/116",8.64426017197817e-06,1.98476763159236e-05,0,0,1.9893899204244,23.193531209303,"EIF4A2;NCKAP1;SNAP25;RPL30;NDUFB4;HNRNPU;UQCR11;NEDD8;PTN;HSD17B12;CLU;LARP1;RPS19;PGK1;FLOT1;APOE;RPL17;RAB2A;HSPA8;DMTN;RPS8;FUS;TMA7;RNASE4;EEF2;S100B;ASRGL1;PTBP2;LYRM1;TUBB2B;RPS29;SUB1;MAP1B;RPL27A;FABP7;GNAS;SPARCL1;RPL26;UBA52",7.69230769230769,3
"305","dexamethasone rattus norvegicus gpl85 gse6216 chdir up","30/81",1.08853512863831e-05,2.49113940914602e-05,0,0,2.19154065307911,25.0451295009385,"PIGR;GSTP1;RPLP0;ATP1A1;COMT;COX5B;RPL9;AKR7A2;ZFP36;CALB1;AKR7A3;PLAU;SLC22A18;FTH1;APOE;HSPA8;EGR1;PABPC4;ATP1B1;GCLC;MEP1A;ALPL;TMBIM6;DNASE1;CDH16;GCLM;FBP1;ATP6V0C;ALDH7A1;CRYAB",10,3
"306","celecoxib homo sapiens gpl8300 gse11237 chdir down","31/85",1.12387018353482e-05,2.56359930754022e-05,0,0,2.15802297250261,24.5931474885194,"ADH1B;TNFAIP2;F13A1;NEDD4L;CXCL3;MSLN;GDPD5;CXCL2;SLC7A1;DMBT1;C7;PIM2;PI3;PTGDS;CR2;PPBP;GZMK;CXCL10;PCP4;IL6;CPS1;IL1B;ID1;GAS1;CHI3L1;COL9A3;S100A9;MS4A1;TRIB2;S100A8;IDO1",0,0
"307","bleomycin mus musculus gpl81 c57bl6j gds251 chdir down","41/126",1.2707669328232e-05,2.88923556713548e-05,0,0,1.92542500234808,21.7059030416416,"GLTP;EIF4A2;BTG2;GSK3A;H6PD;CEBPD;EI24;TACSTD2;HTRA2;SLC3A2;CRIP2;ATP1A1;PLAC8;EXOSC5;CCND1;U2AF2;TIMP3;STOM;PIP4K2C;S100A14;IGFBP6;RPL18;ATP6V0E2;NDUFV1;CTSD;SCN1B;MAPK3;PDGFRA;PRNP;HSP90AA1;H3F3B;CSNK1D;CBFA2T3;ATOX1;RHOB;TAPBP;ITPKB;HGS;MDM2;TFF1;TLN1",4.8780487804878,2
"308","bleomycin mus musculus gpl81 balbc gds251 chdir down","29/78",1.39257453291344e-05,3.15589942848566e-05,0,0,2.19996965559096,24.5995574436681,"GLTP;PIGT;CEBPD;EI24;TACSTD2;HTRA2;CCND1;RPS19;BASP1;S100A13;STOM;B2M;POLR2L;DUSP1;IGFBP4;EPHX1;RHOC;CP;RHOB;TAPBP;ARFGAP2;ACTA2;NFKBIA;PKM;COL1A2;NFIB;RPL37A;MDM2;CD47",3.44827586206897,1
"309","paclitaxel homo sapiens gpl570 gse39042 chdir up","446/2216",1.41705196305005e-05,3.20097822074088e-05,0,0,1.19090850832034,13.295715634167,"POP1;HNRNPU;TMEM97;SMC3;MYLK;TPGS2;DPYSL2;AP1S2;AKT1;AP1S1;RPL35;UNC13B;CXADR;RBFOX2;ACOT7;RPL23;PHKA1;LDOC1;WDR78;EML4;RNF128;PRKD3;CFD;CDC42SE1;MTMR1;ZNF395;LXN;CRABP2;PRKDC;ENDOD1;MRPL17;AGAP1;GATA3;ABCB9;PRDX3;FAM171A1;NUP85;BLOC1S1;PRKAR2B;ST3GAL4;S100A13;PNPO;ZNF148;FDFT1;GSTM4;JUP;SIVA1;NR2F2;PBX1;DHFR;COL1A1;HNRNPM;TCN1;FASN;HNRNPD;REL;SFXN1;ADA;C5ORF30;ARF3;SERPINA1;LPCAT1;SNX10;SLC6A1;OSBPL10;MRPL41;UBL3;CSRP2;IMPA2;TIMP3;LDLRAP1;C11ORF24;PLLP;EMP2;SERPINB9;DUSP6;GCHFR;ITPKB;BACE2;SLCO4A1;AGPS;PIGK;SLC29A1;ERGIC2;PAFAH1B3;DLD;PCYOX1;KANK2;KANK1;ASAH1;TMEM164;TM9SF3;ERMP1;RPS15A;HLA-DMB;UCP2;HAS2;STX4;CHML;BID;FARP1;CDKN2C;GSN;LAPTM5;NR1H3;DHRS1;SYNJ2BP;FIG4;FABP5;WT1;NFIB;FABP6;CENPO;LIMS1;FAM49B;MTCH2;IRS1;PROS1;F13A1;APEH;OLFML2A;FBXO21;TM7SF3;LAPTM4B;APMAP;SLC16A7;PMPCA;PHLDA1;TOR3A;USP7;MREG;S100A2;IGFBP4;FST;IGFBP3;F2R;CNPY3;FBXO11;DGKZ;ACLY;NAAA;FSCN1;RAB38;S100A4;SLC27A3;FKBP5;INSIG1;ARL3;AK1;TACSTD2;GSTT2;SLC38A10;CREBL2;AK4;ACAT2;SOCS2;PGK1;EIF4EBP2;PLXNA1;NAE1;MPDU1;TIA1;DHCR24;MARCH6;BFSP1;ITGA10;TBXAS1;HLA-DRA;ACO1;DHCR7;LRCH4;ZNF532;NES;ZNF652;SLC25A1;DAGLA;WDR4;ETFB;PIK3CB;NRGN;PIK3C2B;ALAD;GM2A;OPA1;EFHD2;PMEPA1;SLC37A4;EDIL3;EIF5B;LANCL1;SORD;NDUFC2;NIPSNAP1;ARL4C;TFDP1;TFDP2;PCCB;MCM5;DSG2;HDAC4;SEMA3C;C1R;RAB1B;NDUFB2;SELENBP1;ABLIM1;FCHO1;SLITRK5;IGF2BP3;SH2B3;POLR2L;LINC00472;CYB5A;MYO10;MBOAT7;ERAP1;SPAG4;DDHD2;CDC42BPA;SORL1;MARCKS;PFKL;SUCLA2;MFAP2;APOC1;PDCD2;IFITM1;IFITM2;LPGAT1;CERK;CALML4;IFI30;AQP3;RUSC1;PEG10;RPS6KA2;ARL6IP5;DPF3;SOX9;SEC62;TNS4;SKP2;TNS3;SCN1B;SOX4;TMPO;ALG8;TIPIN;LIMCH1;KRT7;ACSL5;TM4SF1;TIAM2;CARHSP1;CFDP1;SUB1;MALL;MXRA8;KCTD12;MXRA7;TTLL12;RIN2;TRIB2;PTGES;ANP32A;MAGED1;PEX11B;MGST2;TGOLN2;TSPAN8;INPP5F;DND1;TSPAN4;SNX7;RBM12;WWTR1;MICAL2;SMARCA2;GNG11;DERA;NET1;BST2;RPL27A;MYO5C;ID1;NMU;SDC1;RGL1;SLC2A4RG;CD320;ITM2C;CDS2;DAZAP2;COX7B;ECM1;MRPS14;TECR;TFB1M;RAB22A;AKAP12;EPM2AIP1;EPB41L4B;PPP3CB;CTSH;CTSB;NME4;PRPF18;CTTN;MDFIC;NME7;CSDE1;ARHGEF3;FAM20B;CD47;MYCBP;SLC20A1;PRIM1;MRPS34;CRIP2;PTN;TYMS;CST4;STX10;AKAP1;CST2;NT5E;CAMK2N1;C10ORF95;LAIR2;TBL1X;FILIP1L;ATP6V0E2;DCPS;CA12;RANBP1;SCD5;SORBS2;FKBP1A;PER3;KCNS3;SGSM2;NEK11;MEGF9;GALNT11;STEAP3;ACAA2;MPG;FHOD1;BCCIP;PLAT;NUCKS1;DMBT1;CCND1;FAM162A;ARHGDIB;IGFLR1;WWC3;CAPN1;PDE8B;CARD10;CASK;TBC1D2B;ATP1B1;TMEM251;ALDH3A2;ALDH3A1;DPM3;PREPL;COL4A1;SCNN1A;COL4A5;GEMIN6;CARS2;ABCG2;IDI1;H6PD;HTRA1;CNN3;EBP;TMEM248;KLHDC3;CRTAP;CBX5;TGFB1;SMURF2;HMGA2;INHBB;ACSF2;BMP4;DNMBP;COL5A1;GNAQ;PXMP2;RFXAP;MANSC1;TCF3;TGFBI;GSK3B;TNFAIP2;HMGB3;ELAVL1;LMNB1;CALB2;CA2;CASP6;CYP2R1;MFSD1;TMEM109;CA9;MYBL2;IFT57;USP46;ABCC4;DESI2;CAD;TBC1D8;PPP2R5C;IQCG;TGFBR3;RER1;ACOX1;NDUFS6;CAT;COL6A3;FBP1;OTUB1;OTUB2;LAMA5;PON2;LAMA3;ATP1A1;PDLIM1;CAND1;NT5DC2;LRIG1;BNIP2;STOM;HES1;SASH1;GALNT6;ATP2B4;MLPH;ASB9;CDK2AP1;SCLY;CKLF",2.69058295964126,12
"310","ethanol rattus norvegicus gpl341 gds2107 chdir up","55/187",1.43829252687634e-05,3.23847801212802e-05,0,0,1.74034110685694,19.403878872536,"PNLIPRP2;TRAM1;BTG1;TECR;HEXA;SPINT2;TMEM97;YBX1;RPL8;RPL9;LITAF;PPCDC;LAPTM4B;ZFP36;RPS16;TMEM147;SEC61G;BSG;AKT1;SMCO4;RPS12;HSP90AA1;H2AFZ;RPL23;SERPINF1;SLC11A2;NDUFC1;DYNLL1;KLF15;DAD1;TMBIM6;CRELD2;RTN3;COX5B;TGOLN2;SNX3;DNAJB1;LARP1;CBS;SERF2;POLR2L;EGR1;JUN;PTPRN2;SDF2L1;GP2;NDUFA1;RPS26;NFKBIA;TM9SF2;PSAT1;RPL27A;SERPINI2;CPE;NUCB2",3.63636363636364,2
"311","pioglitazone rattus norvegicus gpl341 adipose gds3850 chdir up","53/179",1.66024959887657e-05,3.72621935696413e-05,0,0,1.7520081980761,19.2825277906911,"SLC25A1;GPI;COX7B;ACAA2;ECI2;ETFB;CHCHD2;GM2A;MPC1;PDK4;UQCRFS1;CD36;B2M;CTSD;COX8A;G6PD;PHYH;ATP6V0E1;SDHC;ASPN;ACLY;RBP4;IFI27;COL4A2;COL4A1;ACOX1;CAT;UQCRC1;TMBIM6;DLD;CFD;RTN3;RETSAT;INSIG1;COX7A2;HSD17B12;AGPAT2;PRDX1;IGFBP6;CYC1;NDUFV1;CIDEA;NDUFA1;HSPE1;COL1A1;CS;COL3A1;COL1A2;PSAT1;FASN;ACO1;VIM;PNPLA2",0,0
"312","letrozole homo sapiens gpl3921 gse33366 chdir up","106/429",2.07439253209805e-05,4.64078842116807e-05,0,0,1.46204879932691,15.7656481101641,"EIF4A1;TFRC;POP1;PROS1;GEMIN2;ABAT;TMEM97;CALML4;SMC3;IPO4;RPS6KA3;NRCAM;SOX9;HOXA7;SKP2;TMPO;TIPIN;IGFBP4;NPY1R;PRPF4;PCP4;RAB31;CD8A;ARMCX6;PADI3;COL4A5;FKBP4;RPP25;ANKRD36B;S100A7;PTGES;C11ORF95;NUP205;SET;PRKDC;NXPH3;ARL3;IGSF1;CRABP1;PLEK2;EGR3;CADM1;FUS;GREB1;HNRNPL;DHFR;DNMBP;COL5A1;NMU;BLMH;CITED1;HSPB8;HEXA;FHL2;PFAS;SERPINA5;LMNB1;CALB2;NKRF;IDS;MYBL2;SLC37A4;CTSD;MYBL1;EIF5B;DST;AEN;GFRA1;NAV2;SLC7A5;SLC25A15;SFPQ;ASPH;FAM20B;COL21A1;TFF2;CD44;MATN2;ZNF473;PRIM2;FOXC1;PRIM1;AMIGO2;TYMS;TMEM164;TUBA3D;ABLIM1;PNMA1;TDG;CHN1;FLNB;TBL1X;CA12;GALNT6;SMAGP;TPD52L1;ASS1;BOP1;FABP5;KRT17;DLC1;MGP;PDCD4;POLR3G;GLA;MEGF9",3.77358490566038,4
"313","cyclophosphamide mus musculus gpl13209 gse27440 chdir up","37/112",2.26453406448761e-05,5.04998331313849e-05,0,0,1.95477599323753,20.907416959788,"NDUFB4;BCCIP;NDUFB2;F13A1;HMGB3;CWC25;RNF6;PARK7;SLC1A5;PSMB10;CNN3;VPREB3;PLAC8;RPS14;C1GALT1C1;PRDX4;FCHO1;RPS18;DDT;CYC1;NDUFV2;RPS27A;CD99;COX8A;NDUFA5;RPL13A;NDUFC2;COX6B1;GULP1;MED28;MRPL52;DPM3;SPCS1;EIF3K;SNRPE;ACO1;CKLF",0,0
"314","rosiglitazone rattus norvegicus skeletal muscle gds3850 chdir down","34/100",2.43806037607671e-05,5.41963739650173e-05,0,0,2.01183431952663,21.369146199246,"COX7B;RETSAT;RPL31;RPLP0;RPL11;UQCR11;CLU;YBX3;RPL7;RPS4X;RPS16;RPS15A;MPC1;OXCT1;FTH1;RPS3;UQCRFS1;CD36;RPS11;NDUFV2;RPS27A;EGR1;H3F3B;DUSP1;RPS6;KLF2;RPS29;FASN;RPL27A;CSDE1;TNNT3;MASP1;FAU;TPT1",2.94117647058824,1
"315","cyclophosphamide mus musculus gpl13209 gse27421 chdir down","34/100",2.43806037607671e-05,5.4024321984176e-05,0,0,2.01183431952663,21.369146199246,"NDUFB4;BCCIP;NDUFB2;F13A1;HMGB3;RNF6;PARK7;SLC1A5;PSMB10;CNN3;VPREB3;PLAC8;RPS14;C1GALT1C1;PRDX4;FCHO1;RPS18;DDT;CYC1;NDUFV2;CD99;COX8A;NDUFA5;RPL13A;NDUFC2;COX6B1;GULP1;MED28;MRPL52;DPM3;SPCS1;EIF3K;SNRPE;ACO1",0,0
"316","rosiglitazone rattus norvegicus gpl341 skeletal muscle gds3850 chdir up","33/96",2.47273699951093e-05,5.46193172676782e-05,0,0,2.03402366863905,21.5761091233977,"COX7B;RETSAT;RPL31;RPLP0;RPL11;UQCR11;CLU;YBX3;RPL7;RPS4X;RPS16;RPS15A;MPC1;OXCT1;FTH1;RPS3;UQCRFS1;CD36;RPS11;NDUFV2;RPS27A;EGR1;H3F3B;DUSP1;RPS6;KLF2;RPS29;CSDE1;FASN;TNNT3;MASP1;FAU;TPT1",3.03030303030303,1
"317","folic acid homo sapiens gpl2700 gds3656 chdir up","141/605",2.5469763083077e-05,5.6081686536239e-05,0,0,1.3790405398797,14.58751644076,"IFITM3;RPL3;SPARC;NARF;PROS1;LY75;HDLBP;NUCKS1;SPINT2;SPATA20;IFI30;TGM1;ZFP36;AKR7A2;APMAP;PLAU;AP1S2;HOXA1;BANF1;RPL37;RPL39;AP2M1;TSPYL2;WDR83OS;RPL23;SERPINF1;SLC11A2;SARS;ALG3;RNASE4;ISL1;SCAMP2;PDIA4;PRPF6;TMEM258;NINJ1;TXNIP;CES1;CFD;BEX4;ISYNA1;NOTCH1;RETSAT;CRABP1;MRPL17;PIK3R1;APH1A;CYB5R1;SLC9A3R1;CD79A;PRDX4;S100A13;TSPAN4;PLTP;SNX5;S100A10;BTF3;VAT1;CTSA;SLC14A1;KLHDC3;CADM1;TRAPPC4;TMA7;PBX2;RPS26;TBL2;MAFB;RPL27A;CHMP2A;CD27;MANSC1;BLMH;HNRNPC;SERINC3;RPS21;TMEM9B;ZNF652;BTG2;ECM1;SLC44A4;WDR1;TCF20;ETFB;TRMT112;UBL5;MMP25;PSTPIP1;LASP1;GM2A;PPP6R1;LDLRAP1;NELFE;ATP6V0B;RBM14;TESC;PLAUR;EMP1;EDF1;OLIG2;TNFRSF1A;MZT2B;EEF1G;RNF167;VCAN;PPDPF;RPL37A;PLIN3;DBN1;PPP1R15A;MYCBP;EI24;CXXC1;SLC3A2;ATP1A1;HSPA13;LILRA5;EXOSC10;PDLIM2;POLD2;RPL13;STAT6;ASCC2;TBL1X;CCL18;MTA2;S1PR4;CBR3;GPKOW;ATP13A1;PRAF2;TMEM176A;LAPTM5;DOHH;DHRS1;SORL1;KLF2;HS3ST2;LYRM4;PPP2R2B;APOC1",2.12765957446809,3
"318","methylprednisolone rattus norvegicus gpl85 gds253 chdir down","16/33",2.71841333322573e-05,5.96683178173445e-05,0,0,2.86892594584902,30.1606658439744,"EGR1;CEBPB;GOT1;INSIG1;CXCL1;NFKBIA;CXCL10;ZFP36;RBP4;IL1B;IRF1;LCN2;CCL2;ALPL;CD14;PCK1",0,0
"319","troglitazone rattus norvegicus gpl341 skeletal muscle gds3850 chdir down","40/126",3.07132381699095e-05,6.72032609485795e-05,0,0,1.87846341692496,19.5187692036621,"COX7B;SLC25A3;SYNM;CITED2;MGST3;AK1;PARK7;ETFB;COX5B;BTBD1;CAPZB;SGCA;NRAP;UQCRFS1;CYC1;NDUFV2;SLC16A3;SERF2;PRNP;PPP1R14B;MBNL2;TPI1;IGFBP5;GOT1;NDUFC2;SDHC;NDUFC1;SOD2;DCN;TRDN;COL1A1;CS;COL3A1;COL1A2;RPS29;UQCRC1;VDAC3;GNAS;CRYAB;SLC25A4",0,0
"320","vitamin a rattus norvegicus gpl85 gse3420 chdir up","20/47",3.11427907561436e-05,6.79302123368382e-05,0,0,2.5179403248143,26.1284848946651,"COX8A;TAGLN;RPSA;RPL8;EEF2;CLU;RPS26;COL1A1;COL3A1;RPL36;RPL35;RPL15;RPL37;FAU;RPL18;RPL29;PFN1;TMSB10;RPS21;RPS12",5,1
"321","pioglitazone mus musculus gpl6246 gse37534 chdir down","29/81",3.18467446094988e-05,6.92493075932403e-05,0,0,2.11848929797648,21.9360571514172,"EIF4A2;HIST1H2BN;RPL31;SLC20A1;RPL12;RPL9;EEF1B2;RPS18;LEPROTL1;RPL35;SNRPD3;RPS2;RPL18;RPL17;SNX5;RPL41;RPL21;RPS7;RPL23;TMA7;NDUFC2;HNRNPAB;RPS26;RPS25;HNRNPF;RPS20;UBA52;HIST1H4D;TPT1",0,0
"322","irinotecan rattus norvegicus gpl1355 stomach gds3466 chdir down","66/242",3.19866058461339e-05,6.93374250950357e-05,0,0,1.61377084454008,16.7028401991876,"BTG2;SPARC;RASL11B;CITED2;CXCL1;UBL5;ZFP36;RGS2;CSRP1;DMBT1;MYC;ARHGDIA;PDK4;JUNB;IER5;PHLDA1;HOXA5;IER2;BRD2;KRT4;RSAD2;DUSP1;IFRD1;KRT5;ACTN4;FOS;KLF15;DUSP6;GEM;RHOB;CTDNEP1;ACTA2;COL4A2;MAP7D1;TNNT3;TXNIP;SIK1;TRIB3;ATF3;ATF4;PPP1R15A;CEBPB;CEBPD;MAZ;AK1;TOB2;UCP2;PCK1;EGR1;EGR2;JUN;GADD45B;GADD45A;KLF4;PNRC1;KLF2;HNRNPL;NR4A2;NFKBIA;NR4A1;PFKL;DES;KRT15;ZYX;RBM42;FMOD",3.03030303030303,2
"323","glipizide mus musculus gpl81 gds1808 chdir up","39/122",3.21999600717206e-05,6.95838146441517e-05,0,0,1.89155107187894,19.565344285164,"CEBPB;RPLP1;GSTP1;PZP;ADK;ATP1A1;RPL8;RPL10A;HK1;RPS4X;RPL36;RPS3;RPL13;APOE;RPS11;RABAC1;RPS27A;B2M;RPS12;CTSB;HSPA8;RPL41;HSP90AA1;TMEM176A;RNASE4;EEF2;PRDX6;CP;DCN;PDIA4;F5;RBP4;CFHR2;RPL27A;APOC1;CYP2E1;RPL28;RPS24;TPT1",2.56410256410256,1
"324","alitretinoin rattus norvegicus gpl85 gse3952 chdir up","37/114",3.50812544703411e-05,7.55762827786977e-05,0,0,1.9204816775667,19.7000007443488,"PIGR;CD63;CEBPB;SERPINA1;C1R;INSIG1;PZP;COMT;RPL8;CLU;DDT;HSD17B2;ASL;APOE;PCK1;GC;B2M;HSPA8;CYB5A;HSP90AA1;ARG1;EPHX1;SORD;ACSL5;ALDH3A2;RPS26;ACLY;RBP4;POR;TF;CPS1;GSTA3;CYP1A2;APOC1;PSME1;TMBIM6;CYP2E1",5.40540540540541,2
"325","rosiglitazone mus musculus gpl1261 gse11343 chdir down","88/347",3.67969372089707e-05,7.90284989903432e-05,0,0,1.50060535784322,15.3213246780651,"PYGB;SNAP25;ORM1;LPGAT1;TECR;CISD1;STAB2;CLU;ALAD;ALCAM;PPP2R1A;RPL36AL;BASP1;MPC1;ENC1;KIF5A;RPLP2;UQCRFS1;RPL38;SNRPD3;CD36;ERC1;ATP6V1E1;TMSB10;TIMP4;COX8A;CCT3;SLC38A1;ACOT7;LMO3;ADIPOQ;EMP2;ATP1B1;DGKZ;COX6B1;PRPF6;PRKAR1B;VSNL1;NDUFS6;TNNT3;RPL37A;CHST1;PMP2;CYP2E1;RPL29;UBA52;ATP6V0C;CFD;GPM6A;LXN;MGST3;INSIG1;COX7A2;UQCR10;AEBP1;RETN;ATP1A1;COX5B;HIGD1A;AGPAT2;SLC9A3R1;GNG3;ZNHIT1;SNCG;PCK1;FDFT1;RPL41;SURF1;RPL23A;ATP2B1;HSPE1;SOD2;PRDX6;CIDEC;HIGD2A;CS;KLF7;FASN;FXYD2;MGP;APOC1;GNAS;SDC1;CHPT1;EIF3F;FMOD;CDS2;RNF187",3.40909090909091,3
"326","titanium dioxide mus musculus gpl1261 non-pregnant gds2878 chdir down","59/211",3.76252919930252e-05,8.05596742672748e-05,0,0,1.65456126083177,16.8563955911408,"ITGB1;CLIC4;SPARC;LPCAT1;NUCKS1;PKD2;LAPTM4B;MPRIP;CSRP1;PPP2R1A;TIMP3;TMED2;CTSH;ARHGEF12;ATP6AP1;IGFBP4;ANXA5;CSNK1D;ATP1B1;DUSP6;RBX1;TGFBR3;CTTN;NPC2;FDX1;RBMS1;MYH9;CHI3L1;TRIB2;S100A8;GRN;NOTCH1;SLC3A2;IQGAP1;HSD17B11;GLG1;CNN3;CNN2;MUC1;CYB5R3;TNKS2;PODXL;PACSIN2;RABAC1;EPS15;WASF2;SPTBN1;MCL1;CNBP;TMEM176A;FMO2;MARCH6;NFKBIA;KLF7;MARCKS;LCN2;CD9;NFE2L1;LIMS1",10.1694915254237,6
"327","prednisolone homo sapiens gpl96 gse19143 chdir down","26/70",3.8889684957289e-05,8.30122327222865e-05,0,0,2.1978021978022,22.3182011224094,"IFITM3;BTG1;RPL3;SET;HMGB1;NR3C1;RPS16;RPS15A;RPL38;RPL15;RPL18;B2M;H3F3B;HLA-C;RPS3A;FOS;KLF4;NFKBIA;RPS26;SFPQ;KLF6;GNAS;TXNIP;KRAS;CD24;S100A8",0,0
"328","dexamethasone mus musculus gpl339 gse2342 chdir down","62/226",4.52125283966822e-05,9.62144659173298e-05,0,0,1.62329161648426,16.2396306388992,"IFITM1;CLIC4;TFRC;WDR1;HMGB3;RPL7;NARS;LGALS1;TUBA1A;FAM162A;FTH1;EFHD1;PHGDH;PHLDA1;TMSB10;SOX4;CD53;CCT3;SRGN;TIPIN;TPM4;RPS5;IFRD1;RRAS2;ATP1B1;DGKZ;GEM;SLC7A5;CSDE1;CAT;SLC29A1;ATF4;IDI1;KHDRBS1;GRN;MAX;STXBP1;RPN1;NEDD9;ABLIM1;EPCAM;TDG;PSMB1;PGK1;EPS15;SEC23B;BRD4;HSPA8;JUN;AKIRIN1;TGFB1;ASNS;MANF;RPIA;DAP;MARCKS;TSPAN13;HNRNPF;STT3A;VIM;CRLF1;PFKP",6.45161290322581,4
"329","fluorouracil homo sapiens gpl550 zr-75-1 gds1627 chdir down","33/99",5.01263109314933e-05,0.000106347006170767,0,0,1.9723865877712,19.5285296241278,"MCFD2;GOLT1B;AKAP8L;PTEN;GSTT2;MIA3;SLC1A5;TGM1;DNAJB1;LIMA1;TNKS2;OS9;DSE;CYP1B1;RPL17;MAP3K5;SRRM2;DSP;G6PD;CRTAP;HSP90AA1;SF3A1;ZNF460;FUS;MTHFS;PTPN11;TTC17;RPS26;SFPQ;COL1A2;GAN;EIF4G2;GRINA",6.06060606060606,2
"330","ethinyl estradiol mus musculus gpl1261 gse44387 chdir up","32/95",5.13965385065054e-05,0.000108711466295578,0,0,1.99314855185301,19.6842149750279,"IFITM3;PARK7;RPL8;RPL9;HSP90B1;PRDX4;HIST1H3A;OXCT1;PGK1;SERPINH1;PHGDH;RPL37;TBL1X;SEC11A;RPS12;SEC63;RPL41;ADIPOQ;NDUFC2;GLRX2;EEF1G;BSCL2;MYH3;RPS29;TNNT3;EIF3H;SPRY2;DEGS1;SLC25A4;UBA52;CKLF;RPS21",0,0
"331","ursodeoxycholic acid mus musculus gpl8321 gse21266 chdir down","33/100",6.28070800208472e-05,0.000132445141554536,0,0,1.95266272189349,18.8928763789796,"EIF4A1;TFRC;HIGD1A;MRPL12;RPL7;HSP90B1;PSMB7;RPS18;PGK1;RPL14;AGR2;RPL35;RPL37;CYC1;RPL18;TMSB10;S100A10;HSPA8;HSP90AA1;TPI1;RPS8;ANXA4;TMA7;RPL13A;DYNLL1;HNRNPAB;MANF;PYY;KRT19;SLPI;PSMC4;STT3A;PFN1",0,0
"332","estradiol homo sapiens gpl91 gds884 chdir down","24/64",6.37678427951917e-05,0.000134066127322421,0,0,2.2189349112426,21.4354915520046,"HSPA8;JAG1;KDELR1;CITED2;RPL23;COPB1;SEC16A;PLK2;RPL13A;EIF2AK2;VEGFC;COX7A2;RND3;SND1;YIF1A;CSRP1;SYPL1;KIF3B;NDUFS6;CDK2AP2;AP1S1;RPL35;MCL1;EIF4G1",4.16666666666667,1
"333","bleomycin mus musculus gpl81 balbc gds251 chdir up","35/109",7.21536911420822e-05,0.000151241070321842,0,0,1.90000542858694,18.1198047889387,"IFITM3;EIF4A2;ITGB1;BTG2;CLIC4;RPLP1;RPLP0;UQCR11;AGER;HSD11B1;SELENBP1;PRDX1;RPS3;TMED2;APOE;RPS2;RPS11;ATP6V0E2;RPS12;PRNP;HSP90AA1;RPS7;RPS5;CNBP;ANXA5;EMP2;HOPX;PSMA6;NPC2;PSMA2;RPL27A;ATP6V1B2;CD9;TLN1;SPRR1B",5.71428571428571,2
"334","vorinostat homo sapiens gpl571 gse18544 chdir up","74/288",9.43798323414148e-05,0.000197236895132657,0,0,1.52038132807364,14.0911726035202,"FCGBP;SPARC;AKAP8L;TNFAIP2;CALML4;CTCF;N4BP2L2;SAT1;COIL;CTSO;IMPA1;ZC3H7B;MYC;CTSK;SOX9;PHLDA1;CDK5RAP3;POLG;NSUN3;VPS37C;CSNK1D;ANXA10;HLA-F;ZDHHC17;CFDP1;IRF7;PHIP;ADNP;SLC27A3;GNE;TMEM87A;ZNF274;CEBPD;C1S;SLC20A1;PON2;MEPCE;HSD17B3;SLC1A3;WDR61;TNFRSF11B;LTBP1;TAF5L;RHOBTB2;FLRT3;C10ORF95;MIER2;HAS2;HES1;GBP1;BANP;IVNS1ABP;EGR1;CREBBP;JUN;MPP3;TIA1;CHKB;CPSF1;PHF11;SEMA4C;HMGA2;DOHH;KLF2;HNRNPL;COL3A1;RYBP;MAFB;COL5A1;VAPB;TNFSF4;CCNG2;ITGA10;HIST1H4D",2.7027027027027,2
"335","vorinostat homo sapiens gpl6884 gse46703 chdir up","37/119",9.7651747869195e-05,0.000203465432873726,0,0,1.83978917010591,16.9888026977574,"CFD;EIF4A1;SLC44A4;FAM89B;STX16;WBP2;AHR;AKAP17A;CNN2;SLC9A3R1;CCND3;LASP1;SLC25A28;RPS19;RPL36AL;RAC2;RPS2;SLC16A3;TMSB10;SERF2;ATP6V0B;EGLN2;H2AFZ;RHOG;LYZ;RPS25;CREB1;IRF1;ATP6V1B2;HLA-DRA;S100A4;LCP1;UBA52;ATP6V0C;NOP10;ATF4;MSRB1",2.7027027027027,1
"336","tamoxifen homo sapiens gpl8300 gds3604 chdir down","24/66",0.000112397937146141,0.000233493333714304,0,0,2.15169445938677,19.5663582000332,"SLC25A3;SEMA3C;BUD31;ANXA5;AP3D1;TXN;HSPE1;RHOD;EEF1B2;PSMA6;SYPL1;RPL36AL;FTH1;HNRNPA2B1;NPTN;CYP1B1;JTB;TXNIP;CD9;EIF3H;SNRPE;RPS27A;FBP1;IER2",0,0
"337","rosiglitazone mus musculus gpl1261 control gds4036 chdir up","51/182",0.000115023259062779,0.000238238085536557,0,0,1.65810520840107,15.0396380149525,"SNAP25;TECR;STAB2;ALAD;ALCAM;PPP2R1A;BASP1;MPC1;ENC1;SNRPD3;TMSB10;TIMP4;COX8A;ACOT7;ADIPOQ;ATP1B1;DGKZ;COX6B1;PRPF6;PRKAR1B;TNNT3;CHST1;PMP2;CYP2E1;CFD;GPM6A;INSIG1;COX7A2;RETN;COX5B;AGPAT2;ACAT2;SLC9A3R1;GNG3;SNCG;PCK1;FDFT1;RPL41;ATP2B1;HSPE1;CIDEC;CS;FASN;FXYD2;MGP;APOC1;GNAS;SDC1;EIF3F;FMOD;RNF187",3.92156862745098,2
"338","fluorouracil mus musculus gds771 chdir up","44/151",0.000125033592480342,0.000258205466128045,0,0,1.72420549394569,15.4953108328942,"EIF4A2;CLIC4;GSK3A;RPL3;GDI1;SLC20A1;RPL34;RPLP1;GNAI3;IQGAP1;RPL10A;BACH1;RELA;RPS4X;TUBA1A;MPRIP;BASP1;RPS3;BNIP2;DENND5A;RPS11;RPS12;MCL1;BRD4;IVNS1ABP;HSPA9;USP7;CNBP;FOS;EEF2;KLF4;NFKB1;ARFGAP2;GLUD1;PRPF6;EWSR1;ZC3H11A;FOSB;TAB2;KCTD12;CD47;RPL28;RPS24;TPT1",2.27272727272727,1
"339","fluorouracil mus musculus gpl81  gds771 chdir up","44/151",0.000125033592480342,0.000257443798086369,0,0,1.72420549394569,15.4953108328942,"EIF4A2;CLIC4;GSK3A;RPL3;GDI1;SLC20A1;RPL34;RPLP1;GNAI3;IQGAP1;RPL10A;BACH1;RELA;RPS4X;TUBA1A;MPRIP;BASP1;RPS3;BNIP2;DENND5A;RPS11;RPS12;MCL1;BRD4;IVNS1ABP;HSPA9;USP7;CNBP;FOS;EEF2;KLF4;NFKB1;ARFGAP2;GLUD1;PRPF6;EWSR1;ZC3H11A;FOSB;TAB2;KCTD12;CD47;RPL28;RPS24;TPT1",2.27272727272727,1
"340","levetiracetam rattus norvegicus gpl1355 frontal cortex gds1864 chdir down","32/99",0.000125502937052172,0.000257650147242401,0,0,1.91261729723268,17.1813881238135,"EIF4A2;ARF3;NCKAP1;TUSC3;RPL31;RPLP1;COX7A2;ATP1A1;FTH1;RPS3;RPL35;NDN;SPTAN1;AP2M1;PRNP;SLC12A5;GPX4;GAD1;FOS;DYNLL1;MLLT11;CLDN11;NR4A1;PCP4;TUBB2A;SPARCL1;CALM3;SERPINI1;FAU;NPTXR;LY6H;TPT1",3.125,1
"341","lubiprostone mus musculus gpl1261 gds4251 chdir down","56/206",0.000133863103420991,0.000274007173571413,0,0,1.60854828517263,14.3461481646146,"EIF4A2;PNLIPRP2;MTCH2;SPARC;ARL6IP1;CLINT1;ACTG2;CASP7;BANF1;B2M;CTSB;IDH3A;SPINK4;DSP;HSP90AA1;TPI1;ANXA4;ACSL5;NDUFC1;DYNLL1;OLFM4;DUSP6;EEF1G;COL4A1;MEP1A;DNASE1;HIST1H2BC;RETSAT;ATXN7L3B;HSP90B1;SNX3;PDLIM1;PSMB7;SCIN;MUC2;PRDX1;AGR2;PGK1;SC5D;SERF2;MCL1;CGREF1;COA3;HSPA8;HSPE1;HNRNPAB;MANF;CS;COL3A1;MARCKS;CAPRIN1;HNRNPA2B1;PMP22;HNRNPC;ALDH18A1;EIF4G2",0,0
"342","diethylstilbestrol rattus norvegicus gpl1355 aci gds2913 chdir up","29/87",0.00013969664310179,0.000285111862236987,0,0,1.9723865877712,17.5069769651398,"ARF3;TUSC3;CETN2;CREM;CLCN3;CLU;PCSK1N;RPS16;ALCAM;EPCAM;DPYSL2;EGR1;MBNL2;IGFBP5;H3F3B;ERAP1;SORL1;DCN;KLHL9;TMX4;VSNL1;PRKAR1A;SUB1;PSME1;GNAS;TXNIP;PSME2;SERPINI1;PFDN5",0,0
"343","docetaxel homo sapiens gpl570 gse33455 chdir up","28/83",0.000143302716740274,0.000291618939605572,0,0,1.99615028159977,17.6670303997414,"SERPINA1;BCL2A1;TNC;FHL2;TACSTD2;F13A1;SLC1A3;SCEL;GJA1;CCND2;PLAU;TRIM2;QSOX1;GALNT6;EGR1;GALNT3;MYO10;EMP1;HMGA2;DUSP6;PBX1;PSMB9;CLDN11;KRT19;CDK6;RNF128;ESRP1;RAB38",0,0
"344","amoxicillin rattus norvegicus gpl341 distal small intestine gds1273 chdir down","36/117",0.000152341899192377,0.000309112341965927,0,0,1.82066454255803,16.0025183910731,"SLC25A3;SPARC;RPL3;CD81;RPL31;MGST3;RPLP1;RPN1;TWF1;GLRX;ATP1A1;RPL8;PTPRF;MYLK;EEF1B2;CAPNS1;DMBT1;RPS11;AP2M1;S100A10;SLC34A2;HSPA8;MAP2K2;H3F3B;ANXA4;RPS6;FOS;EEF2;GCHFR;SPCS3;GLB1;SUB1;ALPI;FAU;P4HB;ATP6V0C",2.77777777777778,1
"345","dactinomycin mus musculus gpl1261 tristerapolin-deficient gds2456 chdir up","76/302",0.000156498366551933,0.000316625680734055,0,0,1.48908656295309,13.0480688681156,"ARF3;MRPS16;ACAA2;CETN2;HDLBP;HNRNPU;NUCKS1;AHR;SAT1;TPGS2;EPS8;PPP2R1A;ZMIZ1;DPYSL3;ARHGDIB;ARL6IP5;TMED2;DENR;QSOX1;JAK3;RBFOX2;ANXA4;DCXR;PAM16;SORD;SDHC;RHOC;TAPBP;MRPL52;SOAT1;FSCN1;MYH9;PAFAH1B3;PFDN5;CD44;LUC7L2;MATN2;KHDRBS1;TMED10;MGST3;RAB1B;MVP;TNFRSF11B;PRCP;PSMB10;SCFD1;EBP;ZNHIT1;PRDX4;CYB5R3;ASL;MAPK6;SERF2;SNX6;SRPK2;VAT1;CGREF1;CCDC59;ARPC4;LSM5;CP;TTC19;PBX1;QDPR;EIF6;GSTA4;CAPRIN1;ERCC1;EIF3I;LCN2;RANGRF;KRAS;CKLF;TJP2;LAMTOR5;GRINA",1.31578947368421,1
"346","ethanol homo sapiens gpl96 gds2767 chdir up","50/180",0.000168735158080677,0.000340396359365065,0,0,1.64365548980934,14.2787314007136,"USP34;OTUD7B;N4BP2L2;RPL7;HS2ST1;SGCA;MYC;BCL7B;RPL35;LDLRAP1;CAMP;HSP90AA1;WDR74;TMEM251;DPM1;NUP93;HNRNPUL1;SUB1;PSME3;RPL26;AIDA;EEF1E1;PRPS1;CLDND1;RPL36A;ZNF22;RNF6;MALT1;AKAP1;IL1RL1;EXOSC5;BCLAF1;ZNHIT3;DNAJB9;RPL17;HSPA9;MBTPS1;TMEM50B;YIPF5;EIF2AK3;PPBP;SMARCA2;TTC19;RGCC;CLEC2B;LPAR6;PPP2R2B;ESF1;CNOT8;RSL24D1",4,2
"347","cyclophosphamide mus musculus gpl13209 gse27423 chdir down","28/84",0.00018067395742353,0.000363430611762605,0,0,1.9723865877712,16.9996380498307,"WDR1;AHR;TM7SF3;IL2RG;CLU;PDK4;APPL2;ABCA1;EGLN2;ANXA5;ECH1;TMEM176A;ATP1B1;SMARCA2;CP;DCN;NFKBIA;CXCL10;SOAT1;RASA4;TNIP2;IL1B;ETHE1;PDCD4;ZYX;TXNIP;TPP1;F2RL2",3.57142857142857,1
"348","fluorouracil homo sapiens gpl550 mcf-7 gds1627 chdir down","15/34",0.000185702886791503,0.000372473031553071,0,0,2.61051166028542,22.4278520995528,"CYFIP2;EDN2;JUP;PTEN;SAMD4B;KLF4;RBL2;EBP;SFPQ;TMEM248;ZMIZ2;LRIG1;AP1S2;ADAM9;EIF4G2",6.66666666666667,1
"349","calcitriol homo sapiens gpl570 gse35925 chdir up","59/223",0.00020051509168148,0.000401030183362961,0,0,1.56552657415024,13.3298655129167,"ZNF331;PIGR;SERPINE1;CXCL2;SERPINA5;ZFP36;RGS2;CA2;NAMPT;CD36;TGIF1;PEG3;DUSP1;TESC;ADIPOQ;EMP1;TM4SF1;GEM;CLDN11;TGFBR3;SFRP4;RBP4;TXNIP;CHI3L1;HIST1H2BG;ATF3;HBEGF;MATN2;CFD;ADH1B;NDUFB4;LAMA3;PTN;PTGS2;HDAC9;C7;WIF1;ABI3BP;HSD17B2;GPC3;SH3BP4;EGR1;EGR2;JUN;NLGN4X;OSM;ABCA8;S100B;NR4A2;NR4A1;RALYL;FABP7;MGP;FOSB;PTX3;SERPINI1;FGF13;BMPR1B;EZH1",0,0
"350","candesartan rattus norvegicus gpl85 gse2739 chdir up","19/49",0.000217201879191875,0.000433162604788368,0,0,2.29440888781548,19.3526123708329,"HSPA8;JUN;CD81;GSTP1;ATP1A1;ATP1B1;EEF2;CLU;APH1A;CST3;QDPR;TF;TUBA1A;RPS16;RGCC;CA2;PSAT1;MAL;PTGDS",5.26315789473684,1
"351","troglitazone rattus norvegicus gpl341 liver gds3850 chdir up","33/106",0.000220610503478569,0.000438706927145417,0,0,1.84213464329575,15.5091375844921,"CRP;ALAS1;RETSAT;INSIG1;CFI;PZP;ABCB11;HSD17B11;CLU;SULT1A1;HSD11B1;MT2A;PGRMC1;SULT1E1;ASL;RPS2;HSPA8;CYB5A;CPT1A;HSP90AA1;GOT1;RPS5;TMEM176B;SORD;RNASE4;ASS1;POR;IFI27;CPS1;ACOX1;CYP1A2;CAT;CYP2E1",3.03030303030303,1
"352","olanzapine rattus norvegicus gpl1355 gse2547 chdir down","38/128",0.00023085292361331,0.000457770854210484,0,0,1.75665680473373,14.7097693367352,"CYFIP2;SNAP25;COX7B;RASL11B;INSIG1;NDUFB4;COX7A2;PTN;RPL7;NRGN;UCHL1;CDH2;FTH1;NPTN;RPL38;RPL37;SPTBN1;OPCML;GABBR2;YTHDF2;RPS7;WFS1;DUSP1;CSNK1D;OXR1;TPST2;MLLT11;FKBP1A;RPS25;RCN1;SLC9A6;RPS29;RPL27A;CPE;SERINC1;ADNP;FAU;RPL28",2.63157894736842,1
"353","baclofen mus musculus gpl1261 gse17266 chdir up","102/435",0.000250960326232306,0.000496233166317704,0,0,1.38747194450112,11.5024416894894,"SCARB1;CHIC2;CD81;ECI2;CISD1;ABAT;NUCKS1;AHR;CLU;ZFP36;CHCHD2;MPC1;CPT1A;MREG;IGFBP4;IL1R1;SERPINF1;IFRD1;RNASE4;TM4SF4;ATP1B1;RBP4;POR;UQCRC1;TXNIP;CYP2E1;MASP1;ALDH7A1;FKBP5;SAR1B;SHMT2;FOXO3;HIGD1A;FOXO1;SULT1A1;APOM;PRDX1;EIF4EBP1;ASL;CYC1;PCK1;H3F3B;GOT1;DHCR24;MARCH6;CP;HOPX;NFKBIA;GLUD1;ALDH6A1;GCLC;DAP;RNF103;MAFB;BCL6;CPS1;CYP1A2;LCN2;SDC1;ACO1;DHCR7;SERINC3;BTG2;BTG1;HSPB8;TECR;CTSZ;ADK;GYS2;LBP;SLC37A4;TMED7;SUN2;DST;DUSP1;DCXR;BGN;COQ10B;SLC39A14;KLF15;RHOB;SLC25A15;ACOX1;CAT;ATP6V0C;LUC7L2;ARF6;GRN;CEBPB;CEBPD;GSTP1;EI24;SAA4;DDT;SEC24A;GCH1;MBD1;HNRNPAB;PNRC1;ASS1;TM9SF2;PNPLA2",4.90196078431373,5
"354","valproic acid mus musculus gpl6885 gse41020 chdir down","55/207",0.000287980375742033,0.000567825712621296,0,0,1.57219220764371,12.8174828372753,"EIF4A1;MS4A3;TFRC;WDR4;HP;MPL;NENF;MPO;LGALS3;LSM12;PSTPIP1;PHGDH;PGLYRP1;CAMP;CCT3;CD53;CPA3;IFNAR2;SRGN;ACOT7;ECH1;RHOG;NME4;PPP2R5C;SFPQ;VDAC3;UFC1;PLCB2;PPIC;LTF;KHDRBS1;MVP;TYMS;HSPBP1;ADH5;PSMB10;PPCS;DDRGK1;RPS3;ABCF2;MPDU1;XRCC6;NQO2;NAA10;IDH3G;WDR18;PPP1CA;SLC25A38;UCK2;PSMC5;KBTBD2;HNRNPA2B1;LCN2;CHMP2A;VIM",1.81818181818182,1
"355","prednisolone mus musculus gpl1261 gse21048 chdir up","52/194",0.000330347889465454,0.00064952908970954,0,0,1.58604282315623,12.7127109409866,"IFITM3;ORM1;RPL34;RPLP1;RPLP0;ADK;SERPINA6;COMT;RPL10A;RPL9;CLU;RPL7;EEF1B2;ALAD;LASP1;RPL35;RPL37;RPS11;B2M;RPS12;RPS7;RPS8;RPL13A;RNASE4;RPS3A;CAT;RPL26;FBP1;HIST1H2BC;NDUFB6;GSTP1;INSIG1;COX7A2;COX5B;AGPAT2;SULT1A1;SELENBP1;DDT;PRDX1;RPL13;APOE;RPL15;RPS2;RPL18;RPS27A;GC;QDPR;FABP5;GSTA3;RPL27A;APOC1;PDCD4",1.92307692307692,1
"356","doxorubicin homo sapiens gpl550 gds846 chdir up","160/737",0.000338844592495206,0.000664363835847343,0,0,1.28459370709658,10.2638638779152,"CYFIP2;CCNK;SERPINE2;PARK7;IFI30;LIPA;IFIT3;SCAMP5;CDH6;APMAP;CCND1;CPNE1;ARL6IP5;PXDC1;PIP4K2C;SEC62;TRIM22;AGFG1;RPS12;IK;KRT4;RPS6;UBE4A;CASK;RNASE4;VRK1;TM4SF1;C12ORF10;PREPL;VDAC3;SUCLG1;FKBP9;FAM8A1;EIF1B;ASF1A;S100A8;ATP6V1A;TSG101;PSMD14;PEX11B;SEL1L;STK39;HIGD1A;NDRG1;SCFD1;RHOT1;CLCA2;SNX7;NADK;SNX5;MPDU1;ABCA1;FZD5;CEP350;EAF2;MTHFS;INHBB;NR2F2;PRDX6;FIBP;EXT2;RNF103;SCCPDH;AKR1B10;FXYD3;LPAR6;SP3;CHMP2B;HNRNPD;TPP1;ALPI;DHX29;ALDH18A1;PAM;EZH1;ZCCHC2;BCL2L1;BTG3;COX7B;DOCK4;BTG1;CTSZ;PIK3C2G;PCTP;IDE;PTPRK;SLC7A11;CLINT1;EPB41L4B;SCML2;RNPEP;SDF4;CEP170;NANS;CAMP;USP46;CBR1;ZHX2;EDN2;DST;PABPC4;SSR3;TFE3;PAX6;C6ORF62;WIPI1;RPS3A;NAV2;MED27;REXO2;QRSL1;HIST2H2BE;RHOB;DUSP22;CLDN11;ACTA2;MTF1;IL1B;PIGL;PIGG;ERGIC2;ASAH1;SEC23A;KDM3A;GUCY2D;GLRX;ASAP2;CLCN3;AP3M2;PDLIM1;CYTH2;NCLN;RAB40C;OXCT1;UCP3;LEPROTL1;RPL15;POLR2H;RPL17;SEC23B;SEC11A;KCNJ5;YTHDF1;CRBN;GAD1;AKR1C1;TSHR;TM9SF2;SLC25A38;GALC;NFIB;ESF1;CD9;SPRY2;STUB1;CIAPIN1;ATP13A3;SCLY;TAF4;C11ORF58",4.375,7
"357","calcitriol homo sapiens gpl570 gse35925 chdir down","41/144",0.000356935666043577,0.000697874215401728,0,0,1.68474687705457,13.3734448957501,"LRPAP1;LRRC15;PDXK;COL11A1;AGAP1;KRT23;PLAT;TNFRSF11B;ZC3HAV1;AQP3;CLDN1;RAB22A;SCIN;PLAU;FLRT3;SCGB1D2;PMEPA1;SPOCK1;PROM1;EDIL3;SERPINB2;S100A2;MUC16;FST;GAD1;GREB1;MICAL2;INHBB;INHBA;SULF1;SERPINB5;PSG9;CYP2A6;PSG4;BANK1;CEACAM6;CEACAM5;KCNS3;TFF1;FAR2;SPRR1A",4.8780487804878,2
"358","cyclophosphamide mus musculus gpl13209 gds4003 chdir down","34/114",0.000436818411395407,0.000851673885905012,0,0,1.76476694695318,13.6522247196567,"NDUFB4;BCCIP;NDUFB2;F13A1;HMGB3;RNF6;PARK7;SLC1A5;PSMB10;CNN3;VPREB3;PLAC8;RPS14;C1GALT1C1;PRDX4;FCHO1;DDT;CYC1;NDUFV2;RPS27A;RPL39;ZBTB18;COX8A;NDUFA5;RPL13A;NDUFC2;COX6B1;GULP1;MED28;DPM3;SPCS1;EIF3K;ACO1;CKLF",0,0
"359","pioglitazone rattus norvegicus gpl341 liver gds3850 chdir up","31/101",0.000444181648866118,0.000863617801973677,0,0,1.81615794715566,14.0194261974368,"CRP;PIGR;CFI;PZP;HSD17B11;CLU;HSD17B2;ASL;RPS2;PCK1;HSPA8;PHYH;CPT1A;GOT1;EDEM1;ECH1;TMEM176A;SORD;RNASE4;TM4SF4;CP;GLUD1;POR;IFI27;CPS1;RPS29;ACOX1;CYP1A2;CAT;FETUB;CYP2E1",3.2258064516129,1
"360","isoflurane rattus norvegicus gpl341 control gds2037 chdir down","16/40",0.000446441272621905,0.000865600023028026,0,0,2.36686390532544,18.2584679161674,"RPL41;ATP6V0E1;CADM1;WFS1;RPS15;MT2A;GJA1;CAMK2N1;MAP1B;PGK1;RPL14;FAU;RPS11;CRYM;NPTXR;OPCML",6.25,1
"361","amoxicillin rattus norvegicus gpl341 proximal small intestine gds1273 chdir up","32/106",0.000501701742768227,0.000970049353053248,0,0,1.78631238137769,13.5715168074209,"SLC25A3;RPL3;SPARC;NDUFB4;ACTG2;MYLK;PLAC8;CST3;FCGRT;FTH1;HMGCS2;CD36;B2M;CLCA4;CDR2;S100A10;H3F3B;RPL23;TM4SF4;SERPINB6;PSMA6;DES;SYPL1;RPS29;MEP1A;GLB1;TFF3;DNASE1;FAU;CDH17;VCL;EIF4G2",0,0
"362","dexamethasone homo sapiens gpl570 gse37474 chdir up","61/240",0.000502181175031911,0.000968294088873685,0,0,1.50394477317554,11.424791060495,"CITED1;PMCH;PLAT;ESM1;LBH;DPYSL3;CTSG;IL13RA2;PHLDA1;EDIL3;ADAMTS6;CPA3;DUSP2;RSAD2;PAQR5;IGFBP3;FST;MMP9;SFRP4;CH25H;IL1B;CHI3L1;MXRA5;PTGES;HLA-DQB1;LRRC15;CRABP2;BCL2A1;TNFRSF11B;PTGS2;PTHLH;PTGS1;NT5E;CCL7;WIF1;ABI3BP;STAT4;HAS2;CCL2;PI3;CCL18;EGR1;EGR2;JUN;CADM1;TNFSF15;PLK2;LIF;VEGFC;PRG4;ISG15;PPBP;INHBA;EXT1;BST2;NR4A2;MFHAS1;IL6;MGP;PDE3A;BMPR1B",1.63934426229508,1
"363","prednisolone homo sapiens gpl570 gse32962 chdir down","179/845",0.00055368930207589,0.00106466978746273,0,0,1.25345751199188,9.3995611292736,"GALNT12;STEAP3;CISD1;IL5RA;MT1X;IFI30;FNBP1L;MPO;SCAMP5;LAPTM4B;LGALS3;MT2A;LGALS1;CCND2;FAM162A;ANPEP;CREB3L1;MYC;FTH1;NAMPT;PHLDA1;TNS3;IFNAR2;TLE1;ATP6V0E1;S100A2;FST;FNDC3B;KRT7;RNASE3;RNASE2;WDR78;RAB31;SCO2;FSCN1;UTS2;MT1G;MT1H;TRIB3;GEMIN6;KCTD12;S100A9;S100A8;IDO1;RABL6;MT1E;PFKFB2;CFD;NOTCH2;DLX2;CHRNA3;ARHGEF26;RRAD;MGST3;PDGFA;SLC1A3;NEDD4L;SLC38A10;CD1E;AK4;GATA3;CD1D;CD1C;SEL1L3;PRKAR2B;S100A12;CD14;PCK1;NADK;ELANE;S100A10;BANP;CNTN5;DEFA4;AZU1;PPBP;LYZ;ADAP1;POU2F2;QDPR;MAFB;GNAQ;DMXL2;PLEKHM1;LRCH4;CD24;GCLM;FARSA;PAM;SPRR1A;CNIH4;C5ORF30;ITGB1;RERE;GPI;CPM;ALAS1;MS4A3;MCTP1;CTSZ;TNFAIP2;SNX11;PYGL;MRPL35;NRGN;MRPL41;AKAP12;TMEM100;PSTPIP2;ENOSF1;PMEPA1;ITGB7;QSOX1;CTSG;MAN1A1;CEP170;UPP1;CD36;TNPO1;SRGN;DUSP5;CBR1;SERPINB2;ANXA2;ARG1;VPS37C;PLAUR;TBC1D9;NDUFC1;BAZ1A;MMP8;SLC39A14;F3;ENAH;EEF1G;VCAN;RCN1;TUBB2A;TFDP1;PKM;SLCO4A1;DAD1;IL1B;TMBIM1;BPI;CEACAM8;SMPDL3A;LTF;KANK2;C1QA;RBM47;CEBPB;PDXK;BCL2A1;CEBPD;RETN;PTGS2;COX5B;LILRA3;MUC1;NCLN;GPNMB;GPC3;HES1;TBL1X;EGLN1;SEC24A;CDKN2C;OSM;MPP6;MARCKS;DES;PSAT1;ZYX;S100P;PTX3;GPD1L;RECK;MSRB1",2.23463687150838,4
"364","tamoxifen homo sapiens gpl3921 gse33366 chdir up","129/583",0.000563243119388949,0.00108006510256452,0,0,1.30928577953251,9.79581329085483,"EIF4A1;ABAT;CALML4;EPRS;SMC3;NR3C1;PWP1;LGALS1;CCND1;PEG10;NFATC2IP;PIP4K2A;NRCAM;NBN;SOX9;SKP2;TMPO;SEC63;SRRM2;TIPIN;MREG;TPM4;IGFBP4;LIG3;TM4SF1;GEM;CDC25B;PRPF4;PCP4;RAB31;MAPKAPK3;HIST1H2BF;HIST1H2BE;HIST1H2BH;NUPR1;FKBP4;RPP25;ASF1A;ANKRD36B;HIST1H2BD;S100A7;ABCG2;NXPH3;IGSF1;CRABP1;SLC1A4;GATA3;PRKAR2B;ISOC1;HIST1H3H;HIST1H3B;CDR2;SRPK2;CBX5;CADM1;FUS;GREB1;H2BFS;DHFR;CYP26A1;UCK2;DNMBP;NMU;MDM2;PIR;GNAS;HIST1H4H;OGT;EIF4G1;FKBP11;CLIC4;CDKN1B;FASTKD1;HSPB8;SNX10;KIAA0100;SERPINA5;LMNB1;SGCE;COIL;EFHD1;MYBL2;LRRFIP2;MYBL1;EIF5B;DST;ITPK1;NBPF10;PLAUR;TBC1D9;FOS;MED28;CDC42EP4;NUP50;BLVRB;TOP1;GART;HIST1H2BJ;HIST1H2BI;PRIM1;AMIGO2;HIST1H2BK;CAPG;HMGCR;TYMS;ABLIM1;PDLIM2;TDG;CHN1;FLNB;TBL1X;CA12;GALNT6;SMAGP;MOCOS;SEMA4C;C1GALT1;AP3D1;CDC42BPA;TPD52L1;ASS1;GALC;SPCS3;FABP5;DLC1;MGP;ESF1;SLC25A36;MEGF9",1.55038759689922,2
"365","cyclophosphamide mus musculus gpl13209 gds4005 chdir down","30/98",0.000572081968009305,0.0010940088045767,0,0,1.81137543774906,13.5241425120193,"WDR1;EBI3;AHR;IL2RG;CLU;APPL2;ABCA1;EGLN2;ECH1;ANXA5;TMEM176A;PPBP;ATP1B1;SMARCA2;CP;DCN;RAB32;NFKBIA;CXCL10;RAB31;SOAT1;RASA4;TNIP2;ETHE1;IL1B;PDCD4;ZYX;TXNIP;TPP1;F2RL2",3.33333333333333,1
"366","dipyridamole mus musculus gpl6246 gse43833 chdir up","35/120",0.000573701216627636,0.00109410778471609,0,0,1.7258382642998,12.8806244526208,"PIGR;TRAM1;SLC47A1;CD82;CRIP2;NDRG1;HEY1;ANPEP;FTH1;UCP2;CLCA2;LBP;RPL39;APPL2;SRRM2;PSENEN;RPS6;TBC1D8;COX6B1;DAP;DHRS7;NFIB;FASN;CAT;PDCD4;TXNIP;ECHDC2;SIK1;MANSC1;TMBIM6;SPRR1A;SIDT2;GNE;GRINA;PNPLA2",0,0
"367","dexamethasone rattus norvegicus gpl1355 gds3746 chdir up","39/138",0.000575779572840516,0.00109507940556589,0,0,1.67224080267559,12.4745579541006,"CREM;PLAT;HIGD1A;PTGS2;SLC7A1;ETS2;TM9SF3;FAM171A1;BPIFA1;DMBT1;HEY1;CCL7;PRDX1;ST3GAL4;CYP1B1;CCL2;TIMP1;MAPK6;IER5;STRA6;SPAG9;HSP90AA1;SEC24A;ARG1;RPS6;ATP11B;SOD2;COQ10B;DCN;NR4A2;CXCL10;CLDN10;IL6;MDFIC;MGP;PDCD4;COL4A5;TCEA1;TOP1",2.56410256410256,1
"368","titanium dioxide mus musculus gpl1261 pregnant gds2878 chdir down","24/73",0.000637170209880325,0.00120854566982736,0,0,1.94536759341817,14.3149363364608,"CFD;HSPA8;SPARC;GSN;RPS7;CEBPD;ANXA5;RPL36A;AGER;TMEM100;BPIFA1;RGCC;CSRP1;RPS29;UCP2;MGP;EIF4H;CHI3L1;TXNIP;RPS20;VIM;TMSB10;SPTBN1;RPS24",4.16666666666667,1
"369","disulfiram homo sapiens gpl14550 gse42318 chdir down","10/20",0.000666335642762943,0.00126043977953532,0,0,2.9585798816568,21.6382161131971,"MT2A;TUBB2A;GADD45B;TNFRSF12A;H3F3B;FTH1;MT1M;MT1F;ASNS;TRIB3",0,0
"370","amphetamine mus musculus gpl81 gse12387 chdir down","14/34",0.000712408562682554,0.0013439491263579,0,0,2.43647754959972,17.6568092272669,"CEBPB;CEBPD;GDI1;WFS1;PON2;RASGRP2;NRAS;LMAN2;FOSB;TXNIP;FLNB;HOXB2;INSL3;ATF3",14.2857142857143,2
"371","cholecalciferol mus musculus gpl6246 gse41184 chdir up","16/42",0.000843688217744491,0.00158731637731982,0,0,2.25415610030995,15.9543027148435,"RAB2A;HSPA8;CHIC2;IFITM2;ANXA5;DHRS1;CNN3;ACTA2;TUBA1A;LGALS1;FTH1;TIMP3;SPARCL1;LBP;RPL39;S100A10",6.25,1
"372","troglitazone rattus norvegicus gpl341 liver gds3850 chdir down","35/123",0.00093771937841406,0.00175948421003498,0,0,1.68374464809737,11.7391684146265,"COX7B;ORM1;SERPINA1;C1S;CD81;HP;PYGL;SERPINA6;SERPINA4;HPX;APOM;DDT;FTH1;PRDX1;HSD17B2;PGK1;RPL38;GC;CTSB;ST6GAL1;TPI1;ARG1;SERPINF1;UGT2B15;NDUFA1;ACSL5;NDUFC1;FAH;CP;RBP4;TF;FASN;APOC1;P4HB;CFB",0,0
"373","ezetimibe mus musculus gpl2995 gse39813 chdir down","28/92",0.000949536358598787,0.00177688037078272,0,0,1.80087471057371,12.5332537053187,"RPL30;RPLP1;RPLP0;CLU;RPS15;RPS14;TUBA1A;RPL35;RPL38;APOE;RPS27A;JAK3;NDUFA6;GPX4;NDUFA2;SORD;DYNLL1;WDR77;LSM2;RPS26;CARHSP1;RPS27;RPS29;FDX1;LCN2;RPL26;SERINC3;UBA52",0,0
"374","pioglitazone mus musculus gpl81 gse1458 chdir up","30/101",0.00099122762311157,0.00184993818430983,0,0,1.75757220692483,12.1563648011329,"EIF4A2;CD63;SPARC;RPL34;RPLP0;HP;YBX1;RETN;GNAI2;CST3;CAPNS1;FTH1;BSG;B2M;CTSB;HIST1H2AL;NDUFA7;GSN;BGN;CP;RPS26;NPC2;FASN;APOC1;GNAS;SPARCL1;TPP1;RPS24;TPT1;GRINA",3.33333333333333,1
"375","rosiglitazone mus musculus gpl1261 diabetes gds4036 chdir up","23/71",0.00102964645166815,0.00191651526203832,0,0,1.91682640220018,13.1849666712944,"KANK2;USP7;SMARCD2;RPL41;SMAD4;RPS8;CMA1;HP;CXCL13;NDRG1;ETS2;RHOB;RPS15;ACTA2;NFKBIA;KRT19;KLF6;EFHD1;PTGDS;S100A9;CAMP;S100A8;SPTBN1",0,0
"376","tretinoin mus musculus gpl81 gds250 chdir up","19/55",0.00116226857240692,0.00215761559452135,0,0,2.04410973641743,13.8128293532646,"ITGB1;TRAM1;RPL41;KRT4;HTRA1;NREP;ACTG2;COL1A1;COL3A1;TUBA1A;LGALS1;COL1A2;COL4A2;FSCN1;MYH9;TGFBI;B2M;SPRR2B;SPRR1B",5.26315789473684,1
"377","thiamine rattus norvegicus gpl2896 gse19292 chdir up","152/715",0.0012006697695812,0.00222299071397263,0,0,1.25791368394919,8.4593132118936,"ZNF331;EPHB6;DPAGT1;CSF3;ACAA2;GUSBP11;RASL11B;AMHR2;PITPNB;EPRS;IFI30;COMT;CYP46A1;RPL9;LIPA;GOLGA5;TFG;MPC1;RPS18;WWC3;SLC16A3;CPT1A;PHYH;USP6;RPS7;IGFBP3;TM4SF4;KRT76;DPM1;POR;CFDP1;PRPF6;SYPL1;VDAC3;SIK1;MASP2;CYP2E1;ALPK1;NEIL1;PFN1;ATF3;GNE;GPM6A;RETSAT;SAR1B;GSTT2;TWF1;ADH5;CNN3;MAN2A2;PGK1;ZSCAN12;B4GALNT1;PCK1;HOXC6;BANP;OSBPL9;NGFR;AKIRIN1;GOT1;EPHX1;ASNS;ARHGAP29;MARCH6;PRDX6;CIDEC;RPS26;NSFL1C;ALDH6A1;HIST1H4B;MKRN1;ATG2A;MPHOSPH10;TPP1;DEGS1;MANSC1;CDK13;SERINC3;GCLM;LSM14A;HIST1H4F;ITM2C;PIGR;THRB;HEXA;TECR;CTSW;SERPINA6;PHF7;LITAF;CXCL2;UBL3;SLC37A4;SPG11;TAPT1;CCT3;ZHX2;ABCC1;GPX4;DCXR;NSUN3;ELAC1;MMP9;SERPINB5;NSA2;VCAN;IRF3;ACOX1;ESRP1;EAPP;ATP6V0C;HLA-DQB1;PCYOX1;RAB7A;CRP;C1QA;ASAH1;SF3B2;SAA4;NEDD9;DERL2;NEDD8;SLC3A2;LRP2;HMGCR;PTGS2;HSD17B11;COX5B;CLCN3;SELENBP1;CST2;MUC1;DRAM1;SULT1E1;CCL7;HSD17B2;RPL14;CEACAM21;FILIP1L;SEC23B;OPCML;FARP1;CYB5A;NDUFA6;SLC31A1;TMEM176B;AKR1C3;PTPN11;FAH;PSMC4;PSMC2;APOC1",3.94736842105263,6
"378","prednisolone homo sapiens gpl96 gse19143 chdir up","6/9",0.00122236951292681,0.0022571796826003,0,0,3.94477317554241,26.4574519929164,"ANXA2;RPL37A;RPL23A;S100A4;VIM;RPS2",0,0
"379","tamoxifen macaca fascicularis; macaca mulatta gpl3535 gse14518 chdir up","82/354",0.00139724610765518,0.00257329230380821,0,0,1.37064152709524,9.00957222167621,"RERE;CDKN1B;DDX47;PHF1;ARID4B;SPATA20;CLDN1;RPL9;RPL7;LGALS3;MT2A;RGS2;ALCAM;CYP1B1;RPLP2;PLS3;RPS11;SOX4;SRGN;RPS7;DUSP1;H2AFZ;RPL23;RPS5;IGFBP3;RPS6;RNASE4;FOS;DCN;NISCH;TGFBR3;EEF1D;ZC3H11A;NINJ1;PELI1;RPL24;TXNIP;RBMS1;PHIP;SNRPE;RPL26;NUPR1;RPL29;PFDN5;MT1E;ZNF395;C1S;SEMA3C;WBP2;NEDD8;TM2D3;ADH7;THBS2;WIF1;NEU1;CHN1;RPL15;RPL17;IGBP1;CBX7;GSN;CRBN;PLK2;USP22;SEMA4C;NR2F2;ABCA8;INHBA;MEIS2;RPS26;FAP;P4HA1;BCL6;PIK3IP1;RPL27A;SP3;SERINC1;FAU;VIM;RPS21;OGT;TPT1",2.4390243902439,2
"380","pioglitazone mus musculus gpl81 gse1458 chdir down","24/77",0.0014803926285203,0.0027192475123873,0,0,1.84430953661723,12.0165027652626,"HSPA9;PRNP;RPL41;ACAA2;TPI1;ANXA2;RETSAT;NDUFA5;MGST3;NDUFB2;UQCR11;ETFB;HSD17B12;FAH;HSPE1;NDUFS6;RPL27A;PDK4;UQCRC1;NDUFS2;SUCLG1;CYC1;PCK1;CTSD",0,0
"381","irinotecan rattus norvegicus gpl1355 jejunum gds3466 chdir up","50/197",0.00157765422285856,0.00289029566287473,0,0,1.50181719881056,9.68944853908229,"CD83;RASL11B;SOWAHC;TNC;CXCL1;CXCL13;CLU;RGS2;PDK4;CCNL1;IER5;IER2;TGIF1;CR2;DUSP1;IGFBP3;ADIPOQ;DUSP6;GEM;RHOB;GREM1;TXNIP;COL4A5;LCP1;MS4A1;ATF4;FKBP5;BIRC3;CFD;IDI1;CEBPD;CREM;PTGS2;LTBP1;DNAJB1;CCL2;EGR1;JUN;GADD45B;GADD45A;PLK2;PNRC1;KLF2;NET1;NFKBIA;COL3A1;RGCC;BCL6;FABP6;YPEL5",0,0
"382","pioglitazone rattus norvegicus gpl341 skeletal muscle gds3850 chdir up","21/65",0.00173565854259055,0.00317143890766545,0,0,1.91169776968594,12.1514552441581,"RPL41;RETSAT;TNNC1;CNBP;RPL7;COL3A1;RPS16;LGALS1;DES;IFI27;CSDE1;FASN;PMP22;RPL35;CD36;FAU;PCK1;B2M;CRYAB;TPT1;RPS12",4.76190476190476,1
"383","fluocinolone acetonide homo sapiens gpl6480 gse16643 chdir up","29/100",0.00179368678501959,0.00326891220873022,0,0,1.71597633136095,10.8509456512112,"SPARC;RPL3;PLAT;THBS2;RPL9;FHIT;CYB5R3;RPS15A;DPYSL3;CYP1B1;RPS2;IER5;CA12;PRNP;HSP90AA1;IGFBP5;RPL23;NBPF10;EN2;AP3D1;HLA-C;BMP8B;SULF1;TPD52L1;TM4SF1;ASPN;RPS25;VIM;NFE2L1",6.89655172413793,2
"384","troglitazone mus musculus gpl81 gds734 chdir up","29/101",0.00211690010562702,0.00384790696283245,0,0,1.69898646669401,10.4620230690965,"SLC25A1;CEBPB;ACAA2;ARL6IP1;RETSAT;MGST3;HSD17B12;COX5B;FAM162A;BSG;LONP1;PDK4;PGK1;RPS3;RPL13;CYC1;CBR3;HSPA9;RPL41;TPI1;ANXA2;NDUFA5;ITPK1;CIDEC;QDPR;CS;PKM;NPC1;ATF4",3.44827586206897,1
"385","rosiglitazone rattus norvegicus gpl1355 gds3396 chdir up","21/66",0.00214657259074148,0.00389170822944819,0,0,1.88273265196342,11.5672888565845,"CTSA;CLIC4;HSP90AA1;NAT8B;SORD;COMT;GBA3;CNDP2;CST3;PGRMC1;DHRS7;GATM;UBL3;APMAP;PLAU;FTH1;BSG;PROM1;SLC17A3;CTSB;GRINA",4.76190476190476,1
"386","sirolimus rattus norvegicus gpl6247 gse35048 chdir up","114/525",0.00224295715916193,0.00405591734998712,0,0,1.28486897717667,7.8376495245978,"MTCH2;SERPINE2;ARL6IP1;PMCH;TMEM97;CXCL13;IFI30;CLDN1;IFIT3;IFI44L;ACTG2;TBK1;MPC1;AP1S2;ATP6V1E1;PTGDS;TMSB10;PAMR1;PDGFRA;SLC15A1;ADIPOQ;RNASE4;CYBA;POR;RRAGC;IFI27;SUB1;RBP1;S100A4;SUCLG1;TMEM126B;CYP2E1;NUPR1;RPP25;FKBP3;EIF1B;HIST1H2BC;RETSAT;MAOB;INSIG1;HTRA1;MGST2;COX7A2;NREP;PRDX4;INPP5F;STAP1;NCKAP1L;ASL;APOE;STRA6;SNX6;CTSA;CRTAP;TEX30;FUCA1;PHF11;IFI44;ISG15;LSM5;IGF2R;ACSF2;MANF;CXCL10;SLC6A8;AKR1B10;FASN;TPP1;SLC26A4;RSL24D1;PIGR;HEXA;PYGL;EFCAB1;SEC61G;DSE;HIST1H1D;CTSH;CD36;CTSB;HTATIP2;CD53;H2AFZ;NME4;MMP9;NIPSNAP1;UGDH;VCAN;AIM2;ATP6V1B2;ITGB3BP;C1QA;PON3;BCL2A1;SEMA3A;NDUFB2;GLRX;USP18;GPNMB;OLFML3;UCP2;GPC3;GABRP;GALNT3;MX1;LAPTM5;NDUFA1;S100B;ASS1;GATM;GLB1;POLR3G;CKLF;PF4",2.63157894736842,3
"387","etanercept homo sapiens gpl570 gse41663 chdir down","20/62",0.00225627775469617,0.00406946220356054,0,0,1.90876121397213,11.6320649641312,"SET;RPL12;SLC2A1;TCHH;RPL36A;WBP1L;RPL23A;PTPRK;PRDX6;SFPQ;EBP;GM2A;CTTN;COL5A1;FABP7;RPL37A;CHI3L1;LRRFIP2;UBA52;RBM6",0,0
"388","methylprednisolone rattus norvegicus gpl85 gds253 chdir up","23/75",0.00232945706517266,0.00419062121518175,0,0,1.81459566074951,11.0002967518209,"PIGR;ORM1;CPT1A;SERPINA1;ACAA2;GPX4;PZP;ECH1;EPHX1;HP;HSD17B4;GSTT2;CLU;LIPA;HPX;MT2A;TF;AKR7A3;MPC1;ACOX1;RPL27A;UQCRFS1;APOE",0,0
"389","candesartan rattus norvegicus gpl341 gse4206 chdir up","18/54",0.00244696018694484,0.00439068948711439,0,0,1.9723865877712,11.8597806011897,"RTN3;EGR1;HSP90AA1;JUN;SLC12A5;STXBP1;FAIM2;FOS;SLC6A1;MT3;NRGN;SDCBP;PCSK1N;PKM;SERINC1;APOE;INA;SCN1B",0,0
"390","everolimus mus musculus gpl6885 gse37129 chdir down","29/102",0.00248877975971796,0.00445427762123882,0,0,1.68232973662838,10.087186425563,"NRN1;GSTP1;KRT23;CXCL1;RRBP1;SERPINA6;HSD17B11;CLU;WFDC2;SELENBP1;LGALS3;HPX;GPNMB;GPC3;HABP2;CTSB;EGR1;ANXA2;SERPINF1;LAPTM5;RNASE4;FAH;ASS1;CPS1;PRKD3;CYP1A2;DNAJC10;TXNIP;FERMT2",0,0
"391","fluorouracil mus musculus gds771 chdir down","17/50",0.00251752137191321,0.00449419416264814,0,0,2.01183431952663,12.0397831419113,"HSPA8;RBM14;RPL41;RPLP0;RPL23A;YBX1;RPL8;DYNLL1;TAPBP;RPS26;NRAS;RPS19;RPL13;RABAC1;RPL18;B2M;NOP10",0,0
"392","candesartan rattus norvegicus gpl85 gds2070 chdir up","17/50",0.00251752137191321,0.00448272938162097,0,0,2.01183431952663,12.0397831419113,"HSPA8;JUN;CD81;GSTP1;ATP1B1;EEF2;CLU;APH1A;CST3;QDPR;TUBA1A;RPS16;CA2;SNRNP70;PSAT1;MAL;PTGDS",5.88235294117647,1
"393","fluorouracil mus musculus gpl81  gds771 chdir down","17/50",0.00251752137191321,0.00447132294553542,0,0,2.01183431952663,12.0397831419113,"HSPA8;RBM14;RPL41;RPLP0;RPL23A;YBX1;RPL8;DYNLL1;TAPBP;RPS26;NRAS;RPS19;RPL13;RABAC1;RPL18;B2M;NOP10",0,0
"394","candesartan rattus norvegicus gpl341 gse4206 chdir down","16/46",0.00256234245466364,0.00453937825724675,0,0,2.05814252636995,12.280593604352,"COX8A;NCKAP1;PRNP;RPL30;RPS8;PMCH;ATP2B1;ATP1B1;RPL9;RPS15A;RPS27;RPS29;GNAS;RPS11;RPS27A;PTGDS",6.25,1
"395","levetiracetam rattus norvegicus gpl1355 hippocampus gds1864 chdir up","85/378",0.0028398373414857,0.00501824421356207,0,0,1.33057825365518,7.80252219277402,"ARF3;NCKAP1;RPL30;COX7B;DGKB;AMD1;HNRNPU;ZBTB20;HMGB1;PCMTD2;EEF1B2;RPS14;GJA1;PPP3CB;RPS16;ALCAM;DPYSL2;ENC1;RPL35;NRCAM;PTGDS;SEC62;TMED7;CTSD;NSF;RNF44;MAP2K1;HSP90AA1;TSPYL1;RPL21;RPS7;RPL13A;ATP1B1;DUSP6;PTBP2;TUBB2A;VSNL1;MAP1B;CHST1;RPL26;IL6ST;LY6H;ATP6V0C;ATP6V1A;GPM6A;RTN3;VCP;SEC23A;RETSAT;NDUFB4;RPN1;SEL1L;COX7A2;PTN;CLCN3;TM9SF3;GNG10;RPS15A;TNKS2;CHN1;PGK1;SC5D;RPS27A;RPL17;EPS15;SPTBN1;GABBR2;HSPA8;YTHDF2;CADM1;PLK2;SORBS2;ARPC4;ATP2B1;PUM1;MARCH6;HSPE1;OXR1;SORL1;KLHL9;RPS25;RPS20;SERINC1;FGF13;RPS21",3.52941176470588,3
"396","cyclophosphamide mus musculus gpl13209 gse27422 chdir up","29/103",0.0029150461443063,0.00513813689072171,0,0,1.66599643821451,9.72587000926488,"RPL4;GYPA;MGST3;RPL12;EBI3;TECR;ITPR1;NDUFB2;UBE2L6;PRCP;GLRX;RHD;RPS14;LGALS1;HIST1H3A;SEC61G;TMED3;SDF2L1;H2AFZ;RPS6;MAGOHB;RAB32;VCAN;RAB31;RPS27;ETHE1;NAAA;GID8;SMPDL3A",0,0
"397","fluorouracil homo sapiens gpl550 hme-cc gds1627 chdir up","18/56",0.0038240529612244,0.00672339790159858,0,0,1.90194420963652,10.5870667598831,"MCFD2;ACD;CRTAP;SLC35F2;H2AFZ;FUS;STX18;ASNS;HMGB1;CDC25B;TUBA1A;TUBB2A;SCCPDH;WT1;PXMP2;PIEZO1;NPTXR;PFN1",5.55555555555556,1
"398","isotretinoin homo sapiens gpl8300 gds3215 chdir up","39/153",0.00447210114007376,0.00784303164766704,0,0,1.50829562594268,8.1597238719299,"SNAP25;COX7B;PRKDC;PROS1;PON2;PMCH;GCNT1;DDX21;LMNB1;COIL;GJA1;RGS2;LGALS1;CSRP2;AIFM1;GPA33;MYC;PDK4;EDIL3;S100A10;ABCC4;PTPN18;S100A2;UNC5C;NFATC1;ABCA8;DHFR;GLUD1;GLUD2;CFDP1;FABP5;KRT14;REL;COL4A5;GAS1;EIF3E;VIM;SMPDL3A;FKBP5",2.56410256410256,1
"399","vitamin a rattus norvegicus gpl85 gds238 chdir down","22/75",0.00521228282867309,0.00911822910880656,0,0,1.73570019723866,9.12412006614279,"CRP;RPL21;JUP;H3F3B;RPS8;RPS5;RPL12;TECR;RPLP0;EDF1;RPSA;RPL8;EEF2;PKM;RPS29;TNNT3;PADI3;CD9;RPL29;PFN1;RPL28;GRINA",0,0
"400","pioglitazone mus musculus gpl6246 gse37534 chdir up","22/75",0.00521228282867309,0.00909543353603454,0,0,1.73570019723866,9.12412006614279,"SRGN;SRRM2;BTF3;RPL3;RPL21;TPM4;ROCK1;CRBN;RPS5;RPLP0;LAPTM5;ATP11B;RPL10A;IL2RG;EEF2;SOCS2;PIM1;STAT4;FXYD5;SERINC3;RPL39;SIDT2",0,0
"401","decitabine homo sapiens gpl96 melanoma gds3012 chdir up","16/49",0.00523349779247678,0.00910967944924886,0,0,1.93213380026567,10.1488717410471,"HSPA8;RANBP1;TFRC;H2AFZ;PLOD3;RPL13A;KRT7;PLAT;HMGB1;PHB2;HNRNPAB;SFPQ;TIMP3;VIM;PFN1;RPS27A",6.25,1
"402","diethylstilbestrol rattus norvegicus gpl1355 copenhagen gds2913 chdir up","15/45",0.00544903719540878,0.00946126358804809,0,0,1.9723865877712,10.2807028546476,"ANXA2;TUSC3;CETN2;SRP14;CLU;SORL1;DCN;PSMA6;PCSK1N;TMX4;PCP4;PRDX1;PSMB1;PSME1;PSME2",0,0
"403","estradiol homo sapiens gpl570 gds3315 chdir up","23/80",0.00569570177622616,0.00986501200944382,0,0,1.70118343195266,8.79178991477328,"PTGER4;ABCA1;BTG2;CDKN2B;ACAA2;PSCA;MME;IGFBP3;TNFRSF11B;L1CAM;HIST2H2BE;DHRS3;LIMA1;NT5E;MYO1B;UPK1A;CDK6;CCNG2;SCNN1A;SNAI2;TNS3;TRIB2;ST3GAL1",0,0
"404","etanercept homo sapiens gpl570 gse41663 chdir up","17/54",0.00615377211765456,0.0106320122230764,0,0,1.86280955511725,9.48298603509709,"EGR1;IFITM2;ADH1B;ADIPOQ;SLC6A14;RNASE4;AQP3;ZFP36;COL3A1;GATM;KRT17;KRT16;PDK4;NPTN;CD36;CCL18;S100A9",0,0
"405","vitamin a rattus norvegicus gpl85 gse3420 chdir down","11/30",0.00746008170412992,0.0128571284678585,0,0,2.16962524654832,10.6272343269886,"RPS4X;FKBP1A;HSPA8;TAGLN;RPS16;COL5A1;PABPC4;RPLP0;GNAS;RPL8;UBA52",9.09090909090909,1
"406","sirolimus mus musculus gpl1261 gse21755 chdir down","221/1128",0.00806264061014508,0.0138613870588209,0,0,1.15930169121658,5.58843021473701,"TFRC;PITPNB;CISD1;ABAT;TMEM97;IFI30;PWP2;EPS8;C1GALT1C1;BPIFA1;NAMPT;RCC1;PIP4K2A;PIP4K2C;SOX9;ATP6V1E1;SKP2;PDK1;TIPIN;IFRD1;SLC11A2;UNC5C;ACSL3;WDR77;RUFY1;SLC5A6;RRAGC;ARMC6;PSME3;TRIB3;KDELR3;EIF1B;ATF3;CDC42SE1;CUTA;NRN1;CRABP2;CSTF2;PIK3R3;NMD3;MRPL12;PRKAR2B;PPCS;FLRT3;PRKAR2A;STC2;NEU1;ATP6V1C1;CDR2;NAA50;SRPK2;GADD45B;TIPARP;GADD45A;FAM136A;MANF;MLLT11;TBL2;FASN;MPHOSPH10;FARSA;CDKN1B;SLC7A11;MAGT1;PEPD;PFAS;WDR43;XPO1;NKRF;RARS;MLX;ANKRD1;UTP14A;NDEL1;ELOVL1;SEC13;ATP6V0B;FOXD1;TNFRSF12A;ACTL6A;MRPL49;AEN;BAZ1A;DYNLL1;MED27;UCHL3;COQ10B;MED28;EEF1E1;ATP6V0C;NAPA;SLC20A1;LRRC17;NOL9;SLC7A1;TANK;AKAP1;PPP1R8;HAS2;SC5D;CHML;BID;EMC7;EGLN3;NQO2;GCH1;SLC31A1;YIPF5;AP3D1;LHFPL2;ELP6;BYSL;TAOK3;OSTM1;ABI1;TSR1;CIAPIN1;LAMTOR3;MPHOSPH8;MTCH2;STEAP3;PLOD2;ETS2;RGS2;CCND2;PLAU;RBMX2;FAM162A;PIM2;SLC16A3;TOR3A;SLC38A1;MAP2K1;MREG;TLE1;IGFBP5;ACOT13;GEM;CCNB1IP1;RAB31;TMX2;MASP1;NUPR1;RPP25;FKBP4;CARS2;RAI14;PFKFB2;ATP6V1A;IDI1;TXNDC9;MAX;NOP2;CREM;DAPP1;UAP1;SLC1A4;AK4;HIGD1A;DTX4;NDRG1;RLF;ATP6V1H;IVNS1ABP;AKIRIN1;GOT1;M6PR;GULP1;P4HA1;SP4;RFXAP;MDM2;DHCR7;NFE2L1;EIF4G1;SOWAHC;AMD1;WDR4;SLC2A1;CXCL2;HK1;DUSP11;PSTPIP1;MFSD1;MYBL2;CEP170;IDH3A;DESI2;QRSL1;UTP18;GREM1;SLC25A15;DNAJC2;NPC1;ACOX1;NUP50;CRY1;DDX21;HMGCR;CLCN3;TOB2;SRM;RMND5B;HMGCL;DNAJB1;LRIG1;ABCF2;MAPK6;EIF4E;SEC23B;SEC24A;GALC;RPIA;GALE;PFKL;PSAT1;POLR3G;GLA;CKLF;PFKP;FAM50A",5.88235294117647,13
"407","carboplatin homo sapiens gpl570 gse13525 chdir up","47/198",0.00830351031234228,0.0142404181769408,0,0,1.40457832765525,6.72944281412886,"PPP1R15A;ZNF473;WDR26;PRIM1;TNFAIP3;HSPA14;CXCL3;SAT1;CXCL2;RND3;PPCDC;AP3M2;MYC;STC2;CHST15;PHLDA1;MYBL1;PCK2;STRA6;MBD4;JUN;JAG1;GADD45B;GADD45A;DUSP1;IFRD1;RPA2;SARS;ASNS;INHBA;KLF4;SOD2;GEM;RHOB;PDP1;KLF6;PSAT1;IRF1;TXNIP;SNAI2;TRIB3;PHIP;PTX3;NFKBIE;ATF3;HBEGF;BIRC3",4.25531914893617,2
"408","vorinostat homo sapiens gpl6947 gse41504 chdir up","117/563",0.00858167847490009,0.0146814009202948,0,0,1.22967618527121,5.85095393134643,"EPHB6;SCARB1;SERPINE2;SPINT2;IFI44L;ACTG2;HERC5;LAPTM4B;MT2A;RGS2;ALCAM;LGALS1;FGF9;DPYSL2;PPP4R4;RPS6KA2;AP1S1;MAP3K8;HIST1H2AG;IER5;CPA3;CXADR;RNASE4;RNASE2;CCNB1IP1;TRIB3;KCTD12;HIST1H2BD;RAI14;RTN3;ISYNA1;RHOBTB3;ITPR1;TXN;CORO1B;CNN3;PCSK1N;RRAS;MICAL1;TSPAN4;GSE1;JUN;H3F3B;GADD45A;EAF2;PTK2;MLLT11;EFNA1;EHD4;CDK6;BCL6;SERPINI1;PLCH2;RGL1;PAM;ADA;ITM2C;HIST2H2AA3;BTG3;CLIC4;ACADVL;MS4A3;CHD7;TNFAIP3;CXCL3;PIK3C2B;SGCE;SCPEP1;ING2;IMPA2;CYP2R1;FCER1A;ADAMTS6;CCR3;HIST1H1C;VAV3;SRGN;CR2;PLAUR;RHOC;DUSP9;F5;PJA1;GCHFR;ACTA2;OAS1;CDC42EP4;MS4A2;PAFAH1B3;DBN1;C1QB;PTGER4;GRN;PRCP;CRIP2;LIMA1;EXTL2;HLA-DMA;RXRA;CAMK2N1;NT5M;RABAC1;CTNNAL1;GDF11;PPP1R14B;CDKN2C;SLC50A1;FAH;KLK11;LRRC20;FABP5;TMEM159;PPP2R2B;CHPT1;PTPN7;RECK;PFKP",0.854700854700855,1
"409","pioglitazone mus musculus gpl6246 gse37533 chdir down","12/35",0.0096720554632135,0.0165063440423546,0,0,2.02874049027895,9.41034204147304,"EIF4A1;HSP90AA1;LGALS1;TPI1;PKM;CD82;RPS18;PGK1;RPS3;RPS2;RPL9;HSP90B1",0,0
"410","oxandrolone homo sapiens gpl97 gds1334 chdir down","25/93",0.0102089378568934,0.0173800942051502,0,0,1.59063434497678,7.29224992349726,"RPL4;RPL30;RPL34;RPL12;PTEN;RPL10A;RPL9;FBXO40;RPS16;PDK4;RPL35;ANKRD10;CD36;RPL37;RPS11;RPL18;RPL17;EGLN1;NBPF10;RPS3A;EEF2;STUB1;EIF3F;RPL28;EIF3D",0,0
"411","isoflurane rattus norvegicus gpl341 control gds2037 chdir up","26/98",0.0106550807758592,0.0180954899794398,0,0,1.56985871271586,7.12985625185516,"NCKAP1;RPL30;RPN1;PTN;SRP14;TRAK2;BASP1;PTGDS;SPTAN1;SPTBN1;NSF;SRPK2;COX8A;HSP90AA1;DMTN;TMA7;SDHC;ATP1B1;TUBB2A;FABP7;GNAS;UBA3;SPARCL1;CPE;DYNLRB1;ATP6V0C",3.84615384615385,1
"412","olanzapine rattus norvegicus gpl1355 gds2608 chdir up","51/221",0.0108119761556041,0.0183173770791546,0,0,1.36549840691853,6.18174900673791,"CYFIP2;SNAP25;COX7B;RASL11B;NDUFA10;RPL7;UCHL1;CDH2;DPYSL2;FTH1;NPTN;RPL38;RPL37;TPI1;RPS7;DUSP1;CSNK1D;MED28;TPST2;RCN1;SLC9A6;ACOX1;MAP1B;RAPGEF2;ADNP;RPL28;GPM6A;INSIG1;NDUFB4;SLC1A3;COX7A2;PTN;RSU1;AAR2;SPTBN1;OPCML;GABBR2;PRNP;YTHDF2;WFS1;SMARCA2;WDR13;OXR1;MLLT11;RPS25;RPS29;RPL27A;CPE;SERINC1;FAU;PKIG",3.92156862745098,2
"413","rosiglitazone rattus norvegicus gpl1355 gds3396 chdir down","27/103",0.0110579365169643,0.0186887159536104,0,0,1.55110013213075,6.98709631435266,"PIGR;RETSAT;GSTP1;DEFB1;ATP1A1;MUC1;CALB1;CCND1;CA2;CD36;PCK1;SCN1B;OSBPL8;SLC13A3;IGFBP5;CIDEA;RPL23A;ATP1B1;ALDH6A1;BCL6;FABP5;MEP1A;TFF3;RPL26;CYP2E1;CRYAB;PPIC",3.7037037037037,1
"414","methylprednisolone rattus norvegicus gpl341 gds964 chdir down","24/89",0.0112242442152499,0.0189239673001073,0,0,1.59563858785985,7.16390534370418,"SRRM2;CTSA;SLC25A3;CRTAP;DCXR;SLC11A2;SORD;SPINT2;ATP1B1;COX5B;CNDP2;GLUD1;GCLC;CALB1;AKR7A3;PLAU;ANPEP;FTH1;GNAS;UQCRFS1;CYP2E1;FBP1;ATP6V0C;ALDH7A1",4.16666666666667,1
"415","vitamin c mus musculus gpl6246 gse19377 chdir down","34/137",0.0115064788358544,0.0193530656082563,0,0,1.46849220403403,6.5565901117548,"NARF;MCTP1;SEMA3C;DGKB;TUFT1;CHD7;SLC2A1;SEMA3E;PCDH17;ALCAM;CAMK2N1;STC2;SPOCK2;SPOCK3;EFHD1;NRCAM;PRSS3;SLC16A3;EDIL3;PDK1;KCNJ4;IGFBP5;IGFBP3;ANXA10;ASPN;DHRS3;NR4A2;NR4A1;PFKL;P4HA1;P4HA2;FABP7;MARS;TRIB3",2.94117647058824,1
"416","docetaxel homo sapiens gpl570 gse33455 chdir down","29/113",0.0117423881834503,0.0197023724808853,0,0,1.51856312509818,6.74932983254814,"TAGLN;SLC47A1;CITED2;ABAT;NDRG1;NID2;FADS3;MUC1;ANKRD1;HIST1H3H;HTATIP2;HIST1H1C;SMAD4;MBNL2;LIMCH1;IGFBP3;TNNC1;PRAF2;AKR1C1;ZDHHC11;MLLT11;CYP24A1;SLPI;ALPP;SLCO4A1;CCNG2;COL4A5;S100A4;MATN2",0,0
"417","pioglitazone mus musculus gpl6246 gse37533 chdir up","18/62",0.0121474016207781,0.0203330607465303,0,0,1.71788509257492,7.57697268828945,"BTG1;USP3;RPLP0;PRRC2C;RPL10A;EEF2;SOCS2;RPS26;HIST1H3A;RPL27A;ARHGDIB;PIM1;CTLA4;TXNIP;IL6ST;B2M;RPL17;TPT1",0,0
"418","vorinostat homo sapiens gpl6884 gse46703 chdir down","12/36",0.0123230866689539,0.0205777858730378,0,0,1.9723865877712,8.67116530758542,"IFITM3;DAZAP2;CEBPB;RPS27;CEBPD;DUSP1;RPLP1;ARHGDIB;MX1;PI3;B2M;IRF9",0,0
"419","cyclosporine homo sapiens gpl4133 gse25200 chdir down","15/49",0.0128113876447302,0.0213421207064957,0,0,1.81137543774906,7.89292508843983,"USP16;MME;MGST3;CREM;MRPS31;ASNS;TAAR2;CORO1B;MT2A;NECAP2;PKM;TMEM109;SNRPE;PTX3;P4HB",0,0
"420","alitretinoin rattus norvegicus gpl85 lung gds2385 chdir down","17/58",0.0132051167204551,0.0219456463592325,0,0,1.7343399306264,7.50475058159009,"TAGLN;RPL21;RPL12;RPLP0;RPSA;EEF2;RPL9;ACTA2;LGALS1;LCN2;GNAS;TMBIM6;APOE;RPS11;B2M;TMSB10;RPS21",0,0
"421","sorafenib homo sapiens gpl6244 gse35907 chdir down","12/37",0.015496550572203,0.0256926182883555,0,0,1.91907884215577,7.99706602952626,"BEX4;LGALS3BP;ABCC4;RSAD2;CRISP3;ITGA2;OAS3;MX1;PPBP;IFIT3;IFIT2;OASL",0,0
"422","temozolomide homo sapiens gpl10558 gse43452 chdir up","41/175",0.0161257043098502,0.0266723734793258,0,0,1.38630600169062,5.72175723766967,"CYFIP2;ZNF395;NBAS;TAGLN;LXN;PRIM1;PLOD2;UBE2L6;PLOD1;NDRG1;EXTL2;PRDX4;RRAS;SUMO2;STOM;CA9;ADAMTS8;TRIM22;MPDU1;RPL39L;CYB5A;CXADR;IGFBP3;SPAG4;ERAP1;AKR1C3;AEN;MARCH6;TTC17;ACTA2;SPCS3;CARHSP1;SNRNP40;MFAP1;ERCC1;ID1;ADAM9;TXNIP;PLXNB2;SDC1;TMEM45A",9.75609756097561,4
"423","ursodeoxycholic acid mus musculus gpl8321 gds4372 chdir up","14/46",0.0167415242410076,0.0276254939012371,0,0,1.80087471057371,7.36533114219096,"HSP90AA1;TPI1;TFRC;RPS8;DYNLL1;RPL7;PSMB7;KRT19;SLPI;PSMC4;PGK1;AGR2;PFN1;S100A10",0,0
"424","alitretinoin rattus norvegicus gpl85 mammary gland gds2385 chdir down","13/42",0.0179989479900705,0.0296303436251632,0,0,1.83150183150183,7.35795232195976,"RPLP0;RPSA;CLU;CST3;RPS15;COL1A1;TF;RPL27A;FASN;RPS3;RPL15;FAU;RPS11",0,0
"425","cyclophosphamide mus musculus gpl13209 gse27422 chdir down","15/51",0.018628676197965,0.0305948611439519,0,0,1.74034110685694,6.93187113546263,"DHCR24;PPBP;MRPL12;CLU;NRGN;VPREB3;MED25;IL1B;LRIG1;ZYX;CTLA4;TXNIP;F2RL2;HIST1H1C;PF4",0,0
"426","olanzapine rattus norvegicus gds2608 chdir down","42/182",0.0192476791526875,0.0315372771093331,0,0,1.36549840691853,5.39421682614491,"CYFIP2;GPM6A;SNAP25;COX7B;RASL11B;INSIG1;NDUFB4;SLC1A3;COX7A2;PTN;RPL7;UCHL1;CDH2;DPYSL2;FTH1;NPTN;RPL38;RPL37;RSU1;AAR2;SPTBN1;OPCML;GABBR2;TPI1;YTHDF2;RPS7;WFS1;CSNK1D;SMARCA2;OXR1;MLLT11;RPS25;RCN1;SLC9A6;RPS29;MAP1B;RPL27A;CPE;RAPGEF2;SERINC1;ADNP;FAU",4.76190476190476,2
"427","olanzapine rattus norvegicus gpl1355 gse2547 chdir up","38/162",0.0195691976478475,0.0319889928763408,0,0,1.38797574695011,5.46001690792245,"ATP6V1A;NOTCH2;ASAH1;SLC2A1;HMGCR;HSD17B12;SLC7A1;FAM171A1;ALCAM;MAN2A2;NCK2;NDN;NRCAM;PTGDS;IER5;TAPT1;NAA50;SPAG9;EGR1;CPT1A;EGR2;ZHX2;ACOT7;GALNT1;GAD1;FOXN3;PRRC2B;DUSP6;CLDN11;FKBP1A;PCP4;MARCKS;BCL6;RHEB;ARHGEF3;TXNIP;KRAS;RAB7A",10.5263157894737,4
"428","rituximab homo sapiens gpl570 gds3829 chdir up","89/429",0.0205547024686528,0.0335214540259804,0,0,1.22756927490655,4.76869605236805,"IFITM1;SERPINA1;POGK;NUCKS1;PCTP;PRDM1;SOBP;AQP3;YBX3;IFIT2;HERC5;LGALS3;CSRP2;SLK;NAMPT;SLC16A7;HOXA1;TIMP1;INSL3;JAK3;IFNAR2;SRRM2;NSF;CPT1A;TESC;FNDC3B;DUSP6;HIST2H2BE;SERPINB6;RHOB;EML4;ITPKB;PLSCR1;VCAN;TUBB2A;RAB31;IFI27;CTTN;SUB1;MRTO4;IRF7;YME1L1;TRIM58;RBMS1;S100A9;ANKRD36B;CD44;CDC42SE1;GYPC;NOL9;HMGCR;EBP;TPR;S100A12;SH3BP4;STOM;CD14;ZNF148;WASF2;GBP1;S100A10;DYNC1H1;RABGAP1L;CBX5;CEP350;CYP51A1;ERAP1;PHF11;EIF2AK2;IFI44;MICAL2;DHCR24;PPBP;LYZ;PDZK1IP1;MEX3C;KLF7;GATM;KLF6;MDM2;CD9;SPRY2;KRAS;DHCR7;VIM;ZNF652;SLC25A36;ZCCHC2;TJP2",2.24719101123596,2
"429","pioglitazone rattus norvegicus gpl341 liver gds3850 chdir down","30/123",0.021238676055192,0.034556167567655,0,0,1.44320969836917,5.55914477871156,"COX7B;ORM1;SERPINA1;CD81;COX7A2;YBX1;PYGL;ETFB;COMT;RPL9;SERPINA4;RPS14;SULT1E1;FTH1;PRDX1;RPL38;APOE;NDUFV2;GC;G6PD;TPI1;NDUFA6;SERPINF1;UGT2B15;ACSL5;RPS3A;TF;ETHE1;FASN;P4HB",3.33333333333333,1
"430","bortezomib homo sapiens gpl10558 gds4089 chdir up","55/250",0.0213028545151191,0.0345799824454724,0,0,1.30177514792899,5.01042085265891,"POP1;HSPB8;SNX10;RND1;UCHL1;TBK1;NKRF;MYC;LGALS8;IER5;TSPYL2;HSP90AA1;DUSP1;IFRD1;SPATS2;DNTTIP2;AHSA1;AEN;SLC7A5;DNAJC2;BLVRB;FKBP4;ATF3;PPP1R15A;CEBPB;NOTCH1;PSMD14;SLC3A2;SLC7A1;HSPA13;CYB5R1;DNAJB1;STC2;MED31;SERPINH1;B4GALNT1;CAMK2G;DYNC1H1;PRNP;HSPA8;JUN;NQO2;GADD45A;ASNS;HSPE1;MLLT11;GCLC;PSMC4;P4HA2;PSMC2;MPHOSPH10;BLMH;GCLM;GLA;MSRB1",7.27272727272727,4
"431","bleomycin mus musculus gpl1261 gse25640 chdir up","157/802",0.0233873381366521,0.0378755499289632,0,0,1.15834673670852,4.3502412593471,"SCARB1;SERPINE2;SERPINE1;TNC;HDLBP;CXCL13;LIPA;CLU;SCAMP5;TGM1;LGALS3;GJA1;LGALS1;CCND1;BASP1;MYC;NRCAM;SKP2;RSAD2;FST;SLC6A14;WNT5A;FNDC3B;RAB32;CH25H;DOK2;SOAT1;RNF128;COL4A2;COL4A1;FSCN1;MAL;S100A4;KDELR3;ATF3;CFB;PPIC;RAI14;SEMA7A;PIK3R3;TWF1;TNFRSF11B;ADAMTS12;DTX4;NDRG1;PLD3;PLAC8;SOCS3;SDCBP;SGPL1;PRDX4;CLCA2;NCKAP1L;APOE;S100A14;SNX7;ABCA1;CTSA;TFAP2A;EGR2;EGR3;EDEM1;LIF;PRG4;INHBB;ISG15;CP;COL1A1;CXCL10;UCK2;IL6;COL1A2;MAFB;COL5A1;TBXAS1;LCN2;SDC1;CALM3;MAN2B1;TGFBI;SLC26A4;NFKBIE;SPRR1A;ORM1;MCTP1;CTSZ;AMD1;TNFAIP2;SNX10;ITGAE;MSLN;LITAF;RND3;PHEX;LMNB1;CTSK;ENC1;OLR1;PMEPA1;CTSH;TIMP1;GUSB;CTSD;CTSB;TNFRSF12A;ARG1;DDX58;MMP2;SERPINB9;MMP8;SLC39A14;ASPN;GREM1;VCAN;TUBB2B;TFDP2;MCM5;FJX1;CD44;DBN1;MATN2;PAPPA2;C1QB;PTGER4;C1QA;COL15A1;CEBPD;SEMA3A;GCNT1;PRCP;CAPG;GLRX;LRP2;THBS2;MALT1;PTGS1;IL1RL2;CCL7;GPNMB;SPOCK2;HAS2;CCL2;SH2B2;OPCML;LAMB3;LHFPL2;S100B;SULF1;GALC;COL3A1;GATM;PSAT1;AXL;PTX3;FMOD;GLA;CRLF1",1.91082802547771,3
"432","imatinib homo sapiens gpl570 gds4047 chdir up","12/39",0.0236429062367031,0.0382008068361545,0,0,1.82066454255803,6.81782823258192,"TGOLN2;TMEM123;TIA1;ARL6IP1;TIPARP;CEP350;RPS3;RAPGEF2;C6ORF62;N4BP2L2;PRKACB;LIMS1",8.33333333333333,1
"433","tretinoin mus musculus gpl1261 gds4294 chdir up","78/375",0.0269842203875692,0.0434988125416242,0,0,1.23076923076923,4.44615755558606,"CNTFR;STEAP3;CHD7;CALML4;SLC6A1;AQP3;CLGN;ELAVL3;LASP1;ANPEP;PIM1;DPF3;PMEPA1;EFHD1;HOXA1;HOXA5;HOXA4;DUSP5;SLC15A1;KSR1;ITGA3;GFRA1;ATP11B;DUSP9;MMP9;CDC25B;DNM2;POR;TFR2;RBP1;AKAP9;PIGK;PELI1;ALPK3;HOXB2;LETMD1;TRIB2;FBP1;HBEGF;CHRNA5;STXBP1;GREB1L;BARX2;RHD;SEL1L3;SGPL1;NT5E;MUC1;PRDX4;CAMK2N1;SPOCK2;HAS2;ZBTB7C;STRA6;MCL1;USP24;GCH1;HTR1D;CIDEA;PLEKHA5;PBX2;BRAF;INHBB;ATP2B1;POU2F2;MEIS2;DHRS3;CYP26A1;NR6A1;TAOK3;WT1;MKRN1;SNAI1;PMP22;CHPT1;RPS21;CRLF1;EIF4G1",3.84615384615385,3
"434","diethylstilbestrol oncorhynchus mykiss gpl5478 gse8226 chdir down","19/72",0.0278037995503429,0.0447167098758971,0,0,1.56147271531887,5.59410496958299,"PIGR;MRPS16;FAF2;FAIM2;TUFM;HCFC1;GCHFR;PREPL;MYO1B;ATXN1;HIST1H4B;STAG2;FABP5;MAPK1;SDC1;TMBIM6;SERINC3;SLC25A4;UBA52",0,0
"435","progesterone homo sapiens gpl570 gse29437 chdir up","25/101",0.0281193182858352,0.0451201934793402,0,0,1.4646435057707,5.23067908982552,"LGALS3BP;LRRC17;AMIGO2;TNC;TNFRSF11B;CXCL1;IFI44L;CCND2;SCIN;FLRT3;FUT9;CAPN1;SOX9;PROM1;PHLDA1;SOX4;LAMB3;IGFBP3;PLK2;HMGA2;CLDN11;ALDH3A1;GPRC5A;FXYD2;RBP1",0,0
"436","progesterone homo sapiens gpl570 gse29435 chdir up","25/101",0.0281193182858352,0.0450167067970482,0,0,1.4646435057707,5.23067908982552,"LGALS3BP;LRRC17;AMIGO2;TNC;TNFRSF11B;CXCL1;IFI44L;CCND2;SCIN;FLRT3;FUT9;CAPN1;SOX9;PROM1;PHLDA1;SOX4;LAMB3;IGFBP3;PLK2;HMGA2;CLDN11;ALDH3A1;GPRC5A;FXYD2;RBP1",0,0
"437","isotretinoin homo sapiens gpl571 gds3218 chdir down","9/27",0.0285465650762997,0.045596115385028,0,0,1.9723865877712,7.01423799345599,"CPM;TF;SRPX2;MOCOS;TCHH;SORD;SLC16A7;FAR2;HIST1H1C",11.1111111111111,1
"438","pioglitazone rattus norvegicus gpl1355 3 months gds4019 chdir up","14/49",0.0288143523878412,0.0459187624810802,0,0,1.69061707523246,5.9964187137341,"ACTR2;GABRB1;HTRA1;PTPN11;HNRNPAB;RHOB;COPS6;TRIM2;DPYSL2;ATP6V1B2;PLS3;CHST1;RPL37;PTGDS",0,0
"439","valproic acid homo sapiens gpl570 gse14973 chdir up","140/715",0.0306107414412172,0.0486703816081312,0,0,1.15860470890057,4.03936444389481,"ZNF331;FAM89B;KDM1A;IRS1;FHOD1;HERC5;KIAA0930;ALCAM;LGALS1;CCND2;MPC1;RUSC1;BASP1;DPYSL2;PEG10;NAMPT;TRIM24;PIEZO1;LGALS8;CPT1A;TIPIN;KDM2A;WDR78;ATP1B1;TPST2;PREPL;SLC9A6;ETHE1;ADAM9;MXRA7;FKBP4;FAM8A1;ASF1A;VCL;ATP6V1A;C11ORF95;RTN3;IGSF3;ARL3;STXBP1;ITPR1;TXN;PCDH17;CYB5R1;PLXNA1;CDR2;VAT1;ACD;EGR2;SDF2L1;TEX30;H3F3B;GADD45A;PLK2;GFPT1;EAF2;NR4A2;EHD4;P4HA1;DNAJC10;ATG2A;SERPINI1;DHCR7;FKBP11;BTG3;CPM;CLIC4;DOCK4;FKBP14;SOBP;HK1;HS2ST1;SCPEP1;ING2;GM2A;IMPA2;DSE;NPTN;NANS;MYBL1;NKX3-1;IDH3A;DUSP2;CERS6;KSR1;SPATS2;WIPI1;AMPD2;NME4;GLRX2;UCHL3;RHOC;SLC39A14;PJA1;GCHFR;TUBB2A;DALRD3;PKM;NME7;PEX5;DBN1;PCYOX1;PTGER4;MYCBP;TUFT1;CXXC1;GLRX;TOB2;AKAP1;AP3M2;ANKMY2;EXTL2;NT5DC2;LEPROTL1;STOM;FYN;RNF130;CTNNAL1;CAMK2G;EMC9;CDKN2B;CDKN2C;GCH1;GALNT3;SLC31A1;KLF4;OXR1;FIG4;GATM;GALE;NAGK;TSPAN13;FABP5;CCNG2;CDK2AP2;GPD1L;RECK;GLA;NUCB2;MEGF9",5,7
"440","rosiglitazone rattus norvegicus gpl341 skeletal muscle gds3850 chdir down","23/92",0.030699844713775,0.048701117295943,0,0,1.4792899408284,5.15310308074705,"EIF4A2;GPI;SYNM;MYBPC1;SPARC;GSN;TFRC;RPS8;MGST3;PARK7;DCN;TRDN;CS;COL1A1;COL3A1;PKM;COL1A2;NRAP;MGP;NPTN;GNAS;VIM;SCN1B",0,0
